id,obs,action,reward,winner,current_player
0,"[3, 3, 1, 1, 4, 4, 2, 2, 0, 0, 0, 0, 0, 0, 0, 0, 0, 0, 1, 0, 0, 0, 0, 0, 0, 0, 0, 0, 0, 0, 0, 0, 0, 0, 0, 0, 0, 0, 0, 0, 0, 0, 0, 0, 0, 0, 0, 0, 0, 0, 0, 0, 0, 0, 0, 0, 0, 0, 0, 0, 0, 0, 0, 1, 0, 1, 3, 1, 1, 4, 0, 2, 5, 4, 2, 5, 1, 6, 2, 5, 0, 0, 0, 0, 0, 0, 0]",10,0.9889727918669887,-1,0
1,"[2, 2, 1, 1, 4, 4, 2, 2, 0, 0, 0, 0, 0, 0, 0, 0, 0, 0, 1, 0, 0, 0, 0, 0, 0, 0, 0, 0, 0, 0, 0, 0, 0, 0, 0, 0, 0, 0, 0, 0, 0, 0, 0, 1, 0, 0, 0, 0, 0, 0, 0, 0, 0, 0, 0, 0, 0, 0, 0, 0, 0, 0, 0, 1, 0, 1, 3, 1, 1, 4, 0, 2, 5, 4, 2, 5, 1, 6, 2, 5, 0, 0, 0, 0, 0, 0, 0]",11,0.4999329299739067,-1,0
2,"[2, 2, 1, 1, 3, 3, 1, 1, 0, 0, 0, 0, 0, 0, 0, 0, 2, 0, 1, 0, 0, 0, 0, 0, 0, 0, 0, 0, 0, 0, 0, 0, 0, 0, 0, 0, 0, 0, 0, 0, 0, 0, 0, 1, 0, 0, 0, 0, 0, 0, 0, 0, 0, 0, 0, 0, 0, 0, 0, 0, 0, 0, 0, 1, 1, 1, 3, 1, 1, 4, 0, 2, 5, 4, 2, 5, 1, 6, 2, 5, 0, 0, 0, 0, 0, 0, 0]",8,0.9889727918669887,-1,1
3,"[2, 2, 1, 1, 2, 2, 1, 1, 0, 0, 0, 0, 0, 0, 0, 0, 2, 0, 1, 0, 0, 0, 0, 0, 0, 0, 0, 0, 0, 0, 0, 0, 0, 0, 0, 0, 0, 0, 0, 0, 2, 0, 0, 1, 0, 0, 0, 0, 0, 0, 0, 0, 0, 0, 0, 0, 0, 0, 0, 0, 0, 0, 0, 1, 1, 1, 3, 1, 1, 4, 0, 2, 5, 4, 2, 5, 1, 6, 2, 5, 0, 0, 0, 0, 0, 0, 0]",8,0.4999329299739067,-1,1
4,"[2, 2, 1, 1, 1, 1, 0, 0, 0, 0, 0, 0, 0, 0, 0, 0, 2, 0, 1, 0, 0, 2, 0, 0, 0, 0, 0, 0, 0, 0, 0, 0, 0, 0, 0, 0, 0, 0, 0, 0, 2, 0, 0, 1, 0, 0, 0, 0, 0, 0, 0, 0, 0, 0, 0, 0, 0, 0, 0, 0, 0, 0, 0, 1, 2, 1, 3, 1, 1, 4, 0, 2, 5, 4, 2, 5, 1, 6, 2, 5, 0, 0, 0, 0, 0, 0, 0]",13,1.6519460376222421,-1,1
5,"[2, 2, 1, 1, 0, 0, 0, 0, 0, 0, 0, 0, 0, 0, 0, 0, 2, 0, 1, 0, 0, 2, 0, 0, 0, 0, 0, 0, 0, 0, 0, 0, 0, 0, 0, 0, 0, 0, 0, 0, 2, 0, 0, 1, 0, 2, 0, 0, 0, 0, 0, 0, 0, 0, 0, 0, 0, 0, 0, 0, 0, 0, 0, 1, 2, 1, 3, 1, 1, 4, 0, 2, 5, 4, 2, 5, 1, 6, 2, 5, 0, 0, 0, 0, 0, 0, 0]",13,0.4999329299739067,-1,1
6,"[1, 1, 0, 0, 0, 0, 0, 0, 0, 0, 0, 0, 0, 0, 0, 0, 2, 0, 1, 0, 0, 2, 0, 0, 0, 0, 1, 0, 0, 0, 0, 0, 0, 0, 0, 0, 0, 0, 0, 0, 2, 0, 0, 1, 0, 2, 0, 0, 0, 0, 0, 0, 0, 0, 0, 0, 0, 0, 0, 0, 0, 0, 0, 2, 2, 1, 3, 1, 1, 4, 0, 2, 5, 4, 2, 5, 1, 6, 2, 5, 0, 0, 0, 0, 0, 0, 0]",18,1.6519460376222421,-1,0
7,"[1, 0, 0, 0, 1, 0, 0, 1, 0, 0, 0, 0, 0, 0, 0, 0, 2, 0, 1, 0, 0, 2, 0, 0, 0, 0, 1, 0, 0, 0, 0, 0, 0, 0, 0, 0, 0, 0, 0, 0, 2, 0, 0, 1, 0, 2, 0, 0, 0, 0, 0, 0, 0, 1, 0, 0, 0, 0, 0, 0, 0, 0, 0, 2, 2, 1, 3, 1, 1, 4, 0, 2, 5, 4, 2, 5, 1, 6, 2, 5, 1, 0, 0, 0, 0, 0, 0]",21,0.499930193749578,-1,0
8,"[2, 0, 0, 0, 2, 0, 0, 1, 0, 0, 0, 0, 0, 0, 0, 0, 2, 0, 1, 0, 0, 2, 0, 0, 0, 0, 1, 0, 0, 0, 0, 0, 0, 0, 0, 0, 0, 0, 0, 0, 2, 0, 0, 1, 0, 2, 0, 0, 0, 0, 0, 0, 0, 1, 0, 0, 0, 0, 0, 0, 0, 0, 0, 2, 2, 1, 3, 1, 1, 4, 0, 2, 5, 4, 2, 5, 1, 6, 2, 5, 2, 0, 0, 0, 0, 0, 0]",4,8.473862295057597,-1,0
9,"[2, 0, 0, 0, 2, 0, 0, 1, 0, 0, 0, 0, 0, 0, 0, 0, 2, 0, 1, 0, 0, 2, 0, 0, 0, 0, 1, 0, 0, 0, 0, 0, 0, 0, 0, 0, 0, 0, 0, 0, 2, 0, 0, 1, 0, 2, 0, 0, 0, 0, 0, 0, 0, 1, 0, 0, 0, 0, 0, 0, 0, 0, 0, 2, 2, 1, 3, 1, 1, 4, 0, 2, 5, 4, 2, 5, 1, 6, 2, 5, 2, 0, 1, 0, 0, 0, 0]",2,0.5999273459373564,-1,1
10,"[2, 0, 0, 0, 2, 0, 0, 1, 0, 0, 0, 0, 0, 0, 0, 0, 2, 0, 1, 0, 0, 2, 0, 0, 0, 0, 1, 0, 0, 0, 0, 0, 0, 0, 0, 0, 0, 0, 0, 0, 2, 0, 0, 1, 0, 2, 0, 0, 0, 0, 0, 0, 0, 1, 0, 0, 0, 0, 0, 0, 0, 0, 0, 2, 2, 1, 3, 1, 1, 4, 0, 2, 5, 4, 2, 5, 1, 6, 2, 5, 2, 0, 0, 0, 0, 0, 0]",-1,-0.04900993366533776,-1,1
11,"[1, 0, 0, 0, 1, 0, 0, 1, 0, 0, 0, 0, 0, 0, 0, 0, 2, 0, 1, 0, 0, 2, 0, 0, 0, 0, 1, 0, 0, 0, 0, 0, 0, 0, 0, 0, 0, 0, 0, 0, 2, 0, 0, 1, 0, 2, 0, 0, 0, 0, 0, 0, 0, 1, 0, 0, 0, 0, 0, 0, 0, 0, 0, 2, 2, 1, 3, 1, 1, 4, 0, 2, 5, 4, 2, 5, 1, 6, 2, 6, 3, 0, 0, 0, 0, 0, 0]",4,8.957407420614327,-1,1
12,"[1, 0, 0, 0, 1, 0, 0, 1, 0, 0, 0, 0, 0, 0, 0, 0, 2, 0, 1, 0, 0, 2, 0, 0, 0, 0, 1, 0, 0, 0, 0, 0, 0, 0, 0, 0, 0, 0, 0, 0, 2, 0, 0, 1, 0, 2, 0, 0, 0, 0, 0, 0, 0, 1, 0, 0, 0, 0, 0, 0, 0, 0, 0, 2, 2, 1, 3, 1, 1, 4, 0, 2, 5, 4, 2, 5, 1, 6, 2, 6, 3, 0, 1, 0, 0, 0, 0]",2,0.5999243819898745,-1,0
13,"[1, 0, 0, 0, 1, 0, 0, 1, 0, 0, 0, 0, 0, 0, 0, 0, 2, 0, 1, 0, 0, 2, 0, 0, 0, 0, 1, 0, 0, 0, 0, 0, 0, 0, 0, 0, 0, 0, 0, 0, 2, 0, 0, 1, 0, 2, 0, 0, 0, 0, 0, 0, 0, 1, 0, 0, 0, 0, 0, 0, 0, 0, 0, 2, 2, 1, 3, 1, 1, 4, 0, 2, 5, 4, 2, 5, 1, 6, 2, 6, 3, 0, 1, 0, 0, 1, 0]","[[1 0 0 0]
 [0 0 0 1]]",0.8503492470479654,-1,0
14,"[0, 0, 0, 1, 2, 0, 0, 0, 0, 0, 0, 0, 0, 0, 0, 0, 2, 0, 1, 0, 0, 2, 0, 0, 0, 0, 1, 0, 0, 0, 0, 0, 0, 0, 0, 0, 0, 0, 0, 0, 2, 0, 0, 1, 0, 2, 0, 0, 0, 0, 0, 0, 0, 1, 0, 0, 0, 0, 0, 0, 0, 0, 0, 2, 2, 1, 3, 1, 1, 4, 0, 2, 5, 4, 2, 5, 1, 6, 2, 6, 3, 0, 0, 0, 0, 0, 0]",0,-7.56180101254076e-05,-1,1
15,"[0, 0, 0, 1, 1, 0, 0, 0, 0, 0, 0, 0, 0, 0, 0, 0, 2, 0, 1, 0, 0, 2, 0, 0, 0, 0, 1, 0, 0, 0, 0, 0, 0, 0, 0, 0, 0, 0, 0, 0, 2, 0, 0, 1, 0, 2, 0, 0, 0, 0, 0, 0, 0, 1, 0, 0, 0, 0, 0, 0, 0, 0, 0, 2, 2, 1, 3, 1, 1, 4, 0, 2, 5, 4, 2, 5, 1, 6, 2, 0, 4, 0, 0, 0, 0, 0, 0]",4,8.793707670446716,-1,0
16,"[0, 0, 0, 1, 1, 0, 0, 0, 0, 0, 0, 0, 0, 0, 0, 0, 2, 0, 1, 0, 0, 2, 0, 0, 0, 0, 1, 0, 0, 0, 0, 0, 0, 0, 0, 0, 0, 0, 0, 0, 2, 0, 0, 1, 0, 2, 0, 0, 0, 0, 0, 0, 0, 1, 0, 0, 0, 0, 0, 0, 0, 0, 0, 2, 2, 1, 3, 1, 1, 4, 0, 2, 5, 4, 2, 5, 1, 6, 2, 0, 4, 0, 0, 0, 0, 0, 0]",-1,-0.04803947195761616,-1,1
17,"[1, 0, 0, 1, 2, 0, 0, 0, 0, 0, 0, 0, 0, 0, 0, 0, 2, 0, 1, 0, 0, 2, 0, 0, 0, 0, 1, 0, 0, 0, 0, 0, 0, 0, 0, 0, 0, 0, 0, 0, 2, 0, 0, 1, 0, 2, 0, 0, 0, 0, 0, 0, 0, 1, 0, 0, 0, 0, 0, 0, 0, 0, 0, 2, 2, 1, 3, 1, 1, 4, 0, 2, 5, 4, 2, 5, 1, 6, 2, 0, 5, 0, 0, 0, 0, 0, 0]",4,8.955460201776013,-1,0
18,"[1, 0, 0, 1, 2, 0, 0, 0, 0, 0, 0, 0, 0, 0, 0, 0, 2, 0, 1, 0, 0, 2, 0, 0, 0, 0, 1, 0, 0, 0, 0, 0, 0, 0, 0, 0, 0, 0, 0, 0, 2, 0, 0, 1, 0, 2, 0, 0, 0, 0, 0, 0, 0, 1, 0, 0, 0, 0, 0, 0, 0, 0, 0, 2, 2, 1, 3, 1, 1, 4, 0, 2, 5, 4, 2, 5, 1, 6, 2, 0, 5, 1, 0, 0, 0, 0, 0]",3,0.39991808656700284,-1,1
19,"[1, 0, 0, 1, 2, 0, 0, 0, 0, 0, 0, 0, 0, 0, 0, 0, 2, 0, 1, 0, 0, 2, 0, 0, 0, 0, 1, 0, 0, 0, 0, 0, 0, 0, 0, 0, 0, 0, 0, 0, 2, 0, 0, 1, 0, 2, 0, 0, 0, 0, 0, 0, 0, 1, 0, 0, 0, 0, 0, 0, 0, 0, 0, 2, 2, 1, 3, 1, 1, 4, 0, 2, 5, 4, 2, 5, 1, 6, 2, 0, 5, 0, 0, 0, 0, 0, 0]",-1,-0.047561471225035706,-1,1
20,"[2, 0, 0, 1, 3, 0, 0, 0, 0, 0, 0, 0, 0, 0, 0, 0, 2, 0, 1, 0, 0, 2, 0, 0, 0, 0, 1, 0, 0, 0, 0, 0, 0, 0, 0, 0, 0, 0, 0, 0, 2, 0, 0, 1, 0, 2, 0, 0, 0, 0, 0, 0, 0, 1, 0, 0, 0, 0, 0, 0, 0, 0, 0, 2, 2, 1, 3, 1, 1, 4, 0, 2, 5, 4, 2, 5, 1, 6, 2, 0, 6, 0, 0, 0, 0, 0, 0]",4,8.310308723473455,-1,1
21,"[2, 0, 0, 1, 3, 0, 0, 1, 0, 0, 0, 0, 0, 0, 0, 0, 2, 0, 1, 0, 0, 2, 0, 0, 0, 0, 1, 0, 0, 0, 0, 0, 0, 0, 0, 0, 0, 0, 0, 0, 2, 0, 0, 1, 0, 2, 0, 0, 0, 0, 0, 0, 0, 1, 0, 0, 0, 0, 0, 0, 0, 0, 0, 2, 2, 1, 3, 1, 1, 4, 0, 2, 5, 4, 2, 5, 1, 6, 2, 0, 7, 0, 0, 0, 0, 0, 0]",4,8.749756362442595,-1,0
22,"[2, 0, 0, 1, 3, 0, 0, 1, 0, 0, 0, 0, 0, 0, 0, 0, 2, 0, 1, 0, 0, 2, 0, 0, 0, 0, 1, 0, 0, 0, 0, 0, 0, 0, 0, 0, 0, 0, 0, 0, 2, 0, 0, 1, 0, 2, 0, 0, 0, 0, 0, 0, 0, 1, 0, 0, 0, 0, 0, 0, 0, 0, 0, 2, 2, 1, 3, 1, 1, 4, 0, 2, 5, 4, 2, 5, 1, 6, 2, 0, 7, 1, 0, 0, 0, 0, 0]",3,0.39991126726418513,-1,1
23,"[2, 0, 0, 1, 3, 0, 0, 1, 0, 0, 0, 0, 0, 0, 0, 0, 2, 0, 1, 0, 0, 2, 0, 0, 0, 0, 1, 0, 0, 0, 0, 0, 0, 0, 0, 0, 0, 0, 0, 0, 2, 0, 0, 1, 0, 2, 0, 0, 0, 0, 0, 0, 0, 1, 0, 0, 0, 0, 0, 0, 0, 0, 0, 2, 2, 1, 3, 1, 1, 4, 0, 2, 5, 4, 2, 5, 1, 6, 2, 0, 7, 0, 0, 0, 0, 0, 0]",-1,-0.04661969099529742,-1,1
24,"[2, 0, 1, 1, 3, 0, 0, 1, 0, 0, 0, 0, 0, 0, 0, 0, 2, 0, 1, 0, 0, 2, 0, 0, 0, 0, 1, 0, 0, 0, 0, 0, 0, 0, 0, 0, 0, 0, 0, 0, 2, 0, 0, 1, 0, 2, 0, 0, 0, 0, 0, 0, 0, 1, 0, 0, 0, 0, 0, 0, 0, 0, 0, 2, 2, 1, 3, 1, 1, 4, 0, 2, 5, 4, 2, 5, 1, 6, 2, 0, 8, 0, 0, 0, 0, 0, 0]",4,8.586621586948329,-1,1
25,"[2, 0, 1, 1, 3, 0, 0, 2, 0, 0, 0, 0, 0, 0, 0, 0, 2, 0, 1, 0, 0, 2, 0, 0, 0, 0, 1, 0, 0, 0, 0, 0, 0, 0, 0, 0, 0, 0, 0, 0, 2, 0, 0, 1, 0, 2, 0, 0, 0, 0, 0, 0, 0, 1, 0, 0, 0, 0, 0, 0, 0, 0, 0, 2, 2, 1, 3, 1, 1, 4, 0, 2, 5, 4, 2, 5, 1, 6, 2, 0, 9, 0, 0, 0, 0, 0, 0]",4,9.065984078539072,-1,0
26,"[2, 0, 2, 1, 3, 0, 0, 2, 0, 0, 0, 0, 0, 0, 0, 0, 2, 0, 1, 0, 0, 2, 0, 0, 0, 0, 1, 0, 0, 0, 0, 0, 0, 0, 0, 0, 0, 0, 0, 0, 2, 0, 0, 1, 0, 2, 0, 0, 0, 0, 0, 0, 0, 1, 0, 0, 0, 0, 0, 0, 0, 0, 0, 2, 2, 1, 3, 1, 1, 4, 0, 2, 5, 4, 2, 5, 1, 6, 2, 0, 10, 0, 0, 0, 0, 0, 0]",4,8.622211035705371,-1,1
27,"[3, 0, 2, 1, 4, 0, 0, 2, 0, 0, 0, 0, 0, 0, 0, 0, 2, 0, 1, 0, 0, 2, 0, 0, 0, 0, 1, 0, 0, 0, 0, 0, 0, 0, 0, 0, 0, 0, 0, 0, 2, 0, 0, 1, 0, 2, 0, 0, 0, 0, 0, 0, 0, 1, 0, 0, 0, 0, 0, 0, 0, 0, 0, 2, 2, 1, 3, 1, 1, 4, 0, 2, 5, 4, 2, 5, 1, 6, 2, 0, 11, 0, 0, 0, 0, 0, 0]",4,8.832634089603287,-1,0
28,"[3, 0, 2, 1, 4, 0, 0, 2, 0, 0, 0, 0, 0, 0, 0, 0, 2, 0, 1, 0, 0, 2, 0, 0, 0, 0, 1, 0, 0, 0, 0, 0, 0, 0, 0, 0, 0, 0, 0, 0, 2, 0, 0, 1, 0, 2, 0, 0, 0, 0, 0, 0, 0, 1, 0, 0, 0, 0, 0, 0, 0, 0, 0, 2, 2, 1, 3, 1, 1, 4, 0, 2, 5, 4, 2, 5, 1, 6, 2, 0, 11, 0, 0, 0, 0, 0, 0]",-1,-0.04479170676482641,-1,1
29,"[3, 0, 2, 1, 4, 0, 0, 2, 0, 0, 0, 0, 0, 0, 0, 0, 2, 0, 1, 0, 0, 2, 0, 0, 0, 0, 1, 0, 0, 0, 0, 0, 0, 0, 0, 0, 0, 0, 0, 0, 2, 0, 0, 1, 0, 2, 0, 0, 0, 0, 0, 0, 0, 1, 0, 0, 0, 0, 0, 0, 0, 0, 0, 2, 2, 1, 3, 1, 1, 4, 0, 2, 5, 4, 2, 5, 1, 6, 2, 0, 11, 0, 0, 0, 0, 0, 0]",-1,-0.04479170676482641,-1,1
30,"[3, 0, 2, 1, 5, 0, 0, 2, 0, 0, 0, 0, 0, 0, 0, 0, 2, 0, 1, 0, 0, 2, 0, 0, 0, 0, 1, 0, 0, 0, 0, 0, 0, 0, 0, 0, 0, 0, 0, 0, 2, 0, 0, 1, 0, 2, 0, 0, 0, 0, 0, 0, 0, 1, 0, 0, 0, 0, 0, 0, 0, 0, 0, 2, 2, 1, 3, 1, 1, 4, 0, 2, 5, 4, 2, 5, 1, 6, 2, 0, 12, 0, 0, 0, 0, 0, 0]",4,8.47444584409291,-1,1
31,"[3, 0, 2, 1, 5, 0, 0, 2, 0, 0, 0, 0, 0, 0, 0, 0, 2, 0, 1, 0, 0, 2, 0, 0, 0, 0, 1, 0, 0, 0, 0, 0, 0, 0, 0, 0, 0, 0, 0, 0, 2, 0, 0, 1, 0, 2, 0, 0, 0, 0, 0, 0, 0, 1, 0, 0, 0, 0, 0, 0, 0, 0, 0, 2, 2, 1, 3, 1, 1, 4, 0, 2, 5, 4, 2, 5, 1, 6, 2, 0, 12, 0, 1, 0, 0, 0, 0]",2,0.5998916322365245,-1,0
32,"[3, 0, 2, 1, 5, 0, 0, 2, 0, 0, 0, 0, 0, 0, 0, 0, 2, 0, 1, 0, 0, 2, 0, 0, 0, 0, 1, 0, 0, 0, 0, 0, 0, 0, 0, 0, 0, 0, 0, 0, 2, 0, 0, 1, 0, 2, 0, 0, 0, 0, 0, 0, 0, 1, 0, 0, 0, 0, 0, 0, 0, 0, 0, 2, 2, 1, 3, 1, 1, 4, 0, 2, 5, 4, 2, 5, 1, 6, 2, 0, 12, 0, 0, 0, 0, 0, 0]",-1,-0.044346021835857875,-1,0
33,"[3, 0, 2, 1, 5, 0, 0, 2, 0, 0, 0, 0, 0, 0, 0, 0, 2, 0, 1, 0, 0, 2, 0, 0, 0, 0, 1, 0, 0, 0, 0, 0, 0, 0, 0, 0, 0, 0, 0, 0, 2, 0, 0, 1, 0, 2, 0, 0, 0, 0, 0, 0, 0, 1, 0, 0, 0, 0, 0, 0, 0, 0, 0, 2, 2, 1, 3, 1, 1, 4, 0, 2, 5, 4, 2, 5, 1, 6, 2, 0, 12, 0, 1, 0, 0, 0, 0]",2,0.5998916322365245,-1,0
34,"[3, 0, 2, 1, 5, 0, 0, 2, 0, 0, 0, 0, 0, 0, 0, 0, 2, 0, 1, 0, 0, 2, 0, 0, 0, 0, 1, 0, 0, 0, 0, 0, 0, 0, 0, 0, 0, 0, 0, 0, 2, 0, 0, 1, 0, 2, 0, 0, 0, 0, 0, 0, 0, 1, 0, 0, 0, 0, 0, 0, 0, 0, 0, 2, 2, 1, 3, 1, 1, 4, 0, 2, 5, 4, 2, 5, 1, 6, 2, 0, 12, 0, 0, 0, 0, 0, 0]",-1,-0.044346021835857875,-1,0
35,"[3, 0, 2, 1, 5, 0, 0, 2, 0, 0, 0, 0, 0, 0, 0, 0, 2, 0, 1, 0, 0, 2, 0, 0, 0, 0, 1, 0, 0, 0, 0, 0, 0, 0, 0, 0, 0, 0, 0, 0, 2, 0, 0, 1, 0, 2, 0, 0, 0, 0, 0, 0, 0, 1, 0, 0, 0, 0, 0, 0, 0, 0, 0, 2, 2, 1, 3, 1, 1, 4, 0, 2, 5, 4, 2, 5, 1, 6, 2, 0, 12, 0, 0, 0, 0, 0, 0]",1,0.8095157473361413,-1,0
36,"[3, 0, 2, 1, 5, 0, 0, 2, 0, 0, 0, 0, 0, 0, 0, 0, 2, 0, 1, 0, 0, 2, 0, 0, 0, 0, 1, 0, 0, 0, 0, 0, 0, 0, 0, 0, 0, 0, 0, 0, 2, 0, 0, 1, 0, 2, 0, 0, 0, 0, 0, 0, 0, 1, 0, 0, 0, 0, 0, 0, 0, 0, 0, 2, 2, 1, 3, 1, 1, 4, 0, 2, 5, 4, 2, 5, 1, 6, 2, 0, 12, 0, 0, 0, 0, 0, 0]",-1,-0.044346021835857875,-1,0
37,"[3, 0, 2, 1, 5, 0, 0, 2, 0, 0, 0, 0, 0, 0, 0, 0, 2, 0, 1, 0, 0, 2, 0, 0, 0, 0, 1, 0, 0, 0, 0, 0, 0, 0, 0, 0, 0, 0, 0, 0, 2, 0, 0, 1, 0, 2, 0, 0, 0, 0, 0, 0, 0, 1, 0, 0, 0, 0, 0, 0, 0, 0, 0, 2, 2, 1, 3, 1, 1, 4, 0, 2, 5, 4, 2, 5, 1, 6, 2, 0, 12, 0, 0, 0, 0, 0, 0]",0,0.6259906659364656,-1,0
38,"[3, 0, 2, 1, 5, 0, 0, 2, 0, 0, 0, 0, 0, 0, 0, 0, 2, 0, 1, 0, 0, 2, 0, 0, 0, 0, 1, 0, 0, 0, 0, 0, 0, 0, 0, 0, 0, 0, 0, 0, 2, 0, 0, 1, 0, 2, 0, 0, 0, 0, 0, 0, 0, 1, 0, 0, 0, 0, 0, 0, 0, 0, 0, 2, 2, 1, 3, 1, 1, 4, 0, 2, 5, 4, 2, 5, 1, 6, 2, 0, 12, 0, 0, 0, 0, 0, 0]",-1,-0.044346021835857875,-1,0
39,"[3, 0, 2, 1, 5, 0, 0, 2, 0, 0, 0, 0, 0, 0, 0, 0, 2, 0, 1, 0, 0, 2, 0, 0, 0, 0, 1, 0, 0, 0, 0, 0, 0, 0, 0, 0, 0, 0, 0, 0, 2, 0, 0, 1, 0, 2, 0, 0, 0, 0, 0, 0, 0, 1, 0, 0, 0, 0, 0, 0, 0, 0, 0, 2, 2, 1, 3, 1, 1, 4, 0, 2, 5, 4, 2, 5, 1, 6, 2, 0, 12, 1, 0, 0, 0, 0, 0]",3,0.3998916322365246,-1,0
40,"[4, 0, 0, 1, 5, 0, 0, 2, 0, 0, 0, 0, 0, 0, 0, 0, 2, 0, 1, 0, 0, 2, 0, 0, 0, 0, 1, 0, 0, 0, 0, 0, 0, 0, 0, 0, 0, 0, 0, 0, 2, 0, 0, 1, 0, 2, 0, 0, 0, 0, 0, 0, 0, 1, 0, 0, 0, 0, 0, 0, 0, 0, 0, 2, 2, 1, 3, 1, 1, 4, 0, 2, 5, 4, 2, 5, 1, 6, 2, 0, 12, 0, 0, 0, 0, 0, 0]","[[0 0 2 0]
 [1 0 0 0]]",0.0013493141475655994,-1,0
41,"[4, 0, 0, 1, 6, 0, 0, 2, 0, 0, 0, 0, 0, 0, 0, 0, 2, 0, 1, 0, 0, 2, 0, 0, 0, 0, 1, 0, 0, 0, 0, 0, 0, 0, 0, 0, 0, 0, 0, 0, 2, 0, 0, 1, 0, 2, 0, 0, 0, 0, 0, 0, 0, 1, 0, 0, 0, 0, 0, 0, 0, 0, 0, 2, 2, 1, 3, 1, 1, 4, 0, 2, 5, 4, 2, 5, 1, 6, 2, 0, 13, 0, 0, 0, 0, 0, 0]",4,8.448617502041845,-1,0
42,"[5, 0, 0, 1, 7, 0, 0, 2, 0, 0, 0, 0, 0, 0, 0, 0, 2, 0, 1, 0, 0, 2, 0, 0, 0, 0, 1, 0, 0, 0, 0, 0, 0, 0, 0, 0, 0, 0, 0, 0, 2, 0, 0, 1, 0, 2, 0, 0, 0, 0, 0, 0, 0, 1, 0, 0, 0, 0, 0, 0, 0, 0, 0, 2, 2, 1, 3, 1, 1, 4, 0, 2, 5, 4, 2, 5, 1, 6, 2, 0, 14, 0, 0, 0, 0, 0, 0]",4,8.375023465525034,-1,1
43,"[5, 0, 0, 1, 8, 0, 0, 2, 0, 0, 0, 0, 0, 0, 0, 0, 2, 0, 1, 0, 0, 2, 0, 0, 0, 0, 1, 0, 0, 0, 0, 0, 0, 0, 0, 0, 0, 0, 0, 0, 2, 0, 0, 1, 0, 2, 0, 0, 0, 0, 0, 0, 0, 1, 0, 0, 0, 0, 0, 0, 0, 0, 0, 2, 2, 1, 3, 1, 1, 4, 0, 2, 5, 4, 2, 5, 1, 6, 2, 0, 15, 0, 0, 0, 0, 0, 0]",4,8.362379392964858,-1,0
44,"[5, 0, 0, 1, 8, 0, 0, 2, 0, 0, 0, 0, 0, 0, 0, 0, 2, 0, 1, 0, 0, 2, 0, 0, 0, 0, 1, 0, 0, 0, 0, 0, 0, 0, 0, 0, 0, 0, 0, 0, 2, 0, 0, 1, 0, 2, 0, 0, 0, 0, 0, 0, 0, 1, 0, 0, 0, 0, 0, 0, 0, 0, 0, 2, 2, 1, 3, 1, 1, 4, 0, 2, 5, 4, 2, 5, 1, 6, 2, 0, 15, 0, 1, 0, 0, 0, 0]",2,0.5998778241281131,-1,1
45,"[5, 0, 0, 1, 8, 0, 0, 2, 0, 0, 0, 0, 0, 0, 0, 0, 2, 0, 1, 0, 0, 2, 0, 0, 0, 0, 1, 0, 0, 0, 0, 0, 0, 0, 0, 0, 0, 0, 0, 0, 2, 0, 0, 1, 0, 2, 0, 0, 0, 0, 0, 0, 0, 1, 0, 0, 0, 0, 0, 0, 0, 0, 0, 2, 2, 1, 3, 1, 1, 4, 0, 2, 5, 4, 2, 5, 1, 6, 2, 0, 15, 0, 1, 0, 0, 1, 0]","[[1 0 0 1]
 [3 0 0 1]]",2.3223687088518314,-1,1
46,"[3, 0, 0, 1, 10, 0, 0, 2, 0, 0, 0, 0, 0, 0, 0, 0, 2, 0, 1, 0, 0, 2, 0, 0, 0, 0, 1, 0, 0, 0, 0, 0, 0, 0, 0, 0, 0, 0, 0, 0, 2, 0, 0, 1, 0, 2, 0, 0, 0, 0, 0, 0, 0, 1, 0, 0, 0, 0, 0, 0, 0, 0, 0, 2, 2, 1, 3, 1, 1, 4, 0, 2, 5, 4, 2, 5, 1, 6, 2, 0, 15, 0, 0, 0, 0, 0, 0]",0,-0.00012217587188688021,-1,0
47,"[3, 0, 0, 1, 10, 0, 0, 2, 0, 0, 0, 0, 0, 0, 0, 0, 2, 0, 1, 0, 0, 2, 0, 0, 0, 0, 1, 0, 0, 0, 0, 0, 0, 0, 0, 0, 0, 0, 0, 0, 2, 0, 0, 1, 0, 2, 0, 0, 0, 0, 0, 0, 0, 1, 0, 0, 0, 0, 0, 0, 0, 0, 0, 2, 2, 1, 3, 1, 1, 4, 0, 2, 5, 4, 2, 5, 1, 6, 2, 0, 15, 0, 1, 0, 0, 0, 0]",2,0.5998778241281131,-1,1
48,"[3, 0, 0, 1, 10, 0, 0, 2, 0, 0, 0, 0, 0, 0, 0, 0, 2, 0, 1, 0, 0, 2, 0, 0, 0, 0, 1, 0, 0, 0, 0, 0, 0, 0, 0, 0, 0, 0, 0, 0, 2, 0, 0, 1, 0, 2, 0, 0, 0, 0, 0, 0, 0, 1, 0, 0, 0, 0, 0, 0, 0, 0, 0, 2, 2, 1, 3, 1, 1, 4, 0, 2, 5, 4, 2, 5, 1, 6, 2, 0, 15, 0, 0, 0, 0, 0, 0]",-1,-0.043035398821252895,-1,1
49,"[4, 0, 0, 1, 11, 0, 0, 2, 0, 0, 0, 0, 0, 0, 0, 0, 2, 0, 1, 0, 0, 2, 0, 0, 0, 0, 1, 0, 0, 0, 0, 0, 0, 0, 0, 0, 0, 0, 0, 0, 2, 0, 0, 1, 0, 2, 0, 0, 0, 0, 0, 0, 0, 1, 0, 0, 0, 0, 0, 0, 0, 0, 0, 2, 2, 1, 3, 1, 1, 4, 0, 2, 5, 4, 2, 5, 1, 6, 2, 0, 16, 0, 0, 0, 0, 0, 0]",4,8.27293709088054,-1,1
50,"[4, 0, 1, 1, 11, 0, 0, 2, 0, 0, 0, 0, 0, 0, 0, 0, 2, 0, 1, 0, 0, 2, 0, 0, 0, 0, 1, 0, 0, 0, 0, 0, 0, 0, 0, 0, 0, 0, 0, 0, 2, 0, 0, 1, 0, 2, 0, 0, 0, 0, 0, 0, 0, 1, 0, 0, 0, 0, 0, 0, 0, 0, 0, 2, 2, 1, 3, 1, 1, 4, 0, 2, 5, 4, 2, 5, 1, 6, 2, 0, 17, 0, 0, 0, 0, 0, 0]",4,8.6308502606774,-1,0
51,"[4, 0, 1, 1, 11, 0, 0, 2, 0, 0, 0, 0, 0, 0, 0, 0, 2, 0, 1, 0, 0, 2, 0, 0, 0, 0, 1, 0, 0, 0, 0, 0, 0, 0, 0, 0, 0, 0, 0, 0, 2, 0, 0, 1, 0, 2, 0, 0, 0, 0, 0, 0, 0, 1, 0, 0, 0, 0, 0, 0, 0, 0, 0, 2, 2, 1, 3, 1, 1, 4, 0, 2, 5, 4, 2, 5, 1, 6, 2, 0, 17, 0, 0, 0, 0, 0, 0]",-1,-0.04218324082981919,-1,1
52,"[4, 0, 1, 1, 11, 0, 0, 2, 0, 0, 0, 0, 0, 0, 0, 0, 2, 0, 1, 0, 0, 2, 0, 0, 0, 0, 1, 0, 0, 0, 0, 0, 0, 0, 0, 0, 0, 0, 0, 0, 2, 0, 0, 1, 0, 2, 0, 0, 0, 0, 0, 0, 0, 1, 0, 0, 0, 0, 0, 0, 0, 0, 0, 2, 2, 1, 3, 1, 1, 4, 0, 2, 5, 4, 2, 5, 1, 6, 2, 0, 17, 0, 0, 0, 0, 0, 0]",-1,-0.04218324082981919,-1,1
53,"[4, 0, 1, 1, 11, 0, 0, 3, 0, 0, 0, 0, 0, 0, 0, 0, 2, 0, 1, 0, 0, 2, 0, 0, 0, 0, 1, 0, 0, 0, 0, 0, 0, 0, 0, 0, 0, 0, 0, 0, 2, 0, 0, 1, 0, 2, 0, 0, 0, 0, 0, 0, 0, 1, 0, 0, 0, 0, 0, 0, 0, 0, 0, 2, 2, 1, 3, 1, 1, 4, 0, 2, 5, 4, 2, 5, 1, 6, 2, 0, 18, 0, 0, 0, 0, 0, 0]",4,8.336211741218156,-1,1
54,"[2, 0, 1, 1, 5, 0, 0, 1, 0, 0, 0, 0, 0, 0, 0, 0, 2, 0, 1, 0, 0, 2, 0, 0, 0, 0, 1, 0, 0, 0, 0, 0, 0, 0, 0, 0, 0, 0, 0, 0, 2, 0, 0, 1, 0, 2, 0, 0, 0, 0, 0, 0, 0, 1, 0, 0, 0, 0, 0, 0, 0, 0, 0, 2, 2, 1, 3, 1, 1, 4, 0, 2, 5, 4, 2, 5, 1, 6, 2, 2, 19, 0, 0, 0, 0, 0, 0]",4,9.057152224996418,-1,0
55,"[2, 0, 1, 1, 5, 0, 0, 1, 0, 0, 0, 0, 0, 0, 0, 0, 2, 0, 1, 0, 0, 2, 0, 0, 0, 0, 1, 0, 0, 0, 0, 0, 0, 0, 0, 0, 0, 0, 0, 0, 2, 0, 0, 1, 0, 2, 0, 0, 0, 0, 0, 0, 0, 1, 0, 0, 0, 0, 0, 0, 0, 0, 0, 2, 2, 1, 3, 1, 1, 4, 0, 2, 5, 4, 2, 5, 1, 6, 2, 2, 19, 0, 0, 0, 0, 0, 0]",-1,-0.04134795669716812,-1,1
56,"[2, 0, 1, 1, 5, 0, 0, 1, 0, 0, 0, 0, 0, 0, 0, 0, 2, 0, 1, 0, 0, 2, 0, 0, 0, 0, 1, 0, 0, 0, 0, 0, 0, 0, 0, 0, 0, 0, 0, 0, 2, 0, 0, 1, 0, 2, 0, 0, 0, 0, 0, 0, 0, 1, 0, 0, 0, 0, 0, 0, 0, 0, 0, 2, 2, 1, 3, 1, 1, 4, 0, 2, 5, 4, 2, 5, 1, 6, 2, 2, 19, 0, 0, 0, 0, 0, 0]",-1,-0.04134795669716812,-1,1
57,"[2, 0, 1, 1, 5, 0, 0, 1, 0, 0, 0, 0, 0, 0, 0, 0, 2, 0, 1, 0, 0, 2, 0, 0, 0, 0, 1, 0, 0, 0, 0, 0, 0, 0, 0, 0, 0, 0, 0, 0, 2, 0, 0, 1, 0, 2, 0, 0, 0, 0, 0, 0, 0, 1, 0, 0, 0, 0, 0, 0, 0, 0, 0, 2, 2, 1, 3, 1, 1, 4, 0, 2, 5, 4, 2, 5, 1, 6, 2, 2, 20, 0, 0, 0, 0, 0, 0]",4,8.358112452924432,-1,1
58,"[2, 0, 1, 1, 5, 0, 0, 1, 0, 0, 0, 0, 0, 0, 0, 0, 2, 0, 1, 0, 0, 2, 0, 0, 0, 0, 1, 0, 0, 0, 0, 0, 0, 0, 0, 0, 0, 0, 0, 0, 2, 0, 0, 1, 0, 2, 0, 0, 0, 0, 0, 0, 0, 1, 0, 0, 0, 0, 0, 0, 0, 0, 0, 2, 2, 1, 3, 1, 1, 4, 0, 2, 5, 4, 2, 5, 1, 6, 2, 2, 20, 0, 1, 0, 0, 0, 0]",2,0.5998507942332326,-1,0
59,"[2, 0, 1, 1, 5, 0, 0, 1, 0, 0, 0, 0, 0, 0, 0, 0, 2, 0, 1, 0, 0, 2, 0, 0, 0, 0, 1, 0, 0, 0, 0, 0, 0, 0, 0, 0, 0, 0, 0, 0, 2, 0, 0, 1, 0, 2, 0, 0, 0, 0, 0, 0, 0, 1, 0, 0, 0, 0, 0, 0, 0, 0, 0, 2, 2, 1, 3, 1, 1, 4, 0, 2, 5, 4, 2, 5, 1, 6, 2, 2, 20, 0, 0, 0, 0, 0, 0]",-1,-0.0409365376538991,-1,0
60,"[2, 0, 1, 1, 5, 0, 0, 1, 0, 0, 0, 0, 0, 0, 0, 0, 2, 0, 1, 0, 0, 2, 0, 0, 0, 0, 1, 0, 0, 0, 0, 0, 0, 0, 0, 0, 0, 0, 0, 0, 2, 0, 0, 1, 0, 2, 0, 0, 0, 0, 0, 0, 0, 1, 0, 0, 0, 0, 0, 0, 0, 0, 0, 2, 2, 1, 3, 1, 1, 4, 0, 2, 5, 4, 2, 5, 1, 6, 2, 2, 21, 0, 0, 0, 0, 0, 0]",4,9.055486348439988,-1,0
61,"[2, 0, 1, 1, 5, 0, 0, 1, 0, 0, 0, 0, 0, 0, 0, 0, 2, 0, 1, 0, 0, 2, 0, 0, 0, 0, 1, 0, 0, 0, 0, 0, 0, 0, 0, 0, 0, 0, 0, 0, 2, 0, 0, 1, 0, 2, 0, 0, 0, 0, 0, 0, 0, 1, 0, 0, 0, 0, 0, 0, 0, 0, 0, 2, 2, 1, 3, 1, 1, 4, 0, 2, 5, 4, 2, 5, 1, 6, 2, 2, 21, 1, 0, 0, 0, 0, 0]",3,0.39984470975834585,-1,1
62,"[2, 0, 1, 1, 5, 0, 0, 1, 0, 0, 0, 0, 0, 0, 0, 0, 2, 0, 1, 0, 0, 2, 0, 0, 0, 0, 1, 0, 0, 0, 0, 0, 0, 0, 0, 0, 0, 0, 0, 0, 2, 0, 0, 1, 0, 2, 0, 0, 0, 0, 0, 0, 0, 1, 0, 0, 0, 0, 0, 0, 0, 0, 0, 2, 2, 1, 3, 1, 1, 4, 0, 2, 5, 4, 2, 5, 1, 6, 2, 2, 21, 0, 0, 0, 0, 0, 0]",-1,-0.04052921229850936,-1,1
63,"[2, 0, 1, 1, 5, 0, 0, 1, 0, 0, 0, 0, 0, 0, 0, 0, 2, 0, 1, 0, 0, 2, 0, 0, 0, 0, 1, 0, 0, 0, 0, 0, 0, 0, 0, 0, 0, 0, 0, 0, 2, 0, 0, 1, 0, 2, 0, 0, 0, 0, 0, 0, 0, 1, 0, 0, 0, 0, 0, 0, 0, 0, 0, 2, 2, 1, 3, 1, 1, 4, 0, 2, 5, 4, 2, 5, 1, 6, 2, 2, 22, 0, 0, 0, 0, 0, 0]",4,8.356462547258673,-1,1
64,"[1, 0, 1, 1, 2, 0, 0, 1, 0, 0, 0, 0, 0, 0, 0, 0, 2, 0, 1, 0, 0, 2, 0, 0, 0, 0, 1, 0, 0, 0, 0, 0, 0, 0, 0, 0, 0, 0, 0, 0, 2, 0, 0, 1, 0, 2, 0, 0, 0, 0, 0, 0, 0, 1, 0, 0, 0, 0, 0, 0, 0, 0, 0, 2, 2, 1, 3, 1, 1, 4, 0, 2, 5, 4, 2, 5, 1, 6, 2, 5, 23, 0, 0, 0, 0, 0, 0]",4,9.213476950773911,-1,0
65,"[1, 0, 1, 1, 2, 0, 0, 1, 0, 0, 0, 0, 0, 0, 0, 0, 2, 0, 1, 0, 0, 2, 0, 0, 0, 0, 1, 0, 0, 0, 0, 0, 0, 0, 0, 0, 0, 0, 0, 0, 2, 0, 0, 1, 0, 2, 0, 0, 0, 0, 0, 0, 0, 1, 0, 0, 0, 0, 0, 0, 0, 0, 0, 2, 2, 1, 3, 1, 1, 4, 0, 2, 5, 4, 2, 5, 1, 6, 2, 5, 23, 1, 0, 0, 0, 0, 0]",3,0.39983178696753824,-1,1
66,"[1, 0, 1, 1, 2, 0, 0, 1, 0, 0, 0, 0, 0, 0, 0, 0, 2, 0, 1, 0, 0, 2, 0, 0, 0, 0, 1, 0, 0, 0, 0, 0, 0, 0, 0, 0, 0, 0, 0, 0, 2, 0, 0, 1, 0, 2, 0, 0, 0, 0, 0, 0, 0, 1, 0, 0, 0, 0, 0, 0, 0, 0, 0, 2, 2, 1, 3, 1, 1, 4, 0, 2, 5, 4, 2, 5, 1, 6, 2, 5, 23, 0, 0, 0, 0, 0, 0]",-1,-0.039726680125166704,-1,1
67,"[2, 0, 1, 1, 3, 0, 0, 1, 0, 0, 0, 0, 0, 0, 0, 0, 2, 0, 1, 0, 0, 2, 0, 0, 0, 0, 1, 0, 0, 0, 0, 0, 0, 0, 0, 0, 0, 0, 0, 0, 2, 0, 0, 1, 0, 2, 0, 0, 0, 0, 0, 0, 0, 1, 0, 0, 0, 0, 0, 0, 0, 0, 0, 2, 2, 1, 3, 1, 1, 4, 0, 2, 5, 4, 2, 5, 1, 6, 2, 5, 24, 0, 0, 0, 0, 0, 0]",4,8.572752845596087,-1,1
68,"[2, 0, 1, 1, 3, 0, 0, 1, 0, 0, 0, 0, 0, 0, 0, 0, 2, 0, 1, 0, 0, 2, 0, 0, 0, 0, 1, 0, 0, 0, 0, 0, 0, 0, 0, 0, 0, 0, 0, 0, 2, 0, 0, 1, 0, 2, 0, 0, 0, 0, 0, 0, 0, 1, 0, 0, 0, 0, 0, 0, 0, 0, 0, 2, 2, 1, 3, 1, 1, 4, 0, 2, 5, 4, 2, 5, 1, 6, 2, 5, 24, 1, 0, 0, 0, 0, 0]",3,0.3998249280727142,-1,0
69,"[0, 0, 2, 1, 3, 0, 0, 1, 0, 0, 0, 0, 0, 0, 0, 0, 2, 0, 1, 0, 0, 2, 0, 0, 0, 0, 1, 0, 0, 0, 0, 0, 0, 0, 0, 0, 0, 0, 0, 0, 2, 0, 0, 1, 0, 2, 0, 0, 0, 0, 0, 0, 0, 1, 0, 0, 0, 0, 0, 0, 0, 0, 0, 2, 2, 1, 3, 1, 1, 4, 0, 2, 5, 4, 2, 5, 1, 6, 2, 5, 24, 0, 0, 0, 0, 0, 0]","[[2 0 0 0]
 [0 0 1 0]]",0.0012826099837552059,-1,0
70,"[0, 0, 2, 1, 3, 0, 0, 1, 0, 0, 0, 0, 0, 0, 0, 0, 2, 0, 1, 0, 0, 2, 0, 0, 0, 0, 1, 0, 0, 0, 0, 0, 0, 0, 0, 0, 0, 0, 0, 0, 2, 0, 0, 1, 0, 2, 0, 0, 0, 0, 0, 0, 0, 1, 0, 0, 0, 0, 0, 0, 0, 0, 0, 2, 2, 1, 3, 1, 1, 4, 0, 2, 5, 4, 2, 5, 1, 6, 2, 5, 24, 1, 0, 0, 0, 0, 0]",3,0.3998249280727142,-1,0
71,"[1, 0, 0, 1, 3, 0, 0, 1, 0, 0, 0, 0, 0, 0, 0, 0, 2, 0, 1, 0, 0, 2, 0, 0, 0, 0, 1, 0, 0, 0, 0, 0, 0, 0, 0, 0, 0, 0, 0, 0, 2, 0, 0, 1, 0, 2, 0, 0, 0, 0, 0, 0, 0, 1, 0, 0, 0, 0, 0, 0, 0, 0, 0, 2, 2, 1, 3, 1, 1, 4, 0, 2, 5, 4, 2, 5, 1, 6, 2, 5, 24, 0, 0, 0, 0, 0, 0]","[[0 0 2 0]
 [1 0 0 0]]",0.0012826099837552059,-1,0
72,"[1, 0, 0, 1, 3, 0, 0, 1, 0, 0, 0, 0, 0, 0, 0, 0, 2, 0, 1, 0, 0, 2, 0, 0, 0, 0, 1, 0, 0, 0, 0, 0, 0, 0, 0, 0, 0, 0, 0, 0, 2, 0, 0, 1, 0, 2, 0, 0, 0, 0, 0, 0, 0, 1, 0, 0, 0, 0, 0, 0, 0, 0, 0, 2, 2, 1, 3, 1, 1, 4, 0, 2, 5, 4, 2, 5, 1, 6, 2, 5, 24, 1, 0, 0, 0, 0, 0]",3,0.3998249280727142,-1,0
73,"[1, 0, 0, 1, 3, 0, 0, 1, 0, 0, 0, 0, 0, 0, 0, 0, 2, 0, 1, 0, 0, 2, 0, 0, 0, 0, 1, 0, 0, 0, 0, 0, 0, 0, 0, 0, 0, 0, 0, 0, 2, 0, 0, 1, 0, 2, 0, 0, 0, 0, 0, 0, 0, 1, 0, 0, 0, 0, 0, 0, 0, 0, 0, 2, 2, 1, 3, 1, 1, 4, 0, 2, 5, 4, 2, 5, 1, 6, 2, 5, 24, 0, 0, 0, 0, 0, 0]",-1,-0.039331393053327675,-1,0
74,"[1, 0, 0, 1, 3, 0, 0, 1, 0, 0, 0, 0, 0, 0, 0, 0, 2, 0, 1, 0, 0, 2, 0, 0, 0, 0, 1, 0, 0, 0, 0, 0, 0, 0, 0, 0, 0, 0, 0, 0, 2, 0, 0, 1, 0, 2, 0, 0, 0, 0, 0, 0, 0, 1, 0, 0, 0, 0, 0, 0, 0, 0, 0, 2, 2, 1, 3, 1, 1, 4, 0, 2, 5, 4, 2, 5, 1, 6, 2, 5, 24, 1, 0, 0, 0, 0, 0]",3,0.3998249280727142,-1,0
75,"[1, 0, 0, 1, 3, 0, 0, 1, 0, 0, 0, 0, 0, 0, 0, 0, 2, 0, 1, 0, 0, 2, 0, 0, 0, 0, 1, 0, 0, 0, 0, 0, 0, 0, 0, 0, 0, 0, 0, 0, 2, 0, 0, 1, 0, 2, 0, 0, 0, 0, 0, 0, 0, 1, 0, 0, 0, 0, 0, 0, 0, 0, 0, 2, 2, 1, 3, 1, 1, 4, 0, 2, 5, 4, 2, 5, 1, 6, 2, 5, 24, 0, 0, 0, 0, 0, 0]",-1,-0.039331393053327675,-1,0
76,"[1, 0, 0, 1, 3, 0, 0, 1, 0, 0, 0, 0, 0, 0, 0, 0, 2, 0, 1, 0, 0, 2, 0, 0, 0, 0, 1, 0, 0, 0, 0, 0, 0, 0, 0, 0, 0, 0, 0, 0, 2, 0, 0, 1, 0, 2, 0, 0, 0, 0, 0, 0, 0, 1, 0, 0, 0, 0, 0, 0, 0, 0, 0, 2, 2, 1, 3, 1, 1, 4, 0, 2, 5, 4, 2, 5, 1, 6, 2, 5, 24, 1, 0, 0, 0, 0, 0]",3,0.3998249280727142,-1,0
77,"[1, 0, 0, 1, 3, 0, 0, 1, 0, 0, 0, 0, 0, 0, 0, 0, 2, 0, 1, 0, 0, 2, 0, 0, 0, 0, 1, 0, 0, 0, 0, 0, 0, 0, 0, 0, 0, 0, 0, 0, 2, 0, 0, 1, 0, 2, 0, 0, 0, 0, 0, 0, 0, 1, 0, 0, 0, 0, 0, 0, 0, 0, 0, 2, 2, 1, 3, 1, 1, 4, 0, 2, 5, 4, 2, 5, 1, 6, 2, 5, 24, 0, 0, 0, 0, 0, 0]",-1,-0.039331393053327675,-1,0
78,"[1, 0, 0, 1, 3, 0, 0, 1, 0, 0, 0, 0, 0, 0, 0, 0, 2, 0, 1, 0, 0, 2, 0, 0, 0, 0, 1, 0, 0, 0, 0, 0, 0, 0, 0, 0, 0, 0, 0, 0, 2, 0, 0, 1, 0, 2, 0, 0, 0, 0, 0, 0, 0, 1, 0, 0, 0, 0, 0, 0, 0, 0, 0, 2, 2, 1, 3, 1, 1, 4, 0, 2, 5, 4, 2, 5, 1, 6, 2, 5, 24, 0, 0, 0, 0, 0, 0]",0,0.6259239617726552,-1,0
79,"[1, 0, 0, 1, 3, 0, 0, 1, 0, 0, 0, 0, 0, 0, 0, 0, 2, 0, 1, 0, 0, 2, 0, 0, 0, 0, 1, 0, 0, 0, 0, 0, 0, 0, 0, 0, 0, 0, 0, 0, 2, 0, 0, 1, 0, 2, 0, 0, 0, 0, 0, 0, 0, 1, 0, 0, 0, 0, 0, 0, 0, 0, 0, 2, 2, 1, 3, 1, 1, 4, 0, 2, 5, 4, 2, 5, 1, 6, 2, 5, 24, 0, 0, 0, 0, 0, 0]",-1,-0.039331393053327675,-1,0
80,"[1, 0, 0, 1, 3, 0, 0, 1, 0, 0, 0, 0, 0, 0, 0, 0, 2, 0, 1, 0, 0, 2, 0, 0, 0, 0, 1, 0, 0, 0, 0, 0, 0, 0, 0, 0, 0, 0, 0, 0, 2, 0, 0, 1, 0, 2, 0, 0, 0, 0, 0, 0, 0, 1, 0, 0, 0, 0, 0, 0, 0, 0, 0, 2, 2, 1, 3, 1, 1, 4, 0, 2, 5, 4, 2, 5, 1, 6, 2, 5, 24, 1, 0, 0, 0, 0, 0]",3,0.3998249280727142,-1,0
81,"[1, 0, 0, 1, 3, 0, 0, 1, 0, 0, 0, 0, 0, 0, 0, 0, 2, 0, 1, 0, 0, 2, 0, 0, 0, 0, 1, 0, 0, 0, 0, 0, 0, 0, 0, 0, 0, 0, 0, 0, 2, 0, 0, 1, 0, 2, 0, 0, 0, 0, 0, 0, 0, 1, 0, 0, 0, 0, 0, 0, 0, 0, 0, 2, 2, 1, 3, 1, 1, 4, 0, 2, 5, 4, 2, 5, 1, 6, 2, 5, 24, 0, 0, 0, 0, 0, 0]",-1,-0.039331393053327675,-1,0
82,"[1, 0, 0, 1, 3, 0, 0, 1, 0, 0, 0, 0, 0, 0, 0, 0, 2, 0, 1, 0, 0, 2, 0, 0, 0, 0, 1, 0, 0, 0, 0, 0, 0, 0, 0, 0, 0, 0, 0, 0, 2, 0, 0, 1, 0, 2, 0, 0, 0, 0, 0, 0, 0, 1, 0, 0, 0, 0, 0, 0, 0, 0, 0, 2, 2, 1, 3, 1, 1, 4, 0, 2, 5, 4, 2, 5, 1, 6, 2, 5, 24, 1, 0, 0, 0, 0, 0]",3,0.3998249280727142,-1,0
83,"[1, 0, 0, 1, 3, 0, 0, 1, 0, 0, 0, 0, 0, 0, 0, 0, 2, 0, 1, 0, 0, 2, 0, 0, 0, 0, 1, 0, 0, 0, 0, 0, 0, 0, 0, 0, 0, 0, 0, 0, 2, 0, 0, 1, 0, 2, 0, 0, 0, 0, 0, 0, 0, 1, 0, 0, 0, 0, 0, 0, 0, 0, 0, 2, 2, 1, 3, 1, 1, 4, 0, 2, 5, 4, 2, 5, 1, 6, 2, 5, 24, 0, 0, 0, 0, 0, 0]",-1,-0.039331393053327675,-1,0
84,"[1, 0, 0, 1, 3, 0, 0, 1, 0, 0, 0, 0, 0, 0, 0, 0, 2, 0, 1, 0, 0, 2, 0, 0, 0, 0, 1, 0, 0, 0, 0, 0, 0, 0, 0, 0, 0, 0, 0, 0, 2, 0, 0, 1, 0, 2, 0, 0, 0, 0, 0, 0, 0, 1, 0, 0, 0, 0, 0, 0, 0, 0, 0, 2, 2, 1, 3, 1, 1, 4, 0, 2, 5, 4, 2, 5, 1, 6, 2, 5, 24, 0, 1, 0, 0, 0, 0]",2,0.5998249280727141,-1,0
85,"[1, 0, 0, 1, 3, 0, 0, 1, 0, 0, 0, 0, 0, 0, 0, 0, 2, 0, 1, 0, 0, 2, 0, 0, 0, 0, 1, 0, 0, 0, 0, 0, 0, 0, 0, 0, 0, 0, 0, 0, 2, 0, 0, 1, 0, 2, 0, 0, 0, 0, 0, 0, 0, 1, 0, 0, 0, 0, 0, 0, 0, 0, 0, 2, 2, 1, 3, 1, 1, 4, 0, 2, 5, 4, 2, 5, 1, 6, 2, 5, 24, 0, 0, 0, 0, 0, 0]",-1,-0.039331393053327675,-1,0
86,"[1, 0, 0, 1, 3, 0, 0, 1, 0, 0, 0, 0, 0, 0, 0, 0, 2, 0, 1, 0, 0, 2, 0, 0, 0, 0, 1, 0, 0, 0, 0, 0, 0, 0, 0, 0, 0, 0, 0, 0, 2, 0, 0, 1, 0, 2, 0, 0, 0, 0, 0, 0, 0, 1, 0, 0, 0, 0, 0, 0, 0, 0, 0, 2, 2, 1, 3, 1, 1, 4, 0, 2, 5, 4, 2, 5, 1, 6, 2, 5, 25, 0, 0, 0, 0, 0, 0]",4,8.937943747161553,-1,0
87,"[1, 0, 0, 1, 3, 0, 0, 1, 0, 0, 0, 0, 0, 0, 0, 0, 2, 0, 1, 0, 0, 2, 0, 0, 0, 0, 1, 0, 0, 0, 0, 0, 0, 0, 0, 0, 0, 0, 0, 0, 2, 0, 0, 1, 0, 2, 0, 0, 0, 0, 0, 0, 0, 1, 0, 0, 0, 0, 0, 0, 0, 0, 0, 2, 2, 1, 3, 1, 1, 4, 0, 2, 5, 4, 2, 5, 1, 6, 2, 5, 25, 0, 0, 0, 0, 0, 0]",-1,-0.03894003915357025,-1,1
88,"[1, 0, 0, 1, 3, 0, 0, 1, 0, 0, 0, 0, 0, 0, 0, 0, 2, 0, 1, 0, 0, 2, 0, 0, 0, 0, 1, 0, 0, 0, 0, 0, 0, 0, 0, 0, 0, 0, 0, 0, 2, 0, 0, 1, 0, 2, 0, 0, 0, 0, 0, 0, 0, 1, 0, 0, 0, 0, 0, 0, 0, 0, 0, 2, 2, 1, 3, 1, 1, 4, 0, 2, 5, 4, 2, 5, 1, 6, 2, 5, 25, 0, 0, 0, 0, 0, 0]",-1,-0.03894003915357025,-1,1
89,"[1, 0, 0, 1, 4, 0, 0, 1, 0, 0, 0, 0, 0, 0, 0, 0, 2, 0, 1, 0, 0, 2, 0, 0, 0, 0, 1, 0, 0, 0, 0, 0, 0, 0, 0, 0, 0, 0, 0, 0, 2, 0, 0, 1, 0, 2, 0, 0, 0, 0, 0, 0, 0, 1, 0, 0, 0, 0, 0, 0, 0, 0, 0, 2, 2, 1, 3, 1, 1, 4, 0, 2, 5, 4, 2, 5, 1, 6, 2, 5, 26, 0, 0, 0, 0, 0, 0]",4,8.437728685190137,-1,1
90,"[1, 0, 0, 1, 4, 0, 0, 1, 0, 0, 0, 0, 0, 0, 0, 0, 2, 0, 1, 0, 0, 2, 0, 0, 0, 0, 1, 0, 0, 0, 0, 0, 0, 0, 0, 0, 0, 0, 0, 0, 2, 0, 0, 1, 0, 2, 0, 0, 0, 0, 0, 0, 0, 1, 0, 0, 0, 0, 0, 0, 0, 0, 0, 2, 2, 1, 3, 1, 1, 4, 0, 2, 5, 4, 2, 5, 1, 6, 2, 5, 26, 0, 1, 0, 0, 0, 0]",2,0.5998103606711293,-1,0
91,"[1, 0, 0, 1, 4, 0, 0, 1, 0, 0, 0, 0, 0, 0, 0, 0, 2, 0, 1, 0, 0, 2, 0, 0, 0, 0, 1, 0, 0, 0, 0, 0, 0, 0, 0, 0, 0, 0, 0, 0, 2, 0, 0, 1, 0, 2, 0, 0, 0, 0, 0, 0, 0, 1, 0, 0, 0, 0, 0, 0, 0, 0, 0, 2, 2, 1, 3, 1, 1, 4, 0, 2, 5, 4, 2, 5, 1, 6, 2, 5, 26, 0, 0, 0, 0, 0, 0]",-1,-0.038552579290178315,-1,0
92,"[1, 0, 0, 1, 4, 0, 0, 1, 0, 0, 0, 0, 0, 0, 0, 0, 2, 0, 1, 0, 0, 2, 0, 0, 0, 0, 1, 0, 0, 0, 0, 0, 0, 0, 0, 0, 0, 0, 0, 0, 2, 0, 0, 1, 0, 2, 0, 0, 0, 0, 0, 0, 0, 1, 0, 0, 0, 0, 0, 0, 0, 0, 0, 2, 2, 1, 3, 1, 1, 4, 0, 2, 5, 4, 2, 5, 1, 6, 2, 5, 26, 0, 1, 0, 0, 0, 0]",2,0.5998103606711293,-1,0
93,"[1, 0, 0, 1, 4, 0, 0, 1, 0, 0, 0, 0, 0, 0, 0, 0, 2, 0, 1, 0, 0, 2, 0, 0, 0, 0, 1, 0, 0, 0, 0, 0, 0, 0, 0, 0, 0, 0, 0, 0, 2, 0, 0, 1, 0, 2, 0, 0, 0, 0, 0, 0, 0, 1, 0, 0, 0, 0, 0, 0, 0, 0, 0, 2, 2, 1, 3, 1, 1, 4, 0, 2, 5, 4, 2, 5, 1, 6, 2, 5, 26, 0, 0, 0, 0, 0, 0]",-1,-0.038552579290178315,-1,0
94,"[1, 0, 0, 1, 2, 0, 0, 1, 0, 0, 0, 0, 0, 0, 0, 0, 2, 0, 1, 0, 0, 2, 0, 0, 0, 0, 1, 0, 0, 0, 0, 0, 0, 0, 0, 0, 0, 0, 0, 0, 2, 0, 0, 1, 0, 2, 0, 0, 0, 0, 0, 0, 0, 1, 0, 0, 0, 0, 0, 0, 0, 0, 0, 2, 2, 1, 3, 1, 1, 4, 0, 2, 5, 4, 2, 5, 1, 6, 2, 3, 27, 0, 0, 0, 0, 0, 0]",4,8.936370958855031,-1,0
95,"[1, 0, 0, 1, 2, 0, 0, 1, 0, 0, 0, 0, 0, 0, 0, 0, 2, 0, 1, 0, 0, 2, 0, 0, 0, 0, 1, 0, 0, 0, 0, 0, 0, 0, 0, 0, 0, 0, 0, 0, 2, 0, 0, 1, 0, 2, 0, 0, 0, 0, 0, 0, 0, 1, 0, 0, 0, 0, 0, 0, 0, 0, 0, 2, 2, 1, 3, 1, 1, 4, 0, 2, 5, 4, 2, 5, 1, 6, 2, 3, 27, 1, 0, 0, 0, 0, 0]",3,0.39980262898089586,-1,1
96,"[1, 0, 0, 1, 2, 0, 0, 1, 0, 0, 0, 0, 0, 0, 0, 0, 2, 0, 1, 0, 0, 2, 0, 0, 0, 0, 1, 0, 0, 0, 0, 0, 0, 0, 0, 0, 0, 0, 0, 0, 2, 0, 0, 1, 0, 2, 0, 0, 0, 0, 0, 0, 0, 1, 0, 0, 0, 0, 0, 0, 0, 0, 0, 2, 2, 1, 3, 1, 1, 4, 0, 2, 5, 4, 2, 5, 1, 6, 2, 3, 27, 0, 0, 0, 0, 0, 0]",-1,-0.03816897471684266,-1,1
97,"[1, 0, 0, 1, 2, 0, 0, 1, 0, 0, 0, 0, 0, 0, 0, 0, 2, 0, 1, 0, 0, 2, 0, 0, 0, 0, 1, 0, 0, 0, 0, 0, 0, 0, 0, 0, 0, 0, 0, 0, 2, 0, 0, 1, 0, 2, 0, 0, 0, 0, 0, 0, 0, 1, 0, 0, 0, 0, 0, 0, 0, 0, 0, 2, 2, 1, 3, 1, 1, 4, 0, 2, 5, 4, 2, 5, 1, 6, 2, 3, 28, 0, 0, 0, 0, 0, 0]",4,8.731801173643527,-1,1
98,"[1, 0, 0, 1, 2, 0, 0, 1, 0, 0, 0, 0, 0, 0, 0, 0, 2, 0, 1, 0, 0, 2, 0, 0, 0, 0, 1, 0, 0, 0, 0, 0, 0, 0, 0, 0, 0, 0, 0, 0, 2, 0, 0, 1, 0, 2, 0, 0, 0, 0, 0, 0, 0, 1, 0, 0, 0, 0, 0, 0, 0, 0, 0, 2, 2, 1, 3, 1, 1, 4, 0, 2, 5, 4, 2, 5, 1, 6, 2, 3, 28, 0, 1, 0, 0, 0, 0]",2,0.5997945823898577,-1,0
99,"[1, 0, 0, 1, 2, 0, 0, 1, 0, 0, 0, 0, 0, 0, 0, 0, 2, 0, 1, 0, 0, 2, 0, 0, 0, 0, 1, 0, 0, 0, 0, 0, 0, 0, 0, 0, 0, 0, 0, 0, 2, 0, 0, 1, 0, 2, 0, 0, 0, 0, 0, 0, 0, 1, 0, 0, 0, 0, 0, 0, 0, 0, 0, 2, 2, 1, 3, 1, 1, 4, 0, 2, 5, 4, 2, 5, 1, 6, 2, 3, 28, 0, 0, 0, 0, 0, 0]",-1,-0.03778918707278628,-1,0
100,"[1, 0, 0, 1, 2, 0, 0, 1, 0, 0, 0, 0, 0, 0, 0, 0, 2, 0, 1, 0, 0, 2, 0, 0, 0, 0, 1, 0, 0, 0, 0, 0, 0, 0, 0, 0, 0, 0, 0, 0, 2, 0, 0, 1, 0, 2, 0, 0, 0, 0, 0, 0, 0, 1, 0, 0, 0, 0, 0, 0, 0, 0, 0, 2, 2, 1, 3, 1, 1, 4, 0, 2, 5, 4, 2, 5, 1, 6, 2, 3, 28, 1, 0, 0, 0, 0, 0]",3,0.3997945823898577,-1,0
101,"[1, 0, 0, 1, 2, 0, 0, 1, 0, 0, 0, 0, 0, 0, 0, 0, 2, 0, 1, 0, 0, 2, 0, 0, 0, 0, 1, 0, 0, 0, 0, 0, 0, 0, 0, 0, 0, 0, 0, 0, 2, 0, 0, 1, 0, 2, 0, 0, 0, 0, 0, 0, 0, 1, 0, 0, 0, 0, 0, 0, 0, 0, 0, 2, 2, 1, 3, 1, 1, 4, 0, 2, 5, 4, 2, 5, 1, 6, 2, 3, 28, 0, 0, 0, 0, 0, 0]",-1,-0.03778918707278628,-1,0
102,"[1, 0, 0, 1, 2, 0, 0, 1, 0, 0, 0, 0, 0, 0, 0, 0, 2, 0, 1, 0, 0, 2, 0, 0, 0, 0, 1, 0, 0, 0, 0, 0, 0, 0, 0, 0, 0, 0, 0, 0, 2, 0, 0, 1, 0, 2, 0, 0, 0, 0, 0, 0, 0, 1, 0, 0, 0, 0, 0, 0, 0, 0, 0, 2, 2, 1, 3, 1, 1, 4, 0, 2, 5, 4, 2, 5, 1, 6, 2, 3, 28, 1, 0, 0, 0, 0, 0]",3,0.3997945823898577,-1,0
103,"[1, 0, 0, 1, 2, 0, 0, 1, 0, 0, 0, 0, 0, 0, 0, 0, 2, 0, 1, 0, 0, 2, 0, 0, 0, 0, 1, 0, 0, 0, 0, 0, 0, 0, 0, 0, 0, 0, 0, 0, 2, 0, 0, 1, 0, 2, 0, 0, 0, 0, 0, 0, 0, 1, 0, 0, 0, 0, 0, 0, 0, 0, 0, 2, 2, 1, 3, 1, 1, 4, 0, 2, 5, 4, 2, 5, 1, 6, 2, 3, 28, 0, 0, 0, 0, 0, 0]",-1,-0.03778918707278628,-1,0
104,"[1, 0, 0, 1, 2, 0, 0, 1, 0, 0, 0, 0, 0, 0, 0, 0, 2, 0, 1, 0, 0, 2, 0, 0, 0, 0, 1, 0, 0, 0, 0, 0, 0, 0, 0, 0, 0, 0, 0, 0, 2, 0, 0, 1, 0, 2, 0, 0, 0, 0, 0, 0, 0, 1, 0, 0, 0, 0, 0, 0, 0, 0, 0, 2, 2, 1, 3, 1, 1, 4, 0, 2, 5, 4, 2, 5, 1, 6, 2, 3, 29, 0, 0, 0, 0, 0, 0]",4,8.934827753538862,-1,0
105,"[1, 0, 0, 1, 2, 0, 0, 1, 0, 0, 0, 0, 0, 0, 0, 0, 2, 0, 1, 0, 0, 2, 0, 0, 0, 0, 1, 0, 0, 0, 0, 0, 0, 0, 0, 0, 0, 0, 0, 0, 2, 0, 0, 1, 0, 2, 0, 0, 0, 0, 0, 0, 0, 1, 0, 0, 0, 0, 0, 0, 0, 0, 0, 2, 2, 1, 3, 1, 1, 4, 0, 2, 5, 4, 2, 5, 1, 6, 2, 3, 29, 0, 0, 0, 0, 0, 0]",-1,-0.03741317837892826,-1,1
106,"[1, 0, 0, 1, 2, 0, 0, 1, 0, 0, 0, 0, 0, 0, 0, 0, 2, 0, 1, 0, 0, 2, 0, 0, 0, 0, 1, 0, 0, 0, 0, 0, 0, 0, 0, 0, 0, 0, 0, 0, 2, 0, 0, 1, 0, 2, 0, 0, 0, 0, 0, 0, 0, 1, 0, 0, 0, 0, 0, 0, 0, 0, 0, 2, 2, 1, 3, 1, 1, 4, 0, 2, 5, 4, 2, 5, 1, 6, 2, 3, 30, 0, 0, 0, 0, 0, 0]",4,8.730272491371268,-1,1
107,"[1, 0, 0, 1, 2, 0, 0, 1, 0, 0, 0, 0, 0, 0, 0, 0, 2, 0, 1, 0, 0, 2, 0, 0, 0, 0, 1, 0, 0, 0, 0, 0, 0, 0, 0, 0, 0, 0, 0, 0, 2, 0, 0, 1, 0, 2, 0, 0, 0, 0, 0, 0, 0, 1, 0, 0, 0, 0, 0, 0, 0, 0, 0, 2, 2, 1, 3, 1, 1, 4, 0, 2, 5, 4, 2, 5, 1, 6, 2, 3, 30, 1, 0, 0, 0, 0, 0]",3,0.39977749279342795,-1,0
108,"[1, 0, 0, 1, 2, 0, 0, 1, 0, 0, 0, 0, 0, 0, 0, 0, 2, 0, 1, 0, 0, 2, 0, 0, 0, 0, 1, 0, 0, 0, 0, 0, 0, 0, 0, 0, 0, 0, 0, 0, 2, 0, 0, 1, 0, 2, 0, 0, 0, 0, 0, 0, 0, 1, 0, 0, 0, 0, 0, 0, 0, 0, 0, 2, 2, 1, 3, 1, 1, 4, 0, 2, 5, 4, 2, 5, 1, 6, 2, 3, 30, 0, 0, 0, 0, 0, 0]",-1,-0.0370409110340859,-1,0
109,"[1, 0, 0, 1, 2, 0, 0, 1, 0, 0, 0, 0, 0, 0, 0, 0, 2, 0, 1, 0, 0, 2, 0, 0, 0, 0, 1, 0, 0, 0, 0, 0, 0, 0, 0, 0, 0, 0, 0, 0, 2, 0, 0, 1, 0, 2, 0, 0, 0, 0, 0, 0, 0, 1, 0, 0, 0, 0, 0, 0, 0, 0, 0, 2, 2, 1, 3, 1, 1, 4, 0, 2, 5, 4, 2, 5, 1, 6, 2, 3, 30, 0, 1, 0, 0, 0, 0]",2,0.599777492793428,-1,0
110,"[1, 0, 0, 1, 2, 0, 0, 1, 0, 0, 0, 0, 0, 0, 0, 0, 2, 0, 1, 0, 0, 2, 0, 0, 0, 0, 1, 0, 0, 0, 0, 0, 0, 0, 0, 0, 0, 0, 0, 0, 2, 0, 0, 1, 0, 2, 0, 0, 0, 0, 0, 0, 0, 1, 0, 0, 0, 0, 0, 0, 0, 0, 0, 2, 2, 1, 3, 1, 1, 4, 0, 2, 5, 4, 2, 5, 1, 6, 2, 3, 30, 0, 0, 0, 0, 0, 0]",-1,-0.0370409110340859,-1,0
111,"[1, 0, 0, 1, 1, 0, 0, 1, 0, 0, 0, 0, 0, 0, 0, 0, 2, 0, 1, 0, 0, 2, 0, 0, 0, 0, 1, 0, 0, 0, 0, 0, 0, 0, 0, 0, 0, 0, 0, 0, 2, 0, 0, 1, 0, 2, 0, 0, 0, 0, 0, 0, 0, 1, 0, 0, 0, 0, 0, 0, 0, 0, 0, 2, 2, 1, 3, 1, 1, 4, 0, 2, 5, 4, 2, 5, 1, 6, 2, 2, 31, 0, 0, 0, 0, 0, 0]",4,8.933313415978427,-1,0
112,"[1, 0, 0, 1, 1, 0, 0, 1, 0, 0, 0, 0, 0, 0, 0, 0, 2, 0, 1, 0, 0, 2, 0, 0, 0, 0, 1, 0, 0, 0, 0, 0, 0, 0, 0, 0, 0, 0, 0, 0, 2, 0, 0, 1, 0, 2, 0, 0, 0, 0, 0, 0, 0, 1, 0, 0, 0, 0, 0, 0, 0, 0, 0, 2, 2, 1, 3, 1, 1, 4, 0, 2, 5, 4, 2, 5, 1, 6, 2, 2, 31, 0, 0, 0, 0, 0, 0]",1,0.8093925377160948,-1,1
113,"[1, 0, 0, 1, 1, 0, 0, 1, 0, 0, 0, 0, 0, 0, 0, 0, 2, 0, 1, 0, 0, 2, 0, 0, 0, 0, 1, 0, 0, 0, 0, 0, 0, 0, 0, 0, 0, 0, 0, 0, 2, 0, 0, 1, 0, 2, 0, 0, 0, 0, 0, 0, 0, 1, 0, 0, 0, 0, 0, 0, 0, 0, 0, 2, 2, 1, 3, 1, 1, 4, 0, 2, 5, 4, 2, 5, 1, 6, 2, 2, 31, 0, 0, 0, 0, 0, 0]",-1,-0.036672347811214465,-1,1
114,"[1, 0, 0, 1, 1, 0, 0, 1, 0, 0, 0, 0, 0, 0, 0, 0, 2, 0, 1, 0, 0, 2, 0, 0, 0, 0, 1, 0, 0, 0, 0, 0, 0, 0, 0, 0, 0, 0, 0, 0, 2, 0, 0, 1, 0, 2, 0, 0, 0, 0, 0, 0, 0, 1, 0, 0, 0, 0, 0, 0, 0, 0, 0, 2, 2, 1, 3, 1, 1, 4, 0, 2, 5, 4, 2, 5, 1, 6, 2, 2, 32, 0, 0, 0, 0, 0, 0]",4,8.93256685006945,-1,1
115,"[1, 0, 0, 1, 1, 0, 0, 1, 0, 0, 0, 0, 0, 0, 0, 0, 2, 0, 1, 0, 0, 2, 0, 0, 0, 0, 1, 0, 0, 0, 0, 0, 0, 0, 0, 0, 0, 0, 0, 0, 2, 0, 0, 1, 0, 2, 0, 0, 0, 0, 0, 0, 0, 1, 0, 0, 0, 0, 0, 0, 0, 0, 0, 2, 2, 1, 3, 1, 1, 4, 0, 2, 5, 4, 2, 5, 1, 6, 2, 2, 32, 0, 1, 0, 0, 0, 0]",2,0.5997589831532442,-1,0
116,"[1, 0, 0, 1, 1, 0, 0, 1, 0, 0, 0, 0, 0, 0, 0, 0, 2, 0, 1, 0, 0, 2, 0, 0, 0, 0, 1, 0, 0, 0, 0, 0, 0, 0, 0, 0, 0, 0, 0, 0, 2, 0, 0, 1, 0, 2, 0, 0, 0, 0, 0, 0, 0, 1, 0, 0, 0, 0, 0, 0, 0, 0, 0, 2, 2, 1, 3, 1, 1, 4, 0, 2, 5, 4, 2, 5, 1, 6, 2, 2, 32, 0, 0, 0, 0, 0, 0]",-1,-0.03630745185368455,-1,0
117,"[1, 0, 0, 1, 1, 0, 0, 1, 0, 0, 0, 0, 0, 0, 0, 0, 2, 0, 1, 0, 0, 2, 0, 0, 0, 0, 1, 0, 0, 0, 0, 0, 0, 0, 0, 0, 0, 0, 0, 0, 2, 0, 0, 1, 0, 2, 0, 0, 0, 0, 0, 0, 0, 1, 0, 0, 0, 0, 0, 0, 0, 0, 0, 2, 2, 1, 3, 1, 1, 4, 0, 2, 5, 4, 2, 5, 1, 6, 2, 2, 33, 0, 0, 0, 0, 0, 0]",4,8.931827234406725,-1,0
118,"[1, 0, 0, 1, 1, 0, 0, 1, 0, 0, 0, 0, 0, 0, 0, 0, 2, 0, 1, 0, 0, 2, 0, 0, 0, 0, 1, 0, 0, 0, 0, 0, 0, 0, 0, 0, 0, 0, 0, 0, 2, 0, 0, 1, 0, 2, 0, 0, 0, 0, 0, 0, 0, 1, 0, 0, 0, 0, 0, 0, 0, 0, 0, 2, 2, 1, 3, 1, 1, 4, 0, 2, 5, 4, 2, 5, 1, 6, 2, 2, 33, 0, 0, 0, 0, 0, 0]",-1,-0.03594618667159631,-1,1
119,"[1, 0, 0, 1, 1, 0, 0, 1, 0, 0, 0, 0, 0, 0, 0, 0, 2, 0, 1, 0, 0, 2, 0, 0, 0, 0, 1, 0, 0, 0, 0, 0, 0, 0, 0, 0, 0, 0, 0, 0, 2, 0, 0, 1, 0, 2, 0, 0, 0, 0, 0, 0, 0, 1, 0, 0, 0, 0, 0, 0, 0, 0, 0, 2, 2, 1, 3, 1, 1, 4, 0, 2, 5, 4, 2, 5, 1, 6, 2, 2, 33, 0, 0, 0, 0, 0, 0]",-1,-0.03594618667159631,-1,1
120,"[1, 0, 0, 1, 1, 0, 0, 1, 0, 0, 0, 0, 0, 0, 0, 0, 2, 0, 1, 0, 0, 2, 0, 0, 0, 0, 1, 0, 0, 0, 0, 0, 0, 0, 0, 0, 0, 0, 0, 0, 2, 0, 0, 1, 0, 2, 0, 0, 0, 0, 0, 0, 0, 1, 0, 0, 0, 0, 0, 0, 0, 0, 0, 2, 2, 1, 3, 1, 1, 4, 0, 2, 5, 4, 2, 5, 1, 6, 2, 2, 34, 0, 0, 0, 0, 0, 0]",4,8.931094480406264,-1,1
121,"[1, 0, 0, 1, 1, 0, 0, 1, 0, 0, 0, 0, 0, 0, 0, 0, 2, 0, 1, 0, 0, 2, 0, 0, 0, 0, 1, 0, 0, 0, 0, 0, 0, 0, 0, 0, 0, 0, 0, 0, 2, 0, 0, 1, 0, 2, 0, 0, 0, 0, 0, 0, 0, 1, 0, 0, 0, 0, 0, 0, 0, 0, 0, 2, 2, 1, 3, 1, 1, 4, 0, 2, 5, 4, 2, 5, 1, 6, 2, 2, 34, 0, 1, 0, 0, 0, 0]",2,0.5997389357692946,-1,0
122,"[1, 0, 0, 1, 1, 0, 0, 1, 0, 0, 0, 0, 0, 0, 0, 0, 2, 0, 1, 0, 0, 2, 0, 0, 0, 0, 1, 0, 0, 0, 0, 0, 0, 0, 0, 0, 0, 0, 0, 0, 2, 0, 0, 1, 0, 2, 0, 0, 0, 0, 0, 0, 0, 1, 0, 0, 0, 0, 0, 0, 0, 0, 0, 2, 2, 1, 3, 1, 1, 4, 0, 2, 5, 4, 2, 5, 1, 6, 2, 2, 34, 0, 0, 0, 0, 0, 0]",-1,-0.03558851613813049,-1,0
123,"[1, 0, 0, 1, 1, 0, 0, 1, 0, 0, 0, 0, 0, 0, 0, 0, 2, 0, 1, 0, 0, 2, 0, 0, 0, 0, 1, 0, 0, 0, 0, 0, 0, 0, 0, 0, 0, 0, 0, 0, 2, 0, 0, 1, 0, 2, 0, 0, 0, 0, 0, 0, 0, 1, 0, 0, 0, 0, 0, 0, 0, 0, 0, 2, 2, 1, 3, 1, 1, 4, 0, 2, 5, 4, 2, 5, 1, 6, 2, 2, 34, 1, 0, 0, 0, 0, 0]",3,0.39973893576929465,-1,0
124,"[1, 0, 0, 1, 1, 0, 0, 1, 0, 0, 0, 0, 0, 0, 0, 0, 2, 0, 1, 0, 0, 2, 0, 0, 0, 0, 1, 0, 0, 0, 0, 0, 0, 0, 0, 0, 0, 0, 0, 0, 2, 0, 0, 1, 0, 2, 0, 0, 0, 0, 0, 0, 0, 1, 0, 0, 0, 0, 0, 0, 0, 0, 0, 2, 2, 1, 3, 1, 1, 4, 0, 2, 5, 4, 2, 5, 1, 6, 2, 2, 34, 0, 0, 0, 0, 0, 0]",-1,-0.03558851613813049,-1,0
125,"[1, 0, 0, 1, 2, 0, 0, 1, 0, 0, 0, 0, 0, 0, 0, 0, 2, 0, 1, 0, 0, 2, 0, 0, 0, 0, 1, 0, 0, 0, 0, 0, 0, 0, 0, 0, 0, 0, 0, 0, 2, 0, 0, 1, 0, 2, 0, 0, 0, 0, 0, 0, 0, 1, 0, 0, 0, 0, 0, 0, 0, 0, 0, 2, 2, 1, 3, 1, 1, 4, 0, 2, 5, 4, 2, 5, 1, 6, 2, 2, 35, 0, 0, 0, 0, 0, 0]",4,8.930368499579952,-1,0
126,"[1, 0, 0, 1, 2, 0, 0, 1, 0, 0, 0, 0, 0, 0, 0, 0, 2, 0, 1, 0, 0, 2, 0, 0, 0, 0, 1, 0, 0, 0, 0, 0, 0, 0, 0, 0, 0, 0, 0, 0, 2, 0, 0, 1, 0, 2, 0, 0, 0, 0, 0, 0, 0, 1, 0, 0, 0, 0, 0, 0, 0, 0, 0, 2, 2, 1, 3, 1, 1, 4, 0, 2, 5, 4, 2, 5, 1, 6, 2, 2, 36, 0, 0, 0, 0, 0, 0]",4,8.725854674029362,-1,1
127,"[1, 0, 0, 1, 2, 0, 0, 1, 0, 0, 0, 0, 0, 0, 0, 0, 2, 0, 1, 0, 0, 2, 0, 0, 0, 0, 1, 0, 0, 0, 0, 0, 0, 0, 0, 0, 0, 0, 0, 0, 2, 0, 0, 1, 0, 2, 0, 0, 0, 0, 0, 0, 0, 1, 0, 0, 0, 0, 0, 0, 0, 0, 0, 2, 2, 1, 3, 1, 1, 4, 0, 2, 5, 4, 2, 5, 1, 6, 2, 2, 36, 0, 1, 0, 0, 0, 0]",2,0.5997172232375079,-1,0
128,"[1, 0, 0, 1, 2, 0, 0, 1, 0, 0, 0, 0, 0, 0, 0, 0, 2, 0, 1, 0, 0, 2, 0, 0, 0, 0, 1, 0, 0, 0, 0, 0, 0, 0, 0, 0, 0, 0, 0, 0, 2, 0, 0, 1, 0, 2, 0, 0, 0, 0, 0, 0, 0, 1, 0, 0, 0, 0, 0, 0, 0, 0, 0, 2, 2, 1, 3, 1, 1, 4, 0, 2, 5, 4, 2, 5, 1, 6, 2, 2, 36, 0, 1, 0, 0, 1, 0]","[[0 0 0 1]
 [1 0 0 0]]",0.8501420882955988,-1,0
129,"[2, 0, 0, 0, 1, 0, 0, 2, 0, 0, 0, 0, 0, 0, 0, 0, 2, 0, 1, 0, 0, 2, 0, 0, 0, 0, 1, 0, 0, 0, 0, 0, 0, 0, 0, 0, 0, 0, 0, 0, 2, 0, 0, 1, 0, 2, 0, 0, 0, 0, 0, 0, 0, 1, 0, 0, 0, 0, 0, 0, 0, 0, 0, 2, 2, 1, 3, 1, 1, 4, 0, 2, 5, 4, 2, 5, 1, 6, 2, 2, 36, 0, 0, 0, 0, 0, 0]",0,-0.0002827767624921297,-1,1
130,"[2, 0, 0, 0, 1, 0, 0, 2, 0, 0, 0, 0, 0, 0, 0, 0, 2, 0, 1, 0, 0, 2, 0, 0, 0, 0, 1, 0, 0, 0, 0, 0, 0, 0, 0, 0, 0, 0, 0, 0, 2, 0, 0, 1, 0, 2, 0, 0, 0, 0, 0, 0, 0, 1, 0, 0, 0, 0, 0, 0, 0, 0, 0, 2, 2, 1, 3, 1, 1, 4, 0, 2, 5, 4, 2, 5, 1, 6, 2, 2, 36, 1, 0, 0, 0, 0, 0]",3,0.3997172232375079,-1,0
131,"[0, 1, 0, 0, 1, 0, 0, 2, 0, 0, 0, 0, 0, 0, 0, 0, 2, 0, 1, 0, 0, 2, 0, 0, 0, 0, 1, 0, 0, 0, 0, 0, 0, 0, 0, 0, 0, 0, 0, 0, 2, 0, 0, 1, 0, 2, 0, 0, 0, 0, 0, 0, 0, 1, 0, 0, 0, 0, 0, 0, 0, 0, 0, 2, 2, 1, 3, 1, 1, 4, 0, 2, 5, 4, 2, 5, 1, 6, 2, 2, 36, 0, 0, 0, 0, 0, 0]","[[2 0 0 0]
 [0 1 0 0]]",0.0011749051485489236,-1,0
132,"[0, 1, 0, 0, 1, 0, 0, 2, 0, 0, 0, 0, 0, 0, 0, 0, 2, 0, 1, 0, 0, 2, 0, 0, 0, 0, 1, 0, 0, 0, 0, 0, 0, 0, 0, 0, 0, 0, 0, 0, 2, 0, 0, 1, 0, 2, 0, 0, 0, 0, 0, 0, 0, 1, 0, 0, 0, 0, 0, 0, 0, 0, 0, 2, 2, 1, 3, 1, 1, 4, 0, 2, 5, 4, 2, 5, 1, 6, 2, 2, 36, 1, 0, 0, 0, 0, 0]",3,0.3997172232375079,-1,0
133,"[0, 1, 0, 0, 1, 0, 0, 2, 0, 0, 0, 0, 0, 0, 0, 0, 2, 0, 1, 0, 0, 2, 0, 0, 0, 0, 1, 0, 0, 0, 0, 0, 0, 0, 0, 0, 0, 0, 0, 0, 2, 0, 0, 1, 0, 2, 0, 0, 0, 0, 0, 0, 0, 1, 0, 0, 0, 0, 0, 0, 0, 0, 0, 2, 2, 1, 3, 1, 1, 4, 0, 2, 5, 4, 2, 5, 1, 6, 2, 2, 36, 0, 0, 0, 0, 0, 0]",-1,-0.03488381630355155,-1,0
134,"[0, 1, 0, 0, 1, 0, 0, 2, 0, 0, 0, 0, 0, 0, 0, 0, 2, 0, 1, 0, 0, 2, 0, 0, 0, 0, 1, 0, 0, 0, 0, 0, 0, 0, 0, 0, 0, 0, 0, 0, 2, 0, 0, 1, 0, 2, 0, 0, 0, 0, 0, 0, 0, 1, 0, 0, 0, 0, 0, 0, 0, 0, 0, 2, 2, 1, 3, 1, 1, 4, 0, 2, 5, 4, 2, 5, 1, 6, 2, 2, 36, 1, 0, 0, 0, 0, 0]",3,0.3997172232375079,-1,0
135,"[0, 1, 0, 0, 1, 0, 0, 2, 0, 0, 0, 0, 0, 0, 0, 0, 2, 0, 1, 0, 0, 2, 0, 0, 0, 0, 1, 0, 0, 0, 0, 0, 0, 0, 0, 0, 0, 0, 0, 0, 2, 0, 0, 1, 0, 2, 0, 0, 0, 0, 0, 0, 0, 1, 0, 0, 0, 0, 0, 0, 0, 0, 0, 2, 2, 1, 3, 1, 1, 4, 0, 2, 5, 4, 2, 5, 1, 6, 2, 2, 36, 0, 0, 0, 0, 0, 0]",-1,-0.03488381630355155,-1,0
136,"[0, 1, 0, 0, 1, 0, 0, 2, 0, 0, 0, 0, 0, 0, 0, 0, 2, 0, 1, 0, 0, 2, 0, 0, 0, 0, 1, 0, 0, 0, 0, 0, 0, 0, 0, 0, 0, 0, 0, 0, 2, 0, 0, 1, 0, 2, 0, 0, 0, 0, 0, 0, 0, 1, 0, 0, 0, 0, 0, 0, 0, 0, 0, 2, 2, 1, 3, 1, 1, 4, 0, 2, 5, 4, 2, 5, 1, 6, 2, 2, 36, 1, 0, 0, 0, 0, 0]",3,0.3997172232375079,-1,0
137,"[0, 1, 0, 0, 1, 0, 0, 2, 0, 0, 0, 0, 0, 0, 0, 0, 2, 0, 1, 0, 0, 2, 0, 0, 0, 0, 1, 0, 0, 0, 0, 0, 0, 0, 0, 0, 0, 0, 0, 0, 2, 0, 0, 1, 0, 2, 0, 0, 0, 0, 0, 0, 0, 1, 0, 0, 0, 0, 0, 0, 0, 0, 0, 2, 2, 1, 3, 1, 1, 4, 0, 2, 5, 4, 2, 5, 1, 6, 2, 2, 36, 0, 0, 0, 0, 0, 0]",-1,-0.03488381630355155,-1,0
138,"[0, 1, 0, 0, 1, 0, 0, 3, 0, 0, 0, 0, 0, 0, 0, 0, 2, 0, 1, 0, 0, 2, 0, 0, 0, 0, 1, 0, 0, 0, 0, 0, 0, 0, 0, 0, 0, 0, 0, 0, 2, 0, 0, 1, 0, 2, 0, 0, 0, 0, 0, 0, 0, 1, 0, 0, 0, 0, 0, 0, 0, 0, 0, 2, 2, 1, 3, 1, 1, 4, 0, 2, 5, 4, 2, 5, 1, 6, 2, 2, 37, 0, 0, 0, 0, 0, 0]",4,8.766215152404756,-1,0
139,"[0, 1, 0, 0, 1, 0, 0, 3, 0, 0, 0, 0, 0, 0, 0, 0, 2, 0, 1, 0, 0, 2, 0, 0, 0, 0, 1, 0, 0, 0, 0, 0, 0, 0, 0, 0, 0, 0, 0, 0, 2, 0, 0, 1, 0, 2, 0, 0, 0, 0, 0, 0, 0, 1, 0, 0, 0, 0, 0, 0, 0, 0, 0, 2, 2, 1, 3, 1, 1, 4, 0, 2, 5, 4, 2, 5, 1, 6, 2, 2, 37, 0, 0, 0, 0, 0, 0]",-1,-0.03453671653186773,-1,1
140,"[0, 1, 0, 0, 1, 0, 0, 3, 0, 0, 0, 0, 0, 0, 0, 0, 2, 0, 1, 0, 0, 2, 0, 0, 0, 0, 1, 0, 0, 0, 0, 0, 0, 0, 0, 0, 0, 0, 0, 0, 2, 0, 0, 1, 0, 2, 0, 0, 0, 0, 0, 0, 0, 1, 0, 0, 0, 0, 0, 0, 0, 0, 0, 2, 2, 1, 3, 1, 1, 4, 0, 2, 5, 4, 2, 5, 1, 6, 2, 2, 37, 0, 1, 0, 0, 0, 0]",2,0.599705699880522,-1,1
141,"[0, 1, 0, 0, 1, 0, 0, 3, 0, 0, 0, 0, 0, 0, 0, 0, 2, 0, 1, 0, 0, 2, 0, 0, 0, 0, 1, 0, 0, 0, 0, 0, 0, 0, 0, 0, 0, 0, 0, 0, 2, 0, 0, 1, 0, 2, 0, 0, 0, 0, 0, 0, 0, 1, 0, 0, 0, 0, 0, 0, 0, 0, 0, 2, 2, 1, 3, 1, 1, 4, 0, 2, 5, 4, 2, 5, 1, 6, 2, 2, 37, 0, 0, 0, 0, 0, 0]",-1,-0.03453671653186773,-1,1
142,"[0, 1, 0, 0, 1, 0, 0, 4, 0, 0, 0, 0, 0, 0, 0, 0, 2, 0, 1, 0, 0, 2, 0, 0, 0, 0, 1, 0, 0, 0, 0, 0, 0, 0, 0, 0, 0, 0, 0, 0, 2, 0, 0, 1, 0, 2, 0, 0, 0, 0, 0, 0, 0, 1, 0, 0, 0, 0, 0, 0, 0, 0, 0, 2, 2, 1, 3, 1, 1, 4, 0, 2, 5, 4, 2, 5, 1, 6, 2, 2, 38, 0, 0, 0, 0, 0, 0]",4,8.428805386934203,-1,1
143,"[0, 1, 0, 0, 1, 0, 0, 4, 0, 0, 0, 0, 0, 0, 0, 0, 2, 0, 1, 0, 0, 2, 0, 0, 0, 0, 1, 0, 0, 0, 0, 0, 0, 0, 0, 0, 0, 0, 0, 0, 2, 0, 0, 1, 0, 2, 0, 0, 0, 0, 0, 0, 0, 1, 0, 0, 0, 0, 0, 0, 0, 0, 0, 2, 2, 1, 3, 1, 1, 4, 0, 2, 5, 4, 2, 5, 1, 6, 2, 2, 38, 0, 0, 0, 0, 0, 0]",0,0.6257927413585403,-1,0
144,"[0, 1, 0, 0, 1, 0, 0, 4, 0, 0, 0, 0, 0, 0, 0, 0, 2, 0, 1, 0, 0, 2, 0, 0, 0, 0, 1, 0, 0, 0, 0, 0, 0, 0, 0, 0, 0, 0, 0, 0, 2, 0, 0, 1, 0, 2, 0, 0, 0, 0, 0, 0, 0, 1, 0, 0, 0, 0, 0, 0, 0, 0, 0, 2, 2, 1, 3, 1, 1, 4, 0, 2, 5, 4, 2, 5, 1, 6, 2, 2, 38, 0, 0, 0, 0, 0, 0]",-1,-0.03419307046061779,-1,0
145,"[0, 1, 0, 0, 1, 0, 0, 4, 0, 0, 0, 0, 0, 0, 0, 0, 2, 0, 1, 0, 0, 2, 0, 0, 0, 0, 1, 0, 0, 0, 0, 0, 0, 0, 0, 0, 0, 0, 0, 0, 2, 0, 0, 1, 0, 2, 0, 0, 0, 0, 0, 0, 0, 1, 0, 0, 0, 0, 0, 0, 0, 0, 0, 2, 2, 1, 3, 1, 1, 4, 0, 2, 5, 4, 2, 5, 1, 6, 2, 2, 38, 1, 0, 0, 0, 0, 0]",3,0.39969370765859935,-1,0
146,"[0, 1, 0, 0, 1, 0, 0, 4, 0, 0, 0, 0, 0, 0, 0, 0, 2, 0, 1, 0, 0, 2, 0, 0, 0, 0, 1, 0, 0, 0, 0, 0, 0, 0, 0, 0, 0, 0, 0, 0, 2, 0, 0, 1, 0, 2, 0, 0, 0, 0, 0, 0, 0, 1, 0, 0, 0, 0, 0, 0, 0, 0, 0, 2, 2, 1, 3, 1, 1, 4, 0, 2, 5, 4, 2, 5, 1, 6, 2, 2, 38, 0, 0, 0, 0, 0, 0]",-1,-0.03419307046061779,-1,0
147,"[0, 1, 0, 0, 1, 0, 0, 4, 0, 0, 0, 0, 0, 0, 0, 0, 2, 0, 1, 0, 0, 2, 0, 0, 0, 0, 1, 0, 0, 0, 0, 0, 0, 0, 0, 0, 0, 0, 0, 0, 2, 0, 0, 1, 0, 2, 0, 0, 0, 0, 0, 0, 0, 1, 0, 0, 0, 0, 0, 0, 0, 0, 0, 2, 2, 1, 3, 1, 1, 4, 0, 2, 5, 4, 2, 5, 1, 6, 2, 2, 38, 0, 1, 0, 0, 0, 0]",2,0.5996937076585993,-1,0
148,"[0, 1, 0, 0, 1, 0, 0, 4, 0, 0, 0, 0, 0, 0, 0, 0, 2, 0, 1, 0, 0, 2, 0, 0, 0, 0, 1, 0, 0, 0, 0, 0, 0, 0, 0, 0, 0, 0, 0, 0, 2, 0, 0, 1, 0, 2, 0, 0, 0, 0, 0, 0, 0, 1, 0, 0, 0, 0, 0, 0, 0, 0, 0, 2, 2, 1, 3, 1, 1, 4, 0, 2, 5, 4, 2, 5, 1, 6, 2, 2, 38, 0, 1, 0, 0, 1, 0]","[[0 1 0 0]
 [0 0 0 1]]",0.8501185727166902,-1,0
149,"[0, 0, 0, 1, 1, 1, 0, 3, 0, 0, 0, 0, 0, 0, 0, 0, 2, 0, 1, 0, 0, 2, 0, 0, 0, 0, 1, 0, 0, 0, 0, 0, 0, 0, 0, 0, 0, 0, 0, 0, 2, 0, 0, 1, 0, 2, 0, 0, 0, 0, 0, 0, 0, 1, 0, 0, 0, 0, 0, 0, 0, 0, 0, 2, 2, 1, 3, 1, 1, 4, 0, 2, 5, 4, 2, 5, 1, 6, 2, 2, 38, 0, 0, 0, 0, 0, 0]",0,-0.000306292341400657,-1,1
150,"[0, 0, 0, 1, 1, 1, 0, 3, 0, 0, 0, 0, 0, 0, 0, 0, 2, 0, 1, 0, 0, 2, 0, 0, 0, 0, 1, 0, 0, 0, 0, 0, 0, 0, 0, 0, 0, 0, 0, 0, 2, 0, 0, 1, 0, 2, 0, 0, 0, 0, 0, 0, 0, 1, 0, 0, 0, 0, 0, 0, 0, 0, 0, 2, 2, 1, 3, 1, 1, 4, 0, 2, 5, 4, 2, 5, 1, 6, 2, 2, 38, 0, 1, 0, 0, 0, 0]",2,0.5996937076585993,-1,0
151,"[0, 0, 0, 1, 1, 1, 0, 3, 0, 0, 0, 0, 0, 0, 0, 0, 2, 0, 1, 0, 0, 2, 0, 0, 0, 0, 1, 0, 0, 0, 0, 0, 0, 0, 0, 0, 0, 0, 0, 0, 2, 0, 0, 1, 0, 2, 0, 0, 0, 0, 0, 0, 0, 1, 0, 0, 0, 0, 0, 0, 0, 0, 0, 2, 2, 1, 3, 1, 1, 4, 0, 2, 5, 4, 2, 5, 1, 6, 2, 2, 38, 0, 1, 0, 0, 1, 0]","[[0 0 0 1]
 [0 1 0 0]]",0.8501185727166902,-1,0
152,"[0, 0, 0, 1, 1, 1, 0, 3, 0, 0, 0, 0, 0, 0, 0, 0, 2, 0, 1, 0, 0, 2, 0, 0, 0, 0, 1, 0, 0, 0, 0, 0, 0, 0, 0, 0, 0, 0, 0, 0, 2, 0, 0, 1, 0, 2, 0, 0, 0, 0, 0, 0, 0, 1, 0, 0, 0, 0, 0, 0, 0, 0, 0, 2, 2, 1, 3, 1, 1, 4, 0, 2, 5, 4, 2, 5, 1, 6, 2, 2, 38, 0, 0, 0, 0, 0, 0]",1,-0.000306292341400657,-1,1
153,"[0, 0, 0, 1, 1, 1, 0, 3, 0, 0, 0, 0, 0, 0, 0, 0, 2, 0, 1, 0, 0, 2, 0, 0, 0, 0, 1, 0, 0, 0, 0, 0, 0, 0, 0, 0, 0, 0, 0, 0, 2, 0, 0, 1, 0, 2, 0, 0, 0, 0, 0, 0, 0, 1, 0, 0, 0, 0, 0, 0, 0, 0, 0, 2, 2, 1, 3, 1, 1, 4, 0, 2, 5, 4, 2, 5, 1, 6, 2, 2, 38, 1, 0, 0, 0, 0, 0]",3,0.39969370765859935,-1,0
154,"[0, 0, 0, 1, 1, 1, 0, 3, 0, 0, 0, 0, 0, 0, 0, 0, 2, 0, 1, 0, 0, 2, 0, 0, 0, 0, 1, 0, 0, 0, 0, 0, 0, 0, 0, 0, 0, 0, 0, 0, 2, 0, 0, 1, 0, 2, 0, 0, 0, 0, 0, 0, 0, 1, 0, 0, 0, 0, 0, 0, 0, 0, 0, 2, 2, 1, 3, 1, 1, 4, 0, 2, 5, 4, 2, 5, 1, 6, 2, 2, 38, 0, 0, 0, 0, 0, 0]",-1,-0.03419307046061779,-1,0
155,"[0, 0, 0, 1, 1, 1, 0, 3, 0, 0, 0, 0, 0, 0, 0, 0, 2, 0, 1, 0, 0, 2, 0, 0, 0, 0, 1, 0, 0, 0, 0, 0, 0, 0, 0, 0, 0, 0, 0, 0, 2, 0, 0, 1, 0, 2, 0, 0, 0, 0, 0, 0, 0, 1, 0, 0, 0, 0, 0, 0, 0, 0, 0, 2, 2, 1, 3, 1, 1, 4, 0, 2, 5, 4, 2, 5, 1, 6, 2, 2, 39, 0, 0, 0, 0, 0, 0]",4,8.764809188392706,-1,0
156,"[0, 0, 0, 1, 1, 1, 0, 3, 0, 0, 0, 0, 0, 0, 0, 0, 2, 0, 1, 0, 0, 2, 0, 0, 0, 0, 1, 0, 0, 0, 0, 0, 0, 0, 0, 0, 0, 0, 0, 0, 2, 0, 0, 1, 0, 2, 0, 0, 0, 0, 0, 0, 0, 1, 0, 0, 0, 0, 0, 0, 0, 0, 0, 2, 2, 1, 3, 1, 1, 4, 0, 2, 5, 4, 2, 5, 1, 6, 2, 2, 39, 0, 0, 0, 0, 0, 0]",-1,-0.03385284372490823,-1,1
157,"[0, 0, 0, 1, 1, 1, 0, 3, 0, 0, 0, 0, 0, 0, 0, 0, 2, 0, 1, 0, 0, 2, 0, 0, 0, 0, 1, 0, 0, 0, 0, 0, 0, 0, 0, 0, 0, 0, 0, 0, 2, 0, 0, 1, 0, 2, 0, 0, 0, 0, 0, 0, 0, 1, 0, 0, 0, 0, 0, 0, 0, 0, 0, 2, 2, 1, 3, 1, 1, 4, 0, 2, 5, 4, 2, 5, 1, 6, 2, 2, 39, 0, 0, 0, 0, 0, 0]",-1,-0.03385284372490823,-1,1
158,"[0, 0, 0, 1, 2, 1, 0, 3, 0, 0, 0, 0, 0, 0, 0, 0, 2, 0, 1, 0, 0, 2, 0, 0, 0, 0, 1, 0, 0, 0, 0, 0, 0, 0, 0, 0, 0, 0, 0, 0, 2, 0, 0, 1, 0, 2, 0, 0, 0, 0, 0, 0, 0, 1, 0, 0, 0, 0, 0, 0, 0, 0, 0, 2, 2, 1, 3, 1, 1, 4, 0, 2, 5, 4, 2, 5, 1, 6, 2, 2, 40, 0, 0, 0, 0, 0, 0]",4,8.809628395848295,-1,1
159,"[0, 0, 0, 1, 2, 1, 0, 3, 0, 0, 0, 0, 0, 0, 0, 0, 2, 0, 1, 0, 0, 2, 0, 0, 0, 0, 1, 0, 0, 0, 0, 0, 0, 0, 0, 0, 0, 0, 0, 0, 2, 0, 0, 1, 0, 2, 0, 0, 0, 0, 0, 0, 0, 1, 0, 0, 0, 0, 0, 0, 0, 0, 0, 2, 2, 1, 3, 1, 1, 4, 0, 2, 5, 4, 2, 5, 1, 6, 2, 2, 40, 1, 0, 0, 0, 0, 0]",3,0.39966823978396515,-1,0
160,"[0, 0, 0, 1, 2, 1, 0, 3, 0, 0, 0, 0, 0, 0, 0, 0, 2, 0, 1, 0, 0, 2, 0, 0, 0, 0, 1, 0, 0, 0, 0, 0, 0, 0, 0, 0, 0, 0, 0, 0, 2, 0, 0, 1, 0, 2, 0, 0, 0, 0, 0, 0, 0, 1, 0, 0, 0, 0, 0, 0, 0, 0, 0, 2, 2, 1, 3, 1, 1, 4, 0, 2, 5, 4, 2, 5, 1, 6, 2, 2, 40, 0, 0, 0, 0, 0, 0]",-1,-0.03351600230178197,-1,0
161,"[0, 0, 0, 1, 2, 1, 0, 3, 0, 0, 0, 0, 0, 0, 0, 0, 2, 0, 1, 0, 0, 2, 0, 0, 0, 0, 1, 0, 0, 0, 0, 0, 0, 0, 0, 0, 0, 0, 0, 0, 2, 0, 0, 1, 0, 2, 0, 0, 0, 0, 0, 0, 0, 1, 0, 0, 0, 0, 0, 0, 0, 0, 0, 2, 2, 1, 3, 1, 1, 4, 0, 2, 5, 4, 2, 5, 1, 6, 2, 2, 40, 1, 0, 0, 0, 0, 0]",3,0.39966823978396515,-1,0
162,"[0, 0, 0, 1, 2, 1, 0, 3, 0, 0, 0, 0, 0, 0, 0, 0, 2, 0, 1, 0, 0, 2, 0, 0, 0, 0, 1, 0, 0, 0, 0, 0, 0, 0, 0, 0, 0, 0, 0, 0, 2, 0, 0, 1, 0, 2, 0, 0, 0, 0, 0, 0, 0, 1, 0, 0, 0, 0, 0, 0, 0, 0, 0, 2, 2, 1, 3, 1, 1, 4, 0, 2, 5, 4, 2, 5, 1, 6, 2, 2, 40, 0, 0, 0, 0, 0, 0]",-1,-0.03351600230178197,-1,0
163,"[0, 0, 0, 1, 3, 1, 0, 3, 0, 0, 0, 0, 0, 0, 0, 0, 2, 0, 1, 0, 0, 2, 0, 0, 0, 0, 1, 0, 0, 0, 0, 0, 0, 0, 0, 0, 0, 0, 0, 0, 2, 0, 0, 1, 0, 2, 0, 0, 0, 0, 0, 0, 0, 1, 0, 0, 0, 0, 0, 0, 0, 0, 0, 2, 2, 1, 3, 1, 1, 4, 0, 2, 5, 4, 2, 5, 1, 6, 2, 2, 41, 0, 0, 0, 0, 0, 0]",4,8.763428548287546,-1,0
164,"[0, 0, 0, 1, 1, 1, 0, 1, 0, 0, 0, 0, 0, 0, 0, 0, 2, 0, 1, 0, 0, 2, 0, 0, 0, 0, 1, 0, 0, 0, 0, 0, 0, 0, 0, 0, 0, 0, 0, 0, 2, 0, 0, 1, 0, 2, 0, 0, 0, 0, 0, 0, 0, 1, 0, 0, 0, 0, 0, 0, 0, 0, 0, 2, 2, 1, 3, 1, 1, 4, 0, 2, 5, 4, 2, 5, 1, 6, 2, 6, 42, 0, 0, 0, 0, 0, 0]",4,9.199398967117641,-1,1
165,"[0, 0, 0, 1, 1, 1, 0, 1, 0, 0, 0, 0, 0, 0, 0, 0, 2, 0, 1, 0, 0, 2, 0, 0, 0, 0, 1, 0, 0, 0, 0, 0, 0, 0, 0, 0, 0, 0, 0, 0, 2, 0, 0, 1, 0, 2, 0, 0, 0, 0, 0, 0, 0, 1, 0, 0, 0, 0, 0, 0, 0, 0, 0, 2, 2, 1, 3, 1, 1, 4, 0, 2, 5, 4, 2, 5, 1, 6, 2, 6, 43, 0, 0, 0, 0, 0, 0]",4,8.76207252239322,-1,0
166,"[0, 0, 0, 1, 1, 1, 0, 1, 0, 0, 0, 0, 0, 0, 0, 0, 2, 0, 1, 0, 0, 2, 0, 0, 0, 0, 1, 0, 0, 0, 0, 0, 0, 0, 0, 0, 0, 0, 0, 0, 2, 0, 0, 1, 0, 2, 0, 0, 0, 0, 0, 0, 0, 1, 0, 0, 0, 0, 0, 0, 0, 0, 0, 2, 2, 1, 3, 1, 1, 4, 0, 2, 5, 4, 2, 5, 1, 6, 2, 6, 43, 0, 1, 0, 0, 0, 0]",2,0.5996260204945831,-1,1
167,"[0, 0, 0, 1, 1, 1, 0, 1, 0, 0, 0, 0, 0, 0, 0, 0, 2, 0, 1, 0, 0, 2, 0, 0, 0, 0, 1, 0, 0, 0, 0, 0, 0, 0, 0, 0, 0, 0, 0, 0, 2, 0, 0, 1, 0, 2, 0, 0, 0, 0, 0, 0, 0, 1, 0, 0, 0, 0, 0, 0, 0, 0, 0, 2, 2, 1, 3, 1, 1, 4, 0, 2, 5, 4, 2, 5, 1, 6, 2, 6, 43, 0, 0, 0, 0, 0, 0]",-1,-0.032525454736165825,-1,1
168,"[0, 0, 0, 1, 1, 1, 0, 1, 0, 0, 0, 0, 0, 0, 0, 0, 2, 0, 1, 0, 0, 2, 0, 0, 0, 0, 1, 0, 0, 0, 0, 0, 0, 0, 0, 0, 0, 0, 0, 0, 2, 0, 0, 1, 0, 2, 0, 0, 0, 0, 0, 0, 0, 1, 0, 0, 0, 0, 0, 0, 0, 0, 0, 2, 2, 1, 3, 1, 1, 4, 0, 2, 5, 4, 2, 5, 1, 6, 2, 6, 43, 0, 1, 0, 0, 0, 0]",2,0.5996260204945831,-1,1
169,"[0, 0, 0, 1, 1, 1, 0, 1, 0, 0, 0, 0, 0, 0, 0, 0, 2, 0, 1, 0, 0, 2, 0, 0, 0, 0, 1, 0, 0, 0, 0, 0, 0, 0, 0, 0, 0, 0, 0, 0, 2, 0, 0, 1, 0, 2, 0, 0, 0, 0, 0, 0, 0, 1, 0, 0, 0, 0, 0, 0, 0, 0, 0, 2, 2, 1, 3, 1, 1, 4, 0, 2, 5, 4, 2, 5, 1, 6, 2, 6, 43, 0, 0, 0, 0, 0, 0]",-1,-0.032525454736165825,-1,1
170,"[0, 0, 1, 1, 1, 1, 0, 1, 0, 0, 0, 0, 0, 0, 0, 0, 2, 0, 1, 0, 0, 2, 0, 0, 0, 0, 1, 0, 0, 0, 0, 0, 0, 0, 0, 0, 0, 0, 0, 0, 2, 0, 0, 1, 0, 2, 0, 0, 0, 0, 0, 0, 0, 1, 0, 0, 0, 0, 0, 0, 0, 0, 0, 2, 2, 1, 3, 1, 1, 4, 0, 2, 5, 4, 2, 5, 1, 6, 2, 6, 44, 0, 0, 0, 0, 0, 0]",4,9.19805498128544,-1,1
171,"[0, 0, 1, 1, 1, 1, 0, 1, 0, 0, 0, 0, 0, 0, 0, 0, 2, 0, 1, 0, 0, 2, 0, 0, 0, 0, 1, 0, 0, 0, 0, 0, 0, 0, 0, 0, 0, 0, 0, 0, 2, 0, 0, 1, 0, 2, 0, 0, 0, 0, 0, 0, 0, 1, 0, 0, 0, 0, 0, 0, 0, 0, 0, 2, 2, 1, 3, 1, 1, 4, 0, 2, 5, 4, 2, 5, 1, 6, 2, 6, 44, 0, 0, 0, 0, 0, 0]",0,0.6257098215029239,-1,0
172,"[0, 0, 1, 1, 1, 1, 0, 1, 0, 0, 0, 0, 0, 0, 0, 0, 2, 0, 1, 0, 0, 2, 0, 0, 0, 0, 1, 0, 0, 0, 0, 0, 0, 0, 0, 0, 0, 0, 0, 0, 2, 0, 0, 1, 0, 2, 0, 0, 0, 0, 0, 0, 0, 1, 0, 0, 0, 0, 0, 0, 0, 0, 0, 2, 2, 1, 3, 1, 1, 4, 0, 2, 5, 4, 2, 5, 1, 6, 2, 6, 44, 0, 0, 0, 0, 0, 0]",-1,-0.03220182105415707,-1,0
173,"[0, 0, 1, 1, 1, 1, 0, 1, 0, 0, 0, 0, 0, 0, 0, 0, 2, 0, 1, 0, 0, 2, 0, 0, 0, 0, 1, 0, 0, 0, 0, 0, 0, 0, 0, 0, 0, 0, 0, 0, 2, 0, 0, 1, 0, 2, 0, 0, 0, 0, 0, 0, 0, 1, 0, 0, 0, 0, 0, 0, 0, 0, 0, 2, 2, 1, 3, 1, 1, 4, 0, 2, 5, 4, 2, 5, 1, 6, 2, 4, 45, 0, 0, 0, 0, 0, 0]",4,8.92346174932428,-1,0
174,"[0, 0, 1, 1, 1, 1, 0, 1, 0, 0, 0, 0, 0, 0, 0, 0, 2, 0, 1, 0, 0, 2, 0, 0, 0, 0, 1, 0, 0, 0, 0, 0, 0, 0, 0, 0, 0, 0, 0, 0, 2, 0, 0, 1, 0, 2, 0, 0, 0, 0, 0, 0, 0, 1, 0, 0, 0, 0, 0, 0, 0, 0, 0, 2, 2, 1, 3, 1, 1, 4, 0, 2, 5, 4, 2, 5, 1, 6, 2, 4, 45, 0, 0, 0, 0, 0, 0]",0,0.6256939696221311,-1,1
175,"[0, 0, 1, 1, 0, 0, 0, 1, 0, 0, 0, 0, 0, 0, 0, 0, 2, 0, 1, 0, 0, 2, 0, 0, 0, 0, 1, 0, 0, 0, 0, 0, 0, 0, 0, 0, 0, 0, 0, 0, 2, 0, 0, 1, 0, 2, 0, 0, 2, 0, 0, 0, 0, 1, 0, 0, 0, 0, 0, 0, 0, 0, 0, 2, 2, 1, 3, 1, 1, 4, 0, 2, 5, 4, 2, 5, 1, 6, 2, 4, 45, 0, 0, 0, 0, 0, 0]",16,0.49959493592219,-1,1
176,"[0, 0, 1, 1, 0, 0, 0, 1, 0, 0, 0, 0, 0, 0, 0, 0, 2, 0, 1, 0, 0, 2, 0, 0, 0, 0, 1, 0, 0, 0, 0, 0, 0, 0, 0, 0, 0, 0, 0, 0, 2, 0, 0, 1, 0, 2, 0, 0, 2, 0, 0, 0, 0, 1, 0, 0, 0, 0, 0, 0, 0, 0, 0, 2, 2, 1, 3, 1, 1, 4, 0, 2, 5, 4, 2, 5, 1, 6, 2, 4, 45, 0, 0, 0, 0, 0, 0]",-1,-0.03188140758108867,-1,1
177,"[0, 0, 1, 1, 0, 0, 0, 1, 0, 0, 0, 0, 0, 0, 0, 0, 2, 0, 1, 0, 0, 2, 0, 0, 0, 0, 1, 0, 0, 0, 0, 0, 0, 0, 0, 0, 0, 0, 0, 0, 2, 0, 0, 1, 0, 2, 0, 0, 2, 0, 0, 0, 0, 1, 0, 0, 0, 0, 0, 0, 0, 0, 0, 2, 2, 1, 3, 1, 1, 4, 0, 2, 5, 4, 2, 5, 1, 6, 2, 4, 46, 0, 0, 0, 0, 0, 0]",4,10.160083074866897,-1,1
178,"[0, 0, 1, 1, 0, 0, 0, 1, 0, 0, 0, 0, 0, 0, 0, 0, 2, 0, 1, 0, 0, 2, 0, 0, 0, 0, 1, 0, 0, 0, 0, 0, 0, 0, 0, 0, 0, 0, 0, 0, 2, 0, 0, 1, 0, 2, 0, 0, 2, 0, 0, 0, 0, 1, 0, 0, 0, 0, 0, 0, 0, 0, 0, 2, 2, 1, 3, 1, 1, 4, 0, 2, 5, 4, 2, 5, 1, 6, 2, 4, 46, 1, 0, 0, 0, 0, 0]",3,0.3995784397875914,-1,0
179,"[0, 0, 1, 1, 0, 0, 0, 1, 0, 0, 0, 0, 0, 0, 0, 0, 2, 0, 1, 0, 0, 2, 0, 0, 0, 0, 1, 0, 0, 0, 0, 0, 0, 0, 0, 0, 0, 0, 0, 0, 2, 0, 0, 1, 0, 2, 0, 0, 2, 0, 0, 0, 0, 1, 0, 0, 0, 0, 0, 0, 0, 0, 0, 2, 2, 1, 3, 1, 1, 4, 0, 2, 5, 4, 2, 5, 1, 6, 2, 4, 46, 0, 0, 0, 0, 0, 0]",-1,-0.0315641822753463,-1,0
180,"[0, 0, 1, 1, 0, 0, 0, 1, 0, 0, 0, 0, 0, 0, 0, 0, 2, 0, 1, 0, 0, 2, 0, 0, 0, 0, 1, 0, 0, 0, 0, 0, 0, 0, 0, 0, 0, 0, 0, 0, 2, 0, 0, 1, 0, 2, 0, 0, 2, 0, 0, 0, 0, 1, 0, 0, 0, 0, 0, 0, 0, 0, 0, 2, 2, 1, 3, 1, 1, 4, 0, 2, 5, 4, 2, 5, 1, 6, 2, 4, 46, 0, 1, 0, 0, 0, 0]",2,0.5995784397875913,-1,0
181,"[0, 0, 1, 1, 0, 0, 0, 1, 0, 0, 0, 0, 0, 0, 0, 0, 2, 0, 1, 0, 0, 2, 0, 0, 0, 0, 1, 0, 0, 0, 0, 0, 0, 0, 0, 0, 0, 0, 0, 0, 2, 0, 0, 1, 0, 2, 0, 0, 2, 0, 0, 0, 0, 1, 0, 0, 0, 0, 0, 0, 0, 0, 0, 2, 2, 1, 3, 1, 1, 4, 0, 2, 5, 4, 2, 5, 1, 6, 2, 4, 46, 0, 0, 0, 0, 0, 0]",-1,-0.0315641822753463,-1,0
182,"[0, 0, 1, 1, 0, 0, 0, 1, 0, 0, 0, 0, 0, 0, 0, 0, 2, 0, 1, 0, 0, 2, 0, 0, 0, 0, 1, 0, 0, 0, 0, 0, 0, 0, 0, 0, 0, 0, 0, 0, 2, 0, 0, 1, 0, 2, 0, 0, 2, 0, 0, 0, 0, 1, 0, 0, 0, 0, 0, 0, 0, 0, 0, 2, 2, 1, 3, 1, 1, 4, 0, 2, 5, 4, 2, 5, 1, 6, 2, 4, 46, 1, 0, 0, 0, 0, 0]",3,0.3995784397875914,-1,0
183,"[0, 0, 1, 1, 0, 0, 0, 1, 0, 0, 0, 0, 0, 0, 0, 0, 2, 0, 1, 0, 0, 2, 0, 0, 0, 0, 1, 0, 0, 0, 0, 0, 0, 0, 0, 0, 0, 0, 0, 0, 2, 0, 0, 1, 0, 2, 0, 0, 2, 0, 0, 0, 0, 1, 0, 0, 0, 0, 0, 0, 0, 0, 0, 2, 2, 1, 3, 1, 1, 4, 0, 2, 5, 4, 2, 5, 1, 6, 2, 4, 46, 0, 0, 0, 0, 0, 0]",-1,-0.0315641822753463,-1,0
184,"[0, 0, 1, 1, 0, 0, 0, 1, 0, 0, 0, 0, 0, 0, 0, 0, 2, 0, 1, 0, 0, 2, 0, 0, 0, 0, 1, 0, 0, 0, 0, 0, 0, 0, 0, 0, 0, 0, 0, 0, 2, 0, 0, 1, 0, 2, 0, 0, 2, 0, 0, 0, 0, 1, 0, 0, 0, 0, 0, 0, 0, 0, 0, 2, 2, 1, 3, 1, 1, 4, 0, 2, 5, 4, 2, 5, 1, 6, 2, 4, 46, 1, 0, 0, 0, 0, 0]",3,0.3995784397875914,-1,0
185,"[0, 0, 1, 1, 0, 0, 0, 1, 0, 0, 0, 0, 0, 0, 0, 0, 2, 0, 1, 0, 0, 2, 0, 0, 0, 0, 1, 0, 0, 0, 0, 0, 0, 0, 0, 0, 0, 0, 0, 0, 2, 0, 0, 1, 0, 2, 0, 0, 2, 0, 0, 0, 0, 1, 0, 0, 0, 0, 0, 0, 0, 0, 0, 2, 2, 1, 3, 1, 1, 4, 0, 2, 5, 4, 2, 5, 1, 6, 2, 4, 46, 0, 0, 0, 0, 0, 0]",-1,-0.0315641822753463,-1,0
186,"[0, 0, 1, 1, 0, 0, 0, 1, 0, 0, 0, 0, 0, 0, 0, 0, 2, 0, 1, 0, 0, 2, 0, 0, 0, 0, 1, 0, 0, 0, 0, 0, 0, 0, 0, 0, 0, 0, 0, 0, 2, 0, 0, 1, 0, 2, 0, 0, 2, 0, 0, 0, 0, 1, 0, 0, 0, 0, 0, 0, 0, 0, 0, 2, 2, 1, 3, 1, 1, 4, 0, 2, 5, 4, 2, 5, 1, 6, 2, 2, 47, 0, 0, 0, 0, 0, 0]",4,8.922152809173127,-1,0
187,"[0, 0, 1, 1, 0, 0, 0, 1, 0, 0, 0, 0, 0, 0, 0, 0, 2, 0, 1, 0, 0, 2, 0, 0, 0, 0, 1, 0, 0, 0, 0, 0, 0, 0, 0, 0, 0, 0, 0, 0, 2, 0, 0, 1, 0, 2, 0, 0, 2, 0, 0, 0, 0, 1, 0, 0, 0, 0, 0, 0, 0, 0, 0, 2, 2, 1, 3, 1, 1, 4, 0, 2, 5, 4, 2, 5, 1, 6, 2, 2, 47, 1, 0, 0, 0, 0, 0]",3,0.39956127332865826,-1,1
188,"[0, 0, 1, 1, 0, 0, 0, 1, 0, 0, 0, 0, 0, 0, 0, 0, 2, 0, 1, 0, 0, 2, 0, 0, 0, 0, 1, 0, 0, 0, 0, 0, 0, 0, 0, 0, 0, 0, 0, 0, 2, 0, 0, 1, 0, 2, 0, 0, 2, 0, 0, 0, 0, 1, 0, 0, 0, 0, 0, 0, 0, 0, 0, 2, 2, 1, 3, 1, 1, 4, 0, 2, 5, 4, 2, 5, 1, 6, 2, 2, 47, 0, 0, 0, 0, 0, 0]",-1,-0.03125011341413504,-1,1
189,"[0, 0, 1, 1, 0, 0, 0, 1, 0, 0, 0, 0, 0, 0, 0, 0, 2, 0, 1, 0, 0, 2, 0, 0, 0, 0, 1, 0, 0, 0, 0, 0, 0, 0, 0, 0, 0, 0, 0, 0, 2, 0, 0, 1, 0, 2, 0, 0, 2, 0, 0, 0, 0, 1, 0, 0, 0, 0, 0, 0, 0, 0, 0, 2, 2, 1, 3, 1, 1, 4, 0, 2, 5, 4, 2, 5, 1, 6, 2, 2, 47, 1, 0, 0, 0, 0, 0]",3,0.39956127332865826,-1,1
190,"[0, 0, 1, 1, 0, 0, 0, 1, 0, 0, 0, 0, 0, 0, 0, 0, 2, 0, 1, 0, 0, 2, 0, 0, 0, 0, 1, 0, 0, 0, 0, 0, 0, 0, 0, 0, 0, 0, 0, 0, 2, 0, 0, 1, 0, 2, 0, 0, 2, 0, 0, 0, 0, 1, 0, 0, 0, 0, 0, 0, 0, 0, 0, 2, 2, 1, 3, 1, 1, 4, 0, 2, 5, 4, 2, 5, 1, 6, 2, 2, 47, 0, 0, 0, 0, 0, 0]",-1,-0.03125011341413504,-1,1
191,"[0, 0, 1, 1, 0, 0, 0, 1, 0, 0, 0, 0, 0, 0, 0, 0, 2, 0, 1, 0, 0, 2, 0, 0, 0, 0, 1, 0, 0, 0, 0, 0, 0, 0, 0, 0, 0, 0, 0, 0, 2, 0, 0, 1, 0, 2, 0, 0, 2, 0, 0, 0, 0, 1, 0, 0, 0, 0, 0, 0, 0, 0, 0, 2, 2, 1, 3, 1, 1, 4, 0, 2, 5, 4, 2, 5, 1, 6, 2, 2, 47, 0, 0, 0, 0, 0, 0]",-1,-0.03125011341413504,-1,1
192,"[0, 0, 1, 1, 1, 0, 0, 1, 0, 0, 0, 0, 0, 0, 0, 0, 2, 0, 1, 0, 0, 2, 0, 0, 0, 0, 1, 0, 0, 0, 0, 0, 0, 0, 0, 0, 0, 0, 0, 0, 2, 0, 0, 1, 0, 2, 0, 0, 2, 0, 0, 0, 0, 1, 0, 0, 0, 0, 0, 0, 0, 0, 0, 2, 2, 1, 3, 1, 1, 4, 0, 2, 5, 4, 2, 5, 1, 6, 2, 2, 48, 0, 0, 0, 0, 0, 0]",4,10.321506807551344,-1,1
193,"[0, 0, 1, 1, 1, 0, 0, 1, 0, 0, 0, 0, 0, 0, 0, 0, 2, 0, 1, 0, 0, 2, 0, 0, 0, 0, 1, 0, 0, 0, 0, 0, 0, 0, 0, 0, 0, 0, 0, 0, 2, 0, 0, 1, 0, 2, 0, 0, 2, 0, 0, 0, 0, 1, 0, 0, 0, 0, 0, 0, 0, 0, 0, 2, 2, 1, 3, 1, 1, 4, 0, 2, 5, 4, 2, 5, 1, 6, 2, 2, 49, 0, 0, 0, 0, 0, 0]",4,8.920866330361102,-1,0
194,"[0, 0, 1, 1, 1, 0, 0, 1, 0, 0, 0, 0, 0, 0, 0, 0, 2, 0, 1, 0, 0, 2, 0, 0, 0, 0, 1, 0, 0, 0, 0, 0, 0, 0, 0, 0, 0, 0, 0, 0, 2, 0, 0, 1, 0, 2, 0, 0, 2, 0, 0, 0, 0, 1, 0, 0, 0, 0, 0, 0, 0, 0, 0, 2, 2, 1, 3, 1, 1, 4, 0, 2, 5, 4, 2, 5, 1, 6, 2, 2, 49, 0, 0, 0, 0, 0, 0]",-1,-0.030631319709220808,-1,1
195,"[0, 0, 1, 1, 2, 0, 0, 1, 0, 0, 0, 0, 0, 0, 0, 0, 2, 0, 1, 0, 0, 2, 0, 0, 0, 0, 1, 0, 0, 0, 0, 0, 0, 0, 0, 0, 0, 0, 0, 0, 2, 0, 0, 1, 0, 2, 0, 0, 2, 0, 0, 0, 0, 1, 0, 0, 0, 0, 0, 0, 0, 0, 0, 2, 2, 1, 3, 1, 1, 4, 0, 2, 5, 4, 2, 5, 1, 6, 2, 2, 50, 0, 0, 0, 0, 0, 0]",4,10.116436756607097,-1,1
196,"[0, 0, 1, 1, 2, 0, 0, 1, 0, 0, 0, 0, 0, 0, 0, 0, 2, 0, 1, 0, 0, 2, 0, 0, 0, 0, 1, 0, 0, 0, 0, 0, 0, 0, 0, 0, 0, 0, 0, 0, 2, 0, 0, 1, 0, 2, 0, 0, 2, 0, 0, 0, 0, 1, 0, 0, 0, 0, 0, 0, 0, 0, 0, 2, 2, 1, 3, 1, 1, 4, 0, 2, 5, 4, 2, 5, 1, 6, 2, 2, 50, 0, 1, 0, 0, 0, 0]",2,0.599505475368673,-1,0
197,"[0, 0, 1, 1, 2, 0, 0, 1, 0, 0, 0, 0, 0, 0, 0, 0, 2, 0, 1, 0, 0, 2, 0, 0, 0, 0, 1, 0, 0, 0, 0, 0, 0, 0, 0, 0, 0, 0, 0, 0, 2, 0, 0, 1, 0, 2, 0, 0, 2, 0, 0, 0, 0, 1, 0, 0, 0, 0, 0, 0, 0, 0, 0, 2, 2, 1, 3, 1, 1, 4, 0, 2, 5, 4, 2, 5, 1, 6, 2, 2, 50, 0, 1, 0, 0, 1, 0]","[[0 0 0 1]
 [1 0 0 0]]",0.849930340426764,-1,0
198,"[0, 0, 1, 1, 2, 0, 0, 1, 0, 0, 0, 0, 0, 0, 0, 0, 2, 0, 1, 0, 0, 2, 0, 0, 0, 0, 1, 0, 0, 0, 0, 0, 0, 0, 0, 0, 0, 0, 0, 0, 2, 0, 0, 1, 0, 2, 0, 0, 2, 0, 0, 0, 0, 1, 0, 0, 0, 0, 0, 0, 0, 0, 0, 2, 2, 1, 3, 1, 1, 4, 0, 2, 5, 4, 2, 5, 1, 6, 2, 2, 50, 0, 0, 0, 0, 0, 0]",1,-0.0004945246313269549,-1,1
199,"[0, 0, 1, 1, 2, 0, 0, 1, 0, 0, 0, 0, 0, 0, 0, 0, 2, 0, 1, 0, 0, 2, 0, 0, 0, 0, 1, 0, 0, 0, 0, 0, 0, 0, 0, 0, 0, 0, 0, 0, 2, 0, 0, 1, 0, 2, 0, 0, 2, 0, 0, 0, 0, 1, 0, 0, 0, 0, 0, 0, 0, 0, 0, 2, 2, 1, 3, 1, 1, 4, 0, 2, 5, 4, 2, 5, 1, 6, 2, 2, 50, 0, 0, 0, 0, 0, 0]",0,0.6256045090686141,-1,0
200,"[0, 0, 1, 1, 2, 0, 0, 1, 0, 0, 0, 0, 0, 0, 0, 0, 2, 0, 1, 0, 0, 2, 0, 0, 0, 0, 1, 0, 0, 0, 0, 0, 0, 0, 0, 0, 0, 0, 0, 0, 2, 0, 0, 1, 0, 2, 0, 0, 2, 0, 0, 0, 0, 1, 0, 0, 0, 0, 0, 0, 0, 0, 0, 2, 2, 1, 3, 1, 1, 4, 0, 2, 5, 4, 2, 5, 1, 6, 2, 2, 50, 0, 0, 0, 0, 0, 0]",-1,-0.030326532985631673,-1,0
201,"[0, 0, 1, 1, 2, 0, 0, 1, 0, 0, 0, 0, 0, 0, 0, 0, 2, 0, 1, 0, 0, 2, 0, 0, 0, 0, 1, 0, 0, 0, 0, 0, 0, 0, 0, 0, 0, 0, 0, 0, 2, 0, 0, 1, 0, 2, 0, 0, 2, 0, 0, 0, 0, 1, 0, 0, 0, 0, 0, 0, 0, 0, 0, 2, 2, 1, 3, 1, 1, 4, 0, 2, 5, 4, 2, 5, 1, 6, 2, 2, 50, 1, 0, 0, 0, 0, 0]",3,0.3995054753686731,-1,0
202,"[0, 0, 1, 1, 2, 0, 0, 1, 0, 0, 0, 0, 0, 0, 0, 0, 2, 0, 1, 0, 0, 2, 0, 0, 0, 0, 1, 0, 0, 0, 0, 0, 0, 0, 0, 0, 0, 0, 0, 0, 2, 0, 0, 1, 0, 2, 0, 0, 2, 0, 0, 0, 0, 1, 0, 0, 0, 0, 0, 0, 0, 0, 0, 2, 2, 1, 3, 1, 1, 4, 0, 2, 5, 4, 2, 5, 1, 6, 2, 2, 50, 0, 0, 0, 0, 0, 0]",-1,-0.030326532985631673,-1,0
203,"[0, 0, 1, 1, 2, 0, 0, 1, 0, 0, 0, 0, 0, 0, 0, 0, 2, 0, 1, 0, 0, 2, 0, 0, 0, 0, 1, 0, 0, 0, 0, 0, 0, 0, 0, 0, 0, 0, 0, 0, 2, 0, 0, 1, 0, 2, 0, 0, 2, 0, 0, 0, 0, 1, 0, 0, 0, 0, 0, 0, 0, 0, 0, 2, 2, 1, 3, 1, 1, 4, 0, 2, 5, 4, 2, 5, 1, 6, 2, 2, 50, 0, 1, 0, 0, 0, 0]",2,0.599505475368673,-1,0
204,"[0, 0, 1, 1, 2, 0, 0, 1, 0, 0, 0, 0, 0, 0, 0, 0, 2, 0, 1, 0, 0, 2, 0, 0, 0, 0, 1, 0, 0, 0, 0, 0, 0, 0, 0, 0, 0, 0, 0, 0, 2, 0, 0, 1, 0, 2, 0, 0, 2, 0, 0, 0, 0, 1, 0, 0, 0, 0, 0, 0, 0, 0, 0, 2, 2, 1, 3, 1, 1, 4, 0, 2, 5, 4, 2, 5, 1, 6, 2, 2, 50, 0, 1, 0, 0, 1, 0]","[[0 0 0 1]
 [1 0 0 0]]",0.849930340426764,-1,0
205,"[0, 0, 1, 1, 2, 0, 0, 1, 0, 0, 0, 0, 0, 0, 0, 0, 2, 0, 1, 0, 0, 2, 0, 0, 0, 0, 1, 0, 0, 0, 0, 0, 0, 0, 0, 0, 0, 0, 0, 0, 2, 0, 0, 1, 0, 2, 0, 0, 2, 0, 0, 0, 0, 1, 0, 0, 0, 0, 0, 0, 0, 0, 0, 2, 2, 1, 3, 1, 1, 4, 0, 2, 5, 4, 2, 5, 1, 6, 2, 2, 50, 0, 0, 0, 0, 0, 0]",-1,-0.030326532985631673,-1,1
206,"[0, 0, 1, 1, 2, 0, 0, 1, 0, 0, 0, 0, 0, 0, 0, 0, 2, 0, 1, 0, 0, 2, 0, 0, 0, 0, 1, 0, 0, 0, 0, 0, 0, 0, 0, 0, 0, 0, 0, 0, 2, 0, 0, 1, 0, 2, 0, 0, 2, 0, 0, 0, 0, 1, 0, 0, 0, 0, 0, 0, 0, 0, 0, 2, 2, 1, 3, 1, 1, 4, 0, 2, 5, 4, 2, 5, 1, 6, 2, 2, 50, 1, 0, 0, 0, 0, 0]",3,0.3995054753686731,-1,0
207,"[0, 0, 1, 1, 2, 0, 0, 1, 0, 0, 0, 0, 0, 0, 0, 0, 2, 0, 1, 0, 0, 2, 0, 0, 0, 0, 1, 0, 0, 0, 0, 0, 0, 0, 0, 0, 0, 0, 0, 0, 2, 0, 0, 1, 0, 2, 0, 0, 2, 0, 0, 0, 0, 1, 0, 0, 0, 0, 0, 0, 0, 0, 0, 2, 2, 1, 3, 1, 1, 4, 0, 2, 5, 4, 2, 5, 1, 6, 2, 2, 50, 0, 0, 0, 0, 0, 0]",-1,-0.030326532985631673,-1,0
208,"[0, 0, 1, 1, 2, 0, 0, 1, 0, 0, 0, 0, 0, 0, 0, 0, 2, 0, 1, 0, 0, 2, 0, 0, 0, 0, 1, 0, 0, 0, 0, 0, 0, 0, 0, 0, 0, 0, 0, 0, 2, 0, 0, 1, 0, 2, 0, 0, 2, 0, 0, 0, 0, 1, 0, 0, 0, 0, 0, 0, 0, 0, 0, 2, 2, 1, 3, 1, 1, 4, 0, 2, 5, 4, 2, 5, 1, 6, 2, 2, 50, 1, 0, 0, 0, 0, 0]",3,0.3995054753686731,-1,0
209,"[0, 0, 1, 1, 2, 0, 0, 1, 0, 0, 0, 0, 0, 0, 0, 0, 2, 0, 1, 0, 0, 2, 0, 0, 0, 0, 1, 0, 0, 0, 0, 0, 0, 0, 0, 0, 0, 0, 0, 0, 2, 0, 0, 1, 0, 2, 0, 0, 2, 0, 0, 0, 0, 1, 0, 0, 0, 0, 0, 0, 0, 0, 0, 2, 2, 1, 3, 1, 1, 4, 0, 2, 5, 4, 2, 5, 1, 6, 2, 2, 50, 0, 0, 0, 0, 0, 0]",-1,-0.030326532985631673,-1,0
210,"[0, 0, 1, 1, 2, 0, 0, 1, 0, 0, 0, 0, 0, 0, 0, 0, 2, 0, 1, 0, 0, 2, 0, 0, 0, 0, 1, 0, 0, 0, 0, 0, 0, 0, 0, 0, 0, 0, 0, 0, 2, 0, 0, 1, 0, 2, 0, 0, 2, 0, 0, 0, 0, 1, 0, 0, 0, 0, 0, 0, 0, 0, 0, 2, 2, 1, 3, 1, 1, 4, 0, 2, 5, 4, 2, 5, 1, 6, 2, 2, 50, 1, 0, 0, 0, 0, 0]",3,0.3995054753686731,-1,0
211,"[0, 0, 1, 1, 2, 0, 0, 1, 0, 0, 0, 0, 0, 0, 0, 0, 2, 0, 1, 0, 0, 2, 0, 0, 0, 0, 1, 0, 0, 0, 0, 0, 0, 0, 0, 0, 0, 0, 0, 0, 2, 0, 0, 1, 0, 2, 0, 0, 2, 0, 0, 0, 0, 1, 0, 0, 0, 0, 0, 0, 0, 0, 0, 2, 2, 1, 3, 1, 1, 4, 0, 2, 5, 4, 2, 5, 1, 6, 2, 2, 50, 0, 0, 0, 0, 0, 0]",-1,-0.030326532985631673,-1,0
212,"[0, 0, 1, 1, 3, 0, 0, 1, 0, 0, 0, 0, 0, 0, 0, 0, 2, 0, 1, 0, 0, 2, 0, 0, 0, 0, 1, 0, 0, 0, 0, 0, 0, 0, 0, 0, 0, 0, 0, 0, 2, 0, 0, 1, 0, 2, 0, 0, 2, 0, 0, 0, 0, 1, 0, 0, 0, 0, 0, 0, 0, 0, 0, 2, 2, 1, 3, 1, 1, 4, 0, 2, 5, 4, 2, 5, 1, 6, 2, 2, 51, 0, 0, 0, 0, 0, 0]",4,8.919601582634277,-1,0
213,"[0, 0, 1, 1, 4, 0, 0, 1, 0, 0, 0, 0, 0, 0, 0, 0, 2, 0, 1, 0, 0, 2, 0, 0, 0, 0, 1, 0, 0, 0, 0, 0, 0, 0, 0, 0, 0, 0, 0, 0, 2, 0, 0, 1, 0, 2, 0, 0, 2, 0, 0, 0, 0, 1, 0, 0, 0, 0, 0, 0, 0, 0, 0, 2, 2, 1, 3, 1, 1, 4, 0, 2, 5, 4, 2, 5, 1, 6, 2, 2, 52, 0, 0, 0, 0, 0, 0]",4,9.819552202255851,-1,1
214,"[0, 0, 1, 1, 4, 0, 0, 1, 0, 0, 0, 0, 0, 0, 0, 0, 2, 0, 1, 0, 0, 2, 0, 0, 0, 0, 1, 0, 0, 0, 0, 0, 0, 0, 0, 0, 0, 0, 0, 0, 2, 0, 0, 1, 0, 2, 0, 0, 2, 0, 0, 0, 0, 1, 0, 0, 0, 0, 0, 0, 0, 0, 0, 2, 2, 1, 3, 1, 1, 4, 0, 2, 5, 4, 2, 5, 1, 6, 2, 2, 52, 0, 1, 0, 0, 0, 0]",2,0.5994643981627573,-1,0
215,"[0, 0, 1, 1, 4, 0, 0, 1, 0, 0, 0, 0, 0, 0, 0, 0, 2, 0, 1, 0, 0, 2, 0, 0, 0, 0, 1, 0, 0, 0, 0, 0, 0, 0, 0, 0, 0, 0, 0, 0, 2, 0, 0, 1, 0, 2, 0, 0, 2, 0, 0, 0, 0, 1, 0, 0, 0, 0, 0, 0, 0, 0, 0, 2, 2, 1, 3, 1, 1, 4, 0, 2, 5, 4, 2, 5, 1, 6, 2, 2, 52, 0, 1, 0, 0, 1, 0]","[[0 0 0 1]
 [1 0 0 0]]",0.8498892632208482,-1,0
216,"[0, 0, 1, 1, 4, 0, 0, 1, 0, 0, 0, 0, 0, 0, 0, 0, 2, 0, 1, 0, 0, 2, 0, 0, 0, 0, 1, 0, 0, 0, 0, 0, 0, 0, 0, 0, 0, 0, 0, 0, 2, 0, 0, 1, 0, 2, 0, 0, 2, 0, 0, 0, 0, 1, 0, 0, 0, 0, 0, 0, 0, 0, 0, 2, 2, 1, 3, 1, 1, 4, 0, 2, 5, 4, 2, 5, 1, 6, 2, 2, 52, 0, 0, 0, 0, 0, 0]",1,-0.0005356018372426235,-1,1
217,"[0, 0, 1, 1, 4, 0, 0, 1, 0, 0, 0, 0, 0, 0, 0, 0, 2, 0, 1, 0, 0, 2, 0, 0, 0, 0, 1, 0, 0, 0, 0, 0, 0, 0, 0, 0, 0, 0, 0, 0, 2, 0, 0, 1, 0, 2, 0, 0, 2, 0, 0, 0, 0, 1, 0, 0, 0, 0, 0, 0, 0, 0, 0, 2, 2, 1, 3, 1, 1, 4, 0, 2, 5, 4, 2, 5, 1, 6, 2, 2, 52, 0, 1, 0, 0, 0, 0]",2,0.5994643981627573,-1,0
218,"[0, 0, 1, 1, 4, 0, 0, 1, 0, 0, 0, 0, 0, 0, 0, 0, 2, 0, 1, 0, 0, 2, 0, 0, 0, 0, 1, 0, 0, 0, 0, 0, 0, 0, 0, 0, 0, 0, 0, 0, 2, 0, 0, 1, 0, 2, 0, 0, 2, 0, 0, 0, 0, 1, 0, 0, 0, 0, 0, 0, 0, 0, 0, 2, 2, 1, 3, 1, 1, 4, 0, 2, 5, 4, 2, 5, 1, 6, 2, 2, 52, 0, 1, 0, 0, 1, 0]","[[0 0 1 0]
 [1 0 0 0]]",0.8498892632208482,-1,0
219,"[1, 0, 0, 1, 3, 0, 1, 1, 0, 0, 0, 0, 0, 0, 0, 0, 2, 0, 1, 0, 0, 2, 0, 0, 0, 0, 1, 0, 0, 0, 0, 0, 0, 0, 0, 0, 0, 0, 0, 0, 2, 0, 0, 1, 0, 2, 0, 0, 2, 0, 0, 0, 0, 1, 0, 0, 0, 0, 0, 0, 0, 0, 0, 2, 2, 1, 3, 1, 1, 4, 0, 2, 5, 4, 2, 5, 1, 6, 2, 2, 52, 0, 0, 0, 0, 0, 0]",0,-0.0005356018372426235,-1,1
220,"[1, 0, 0, 1, 3, 0, 1, 1, 0, 0, 0, 0, 0, 0, 0, 0, 2, 0, 1, 0, 0, 2, 0, 0, 0, 0, 1, 0, 0, 0, 0, 0, 0, 0, 0, 0, 0, 0, 0, 0, 2, 0, 0, 1, 0, 2, 0, 0, 2, 0, 0, 0, 0, 1, 0, 0, 0, 0, 0, 0, 0, 0, 0, 2, 2, 1, 3, 1, 1, 4, 0, 2, 5, 4, 2, 5, 1, 6, 2, 2, 52, 0, 1, 0, 0, 0, 0]",2,0.5994643981627573,-1,0
221,"[1, 0, 0, 1, 3, 0, 1, 1, 0, 0, 0, 0, 0, 0, 0, 0, 2, 0, 1, 0, 0, 2, 0, 0, 0, 0, 1, 0, 0, 0, 0, 0, 0, 0, 0, 0, 0, 0, 0, 0, 2, 0, 0, 1, 0, 2, 0, 0, 2, 0, 0, 0, 0, 1, 0, 0, 0, 0, 0, 0, 0, 0, 0, 2, 2, 1, 3, 1, 1, 4, 0, 2, 5, 4, 2, 5, 1, 6, 2, 2, 52, 0, 1, 0, 0, 1, 0]","[[0 0 0 1]
 [0 0 1 0]]",0.8498892632208482,-1,0
222,"[1, 0, 1, 0, 3, 0, 0, 2, 0, 0, 0, 0, 0, 0, 0, 0, 2, 0, 1, 0, 0, 2, 0, 0, 0, 0, 1, 0, 0, 0, 0, 0, 0, 0, 0, 0, 0, 0, 0, 0, 2, 0, 0, 1, 0, 2, 0, 0, 2, 0, 0, 0, 0, 1, 0, 0, 0, 0, 0, 0, 0, 0, 0, 2, 2, 1, 3, 1, 1, 4, 0, 2, 5, 4, 2, 5, 1, 6, 2, 2, 52, 0, 0, 0, 0, 0, 0]",0,-0.0005356018372426235,-1,1
223,"[1, 0, 1, 0, 3, 0, 0, 2, 0, 0, 0, 0, 0, 0, 0, 0, 2, 0, 1, 0, 0, 2, 0, 0, 0, 0, 1, 0, 0, 0, 0, 0, 0, 0, 0, 0, 0, 0, 0, 0, 2, 0, 0, 1, 0, 2, 0, 0, 2, 0, 0, 0, 0, 1, 0, 0, 0, 0, 0, 0, 0, 0, 0, 2, 2, 1, 3, 1, 1, 4, 0, 2, 5, 4, 2, 5, 1, 6, 2, 2, 52, 0, 1, 0, 0, 0, 0]",2,0.5994643981627573,-1,0
224,"[1, 0, 1, 0, 3, 0, 0, 2, 0, 0, 0, 0, 0, 0, 0, 0, 2, 0, 1, 0, 0, 2, 0, 0, 0, 0, 1, 0, 0, 0, 0, 0, 0, 0, 0, 0, 0, 0, 0, 0, 2, 0, 0, 1, 0, 2, 0, 0, 2, 0, 0, 0, 0, 1, 0, 0, 0, 0, 0, 0, 0, 0, 0, 2, 2, 1, 3, 1, 1, 4, 0, 2, 5, 4, 2, 5, 1, 6, 2, 2, 52, 0, 1, 0, 0, 1, 0]","[[0 0 1 0]
 [0 0 0 1]]",0.8498892632208482,-1,0
225,"[1, 0, 0, 1, 3, 0, 1, 1, 0, 0, 0, 0, 0, 0, 0, 0, 2, 0, 1, 0, 0, 2, 0, 0, 0, 0, 1, 0, 0, 0, 0, 0, 0, 0, 0, 0, 0, 0, 0, 0, 2, 0, 0, 1, 0, 2, 0, 0, 2, 0, 0, 0, 0, 1, 0, 0, 0, 0, 0, 0, 0, 0, 0, 2, 2, 1, 3, 1, 1, 4, 0, 2, 5, 4, 2, 5, 1, 6, 2, 2, 52, 0, 0, 0, 0, 0, 0]",0,-0.0005356018372426235,-1,1
226,"[1, 0, 0, 1, 4, 0, 1, 1, 0, 0, 0, 0, 0, 0, 0, 0, 2, 0, 1, 0, 0, 2, 0, 0, 0, 0, 1, 0, 0, 0, 0, 0, 0, 0, 0, 0, 0, 0, 0, 0, 2, 0, 0, 1, 0, 2, 0, 0, 2, 0, 0, 0, 0, 1, 0, 0, 0, 0, 0, 0, 0, 0, 0, 2, 2, 1, 3, 1, 1, 4, 0, 2, 5, 4, 2, 5, 1, 6, 2, 2, 53, 0, 0, 0, 0, 0, 0]",4,8.918357826846988,-1,0
227,"[1, 0, 0, 1, 4, 0, 1, 1, 0, 0, 0, 0, 0, 0, 0, 0, 2, 0, 1, 0, 0, 2, 0, 0, 0, 0, 1, 0, 0, 0, 0, 0, 0, 0, 0, 0, 0, 0, 0, 0, 2, 0, 0, 1, 0, 2, 0, 0, 2, 0, 0, 0, 0, 1, 0, 0, 0, 0, 0, 0, 0, 0, 0, 2, 2, 1, 3, 1, 1, 4, 0, 2, 5, 4, 2, 5, 1, 6, 2, 2, 53, 0, 0, 0, 0, 0, 0]",-1,-0.02943024848391776,-1,1
228,"[1, 0, 0, 1, 4, 0, 1, 1, 0, 0, 0, 0, 0, 0, 0, 0, 2, 0, 1, 0, 0, 2, 0, 0, 0, 0, 1, 0, 0, 0, 0, 0, 0, 0, 0, 0, 0, 0, 0, 0, 2, 0, 0, 1, 0, 2, 0, 0, 2, 0, 0, 0, 0, 1, 0, 0, 0, 0, 0, 0, 0, 0, 0, 2, 2, 1, 3, 1, 1, 4, 0, 2, 5, 4, 2, 5, 1, 6, 2, 2, 54, 0, 0, 0, 0, 0, 0]",4,8.917743587101256,-1,0
229,"[1, 0, 0, 1, 4, 0, 1, 1, 0, 0, 0, 0, 0, 0, 0, 0, 2, 0, 1, 0, 0, 2, 0, 0, 0, 0, 1, 0, 0, 0, 0, 0, 0, 0, 0, 0, 0, 0, 0, 0, 2, 0, 0, 1, 0, 2, 0, 0, 2, 0, 0, 0, 0, 1, 0, 0, 0, 0, 0, 0, 0, 0, 0, 2, 2, 1, 3, 1, 1, 4, 0, 2, 5, 4, 2, 5, 1, 6, 2, 2, 55, 0, 0, 0, 0, 0, 0]",4,10.003439368561747,-1,1
230,"[1, 0, 0, 1, 4, 0, 1, 1, 0, 0, 0, 0, 0, 0, 0, 0, 2, 0, 1, 0, 0, 2, 0, 0, 0, 0, 1, 0, 0, 0, 0, 0, 0, 0, 0, 0, 0, 0, 0, 0, 2, 0, 0, 1, 0, 2, 0, 0, 2, 0, 0, 0, 0, 1, 0, 0, 0, 0, 0, 0, 0, 0, 0, 2, 2, 1, 3, 1, 1, 4, 0, 2, 5, 4, 2, 5, 1, 6, 2, 2, 55, 0, 1, 0, 0, 0, 0]",2,0.5993963167350583,-1,0
231,"[1, 0, 0, 1, 4, 0, 1, 1, 0, 0, 0, 0, 0, 0, 0, 0, 2, 0, 1, 0, 0, 2, 0, 0, 0, 0, 1, 0, 0, 0, 0, 0, 0, 0, 0, 0, 0, 0, 0, 0, 2, 0, 0, 1, 0, 2, 0, 0, 2, 0, 0, 0, 0, 1, 0, 0, 0, 0, 0, 0, 0, 0, 0, 2, 2, 1, 3, 1, 1, 4, 0, 2, 5, 4, 2, 5, 1, 6, 2, 2, 55, 0, 1, 0, 0, 1, 0]","[[1 0 0 0]
 [0 0 1 0]]",0.8498211817931492,-1,0
232,"[1, 0, 0, 1, 4, 0, 1, 1, 0, 0, 0, 0, 0, 0, 0, 0, 2, 0, 1, 0, 0, 2, 0, 0, 0, 0, 1, 0, 0, 0, 0, 0, 0, 0, 0, 0, 0, 0, 0, 0, 2, 0, 0, 1, 0, 2, 0, 0, 2, 0, 0, 0, 0, 1, 0, 0, 0, 0, 0, 0, 0, 0, 0, 2, 2, 1, 3, 1, 1, 4, 0, 2, 5, 4, 2, 5, 1, 6, 2, 2, 55, 0, 0, 0, 0, 0, 0]",1,-0.0006036832649416848,-1,1
233,"[1, 0, 0, 1, 4, 0, 1, 1, 0, 0, 0, 0, 0, 0, 0, 0, 2, 0, 1, 0, 0, 2, 0, 0, 0, 0, 1, 0, 0, 0, 0, 0, 0, 0, 0, 0, 0, 0, 0, 0, 2, 0, 0, 1, 0, 2, 0, 0, 2, 0, 0, 0, 0, 1, 0, 0, 0, 0, 0, 0, 0, 0, 0, 2, 2, 1, 3, 1, 1, 4, 0, 2, 5, 4, 2, 5, 1, 6, 2, 2, 55, 0, 1, 0, 0, 0, 0]",2,0.5993963167350583,-1,0
234,"[1, 0, 0, 1, 4, 0, 1, 1, 0, 0, 0, 0, 0, 0, 0, 0, 2, 0, 1, 0, 0, 2, 0, 0, 0, 0, 1, 0, 0, 0, 0, 0, 0, 0, 0, 0, 0, 0, 0, 0, 2, 0, 0, 1, 0, 2, 0, 0, 2, 0, 0, 0, 0, 1, 0, 0, 0, 0, 0, 0, 0, 0, 0, 2, 2, 1, 3, 1, 1, 4, 0, 2, 5, 4, 2, 5, 1, 6, 2, 2, 55, 0, 1, 0, 0, 1, 0]","[[1 0 0 0]
 [0 0 1 0]]",0.8498211817931492,-1,0
235,"[1, 0, 0, 1, 4, 0, 1, 1, 0, 0, 0, 0, 0, 0, 0, 0, 2, 0, 1, 0, 0, 2, 0, 0, 0, 0, 1, 0, 0, 0, 0, 0, 0, 0, 0, 0, 0, 0, 0, 0, 2, 0, 0, 1, 0, 2, 0, 0, 2, 0, 0, 0, 0, 1, 0, 0, 0, 0, 0, 0, 0, 0, 0, 2, 2, 1, 3, 1, 1, 4, 0, 2, 5, 4, 2, 5, 1, 6, 2, 2, 55, 0, 1, 0, 0, 0, 1]",2,-0.0006036832649416848,-1,1
236,"[1, 0, 0, 1, 4, 0, 1, 1, 0, 0, 0, 0, 0, 0, 0, 0, 2, 0, 1, 0, 0, 2, 0, 0, 0, 0, 1, 0, 0, 0, 0, 0, 0, 0, 0, 0, 0, 0, 0, 0, 2, 0, 0, 1, 0, 2, 0, 0, 2, 0, 0, 0, 0, 1, 0, 0, 0, 0, 0, 0, 0, 0, 0, 2, 2, 1, 3, 1, 1, 4, 0, 2, 5, 4, 2, 5, 1, 6, 2, 2, 55, 0, 0, 1, 0, 0, 0]","[[1 0 0 0]
 [1 0 0 1]]",-0.0006036832649416848,-1,1
237,"[1, 0, 0, 0, 4, 0, 1, 2, 0, 0, 0, 0, 0, 0, 0, 0, 2, 0, 1, 0, 0, 2, 0, 0, 0, 0, 1, 0, 0, 0, 0, 0, 0, 0, 0, 0, 0, 0, 0, 0, 2, 0, 0, 1, 0, 2, 0, 0, 2, 0, 0, 0, 0, 1, 0, 0, 0, 0, 0, 0, 0, 0, 0, 2, 2, 1, 3, 1, 1, 4, 0, 2, 5, 4, 2, 5, 1, 6, 2, 2, 55, 0, 0, 0, 0, 0, 0]",0,-0.0006036832649416848,-1,0
238,"[1, 0, 0, 0, 4, 0, 1, 2, 0, 0, 0, 0, 0, 0, 0, 0, 2, 0, 1, 0, 0, 2, 0, 0, 0, 0, 1, 0, 0, 0, 0, 0, 0, 0, 0, 0, 0, 0, 0, 0, 2, 0, 0, 1, 0, 2, 0, 0, 2, 0, 0, 0, 0, 1, 0, 0, 0, 0, 0, 0, 0, 0, 0, 2, 2, 1, 3, 1, 1, 4, 0, 2, 5, 4, 2, 5, 1, 6, 2, 2, 55, 1, 0, 0, 0, 0, 0]",3,0.3993963167350583,-1,0
239,"[1, 0, 0, 0, 4, 0, 1, 2, 0, 0, 0, 0, 0, 0, 0, 0, 2, 0, 1, 0, 0, 2, 0, 0, 0, 0, 1, 0, 0, 0, 0, 0, 0, 0, 0, 0, 0, 0, 0, 0, 2, 0, 0, 1, 0, 2, 0, 0, 2, 0, 0, 0, 0, 1, 0, 0, 0, 0, 0, 0, 0, 0, 0, 2, 2, 1, 3, 1, 1, 4, 0, 2, 5, 4, 2, 5, 1, 6, 2, 2, 55, 0, 0, 0, 0, 0, 0]",-1,-0.028847490519024334,-1,0
240,"[1, 0, 0, 0, 4, 0, 1, 2, 0, 0, 0, 0, 0, 0, 0, 0, 2, 0, 1, 0, 0, 2, 0, 0, 0, 0, 1, 0, 0, 0, 0, 0, 0, 0, 0, 0, 0, 0, 0, 0, 2, 0, 0, 1, 0, 2, 0, 0, 2, 0, 0, 0, 0, 1, 0, 0, 0, 0, 0, 0, 0, 0, 0, 2, 2, 1, 3, 1, 1, 4, 0, 2, 5, 4, 2, 5, 1, 6, 2, 2, 55, 1, 0, 0, 0, 0, 0]",3,0.3993963167350583,-1,0
241,"[1, 0, 0, 0, 4, 0, 1, 2, 0, 0, 0, 0, 0, 0, 0, 0, 2, 0, 1, 0, 0, 2, 0, 0, 0, 0, 1, 0, 0, 0, 0, 0, 0, 0, 0, 0, 0, 0, 0, 0, 2, 0, 0, 1, 0, 2, 0, 0, 2, 0, 0, 0, 0, 1, 0, 0, 0, 0, 0, 0, 0, 0, 0, 2, 2, 1, 3, 1, 1, 4, 0, 2, 5, 4, 2, 5, 1, 6, 2, 2, 55, 0, 0, 0, 0, 0, 0]",-1,-0.028847490519024334,-1,0
242,"[1, 0, 0, 0, 4, 0, 1, 2, 0, 0, 0, 0, 0, 0, 0, 0, 2, 0, 1, 0, 0, 2, 0, 0, 0, 0, 1, 0, 0, 0, 0, 0, 0, 0, 0, 0, 0, 0, 0, 0, 2, 0, 0, 1, 0, 2, 0, 0, 2, 0, 0, 0, 0, 1, 0, 0, 0, 0, 0, 0, 0, 0, 0, 2, 2, 1, 3, 1, 1, 4, 0, 2, 5, 4, 2, 5, 1, 6, 2, 2, 55, 0, 1, 0, 0, 0, 0]",2,0.5993963167350583,-1,0
243,"[1, 0, 0, 0, 4, 0, 1, 2, 0, 0, 0, 0, 0, 0, 0, 0, 2, 0, 1, 0, 0, 2, 0, 0, 0, 0, 1, 0, 0, 0, 0, 0, 0, 0, 0, 0, 0, 0, 0, 0, 2, 0, 0, 1, 0, 2, 0, 0, 2, 0, 0, 0, 0, 1, 0, 0, 0, 0, 0, 0, 0, 0, 0, 2, 2, 1, 3, 1, 1, 4, 0, 2, 5, 4, 2, 5, 1, 6, 2, 2, 55, 0, 1, 0, 0, 1, 0]","[[1 0 0 0]
 [0 0 1 0]]",0.8498211817931492,-1,0
244,"[1, 0, 0, 0, 4, 0, 1, 2, 0, 0, 0, 0, 0, 0, 0, 0, 2, 0, 1, 0, 0, 2, 0, 0, 0, 0, 1, 0, 0, 0, 0, 0, 0, 0, 0, 0, 0, 0, 0, 0, 2, 0, 0, 1, 0, 2, 0, 0, 2, 0, 0, 0, 0, 1, 0, 0, 0, 0, 0, 0, 0, 0, 0, 2, 2, 1, 3, 1, 1, 4, 0, 2, 5, 4, 2, 5, 1, 6, 2, 2, 55, 0, 1, 0, 0, 0, 1]",2,-0.0006036832649416848,-1,1
245,"[1, 0, 0, 0, 4, 0, 1, 2, 0, 0, 0, 0, 0, 0, 0, 0, 2, 0, 1, 0, 0, 2, 0, 0, 0, 0, 1, 0, 0, 0, 0, 0, 0, 0, 0, 0, 0, 0, 0, 0, 2, 0, 0, 1, 0, 2, 0, 0, 2, 0, 0, 0, 0, 1, 0, 0, 0, 0, 0, 0, 0, 0, 0, 2, 2, 1, 3, 1, 1, 4, 0, 2, 5, 4, 2, 5, 1, 6, 2, 2, 55, 0, 0, 0, 0, 0, 0]",-1,-0.028847490519024334,-1,1
246,"[1, 0, 0, 0, 4, 0, 1, 2, 0, 0, 0, 0, 0, 0, 0, 0, 2, 0, 1, 0, 0, 2, 0, 0, 0, 0, 1, 0, 0, 0, 0, 0, 0, 0, 0, 0, 0, 0, 0, 0, 2, 0, 0, 1, 0, 2, 0, 0, 2, 0, 0, 0, 0, 1, 0, 0, 0, 0, 0, 0, 0, 0, 0, 2, 2, 1, 3, 1, 1, 4, 0, 2, 5, 4, 2, 5, 1, 6, 2, 2, 56, 0, 0, 0, 0, 0, 0]",4,8.753808558298214,-1,0
247,"[1, 0, 0, 0, 5, 0, 1, 2, 0, 0, 0, 0, 0, 0, 0, 0, 2, 0, 1, 0, 0, 2, 0, 0, 0, 0, 1, 0, 0, 0, 0, 0, 0, 0, 0, 0, 0, 0, 0, 0, 2, 0, 0, 1, 0, 2, 0, 0, 2, 0, 0, 0, 0, 1, 0, 0, 0, 0, 0, 0, 0, 0, 0, 2, 2, 1, 3, 1, 1, 4, 0, 2, 5, 4, 2, 5, 1, 6, 2, 2, 57, 0, 0, 0, 0, 0, 0]",4,9.994518987279234,-1,1
248,"[1, 0, 0, 0, 5, 0, 1, 2, 0, 0, 0, 0, 0, 0, 0, 0, 2, 0, 1, 0, 0, 2, 0, 0, 0, 0, 1, 0, 0, 0, 0, 0, 0, 0, 0, 0, 0, 0, 0, 0, 2, 0, 0, 1, 0, 2, 0, 0, 2, 0, 0, 0, 0, 1, 0, 0, 0, 0, 0, 0, 0, 0, 0, 2, 2, 1, 3, 1, 1, 4, 0, 2, 5, 4, 2, 5, 1, 6, 2, 2, 57, 0, 1, 0, 0, 0, 0]",2,0.5993462020876723,-1,0
249,"[1, 0, 0, 0, 5, 0, 1, 2, 0, 0, 0, 0, 0, 0, 0, 0, 2, 0, 1, 0, 0, 2, 0, 0, 0, 0, 1, 0, 0, 0, 0, 0, 0, 0, 0, 0, 0, 0, 0, 0, 2, 0, 0, 1, 0, 2, 0, 0, 2, 0, 0, 0, 0, 1, 0, 0, 0, 0, 0, 0, 0, 0, 0, 2, 2, 1, 3, 1, 1, 4, 0, 2, 5, 4, 2, 5, 1, 6, 2, 2, 57, 0, 1, 0, 0, 1, 0]","[[1 0 0 0]
 [0 0 1 0]]",0.8497710671457632,-1,0
250,"[0, 0, 1, 0, 6, 0, 0, 2, 0, 0, 0, 0, 0, 0, 0, 0, 2, 0, 1, 0, 0, 2, 0, 0, 0, 0, 1, 0, 0, 0, 0, 0, 0, 0, 0, 0, 0, 0, 0, 0, 2, 0, 0, 1, 0, 2, 0, 0, 2, 0, 0, 0, 0, 1, 0, 0, 0, 0, 0, 0, 0, 0, 0, 2, 2, 1, 3, 1, 1, 4, 0, 2, 5, 4, 2, 5, 1, 6, 2, 2, 57, 0, 0, 0, 0, 0, 0]",0,-0.0006537979123277239,-1,1
251,"[0, 0, 1, 0, 6, 0, 0, 2, 0, 0, 0, 0, 0, 0, 0, 0, 2, 0, 1, 0, 0, 2, 0, 0, 0, 0, 1, 0, 0, 0, 0, 0, 0, 0, 0, 0, 0, 0, 0, 0, 2, 0, 0, 1, 0, 2, 0, 0, 2, 0, 0, 0, 0, 1, 0, 0, 0, 0, 0, 0, 0, 0, 0, 2, 2, 1, 3, 1, 1, 4, 0, 2, 5, 4, 2, 5, 1, 6, 2, 2, 57, 1, 0, 0, 0, 0, 0]",3,0.3993462020876723,-1,0
252,"[0, 0, 1, 0, 6, 0, 0, 2, 0, 0, 0, 0, 0, 0, 0, 0, 2, 0, 1, 0, 0, 2, 0, 0, 0, 0, 1, 0, 0, 0, 0, 0, 0, 0, 0, 0, 0, 0, 0, 0, 2, 0, 0, 1, 0, 2, 0, 0, 2, 0, 0, 0, 0, 1, 0, 0, 0, 0, 0, 0, 0, 0, 0, 2, 2, 1, 3, 1, 1, 4, 0, 2, 5, 4, 2, 5, 1, 6, 2, 2, 57, 0, 0, 0, 0, 0, 0]",-1,-0.028276271934976855,-1,0
253,"[0, 0, 1, 0, 6, 0, 0, 2, 0, 0, 0, 0, 0, 0, 0, 0, 2, 0, 1, 0, 0, 2, 0, 0, 0, 0, 1, 0, 0, 0, 0, 0, 0, 0, 0, 0, 0, 0, 0, 0, 2, 0, 0, 1, 0, 2, 0, 0, 2, 0, 0, 0, 0, 1, 0, 0, 0, 0, 0, 0, 0, 0, 0, 2, 2, 1, 3, 1, 1, 4, 0, 2, 5, 4, 2, 5, 1, 6, 2, 2, 57, 0, 0, 0, 0, 0, 0]",0,0.6254452357876134,-1,0
254,"[0, 0, 1, 0, 6, 0, 0, 2, 0, 0, 0, 0, 0, 0, 0, 0, 2, 0, 1, 0, 0, 2, 0, 0, 0, 0, 1, 0, 0, 0, 0, 0, 0, 0, 0, 0, 0, 0, 0, 0, 2, 0, 0, 1, 0, 2, 0, 0, 2, 0, 0, 0, 0, 1, 0, 0, 0, 0, 0, 0, 0, 0, 0, 2, 2, 1, 3, 1, 1, 4, 0, 2, 5, 4, 2, 5, 1, 6, 2, 2, 57, 0, 0, 0, 0, 0, 0]",-1,-0.028276271934976855,-1,0
255,"[0, 0, 1, 0, 6, 0, 0, 2, 0, 0, 0, 0, 0, 0, 0, 0, 2, 0, 1, 0, 0, 2, 0, 0, 0, 0, 1, 0, 0, 0, 0, 0, 0, 0, 0, 0, 0, 0, 0, 0, 2, 0, 0, 1, 0, 2, 0, 0, 2, 0, 0, 0, 0, 1, 0, 0, 0, 0, 0, 0, 0, 0, 0, 2, 2, 1, 3, 1, 1, 4, 0, 2, 5, 4, 2, 5, 1, 6, 2, 2, 57, 1, 0, 0, 0, 0, 0]",3,0.3993462020876723,-1,0
256,"[0, 0, 1, 0, 6, 0, 0, 2, 0, 0, 0, 0, 0, 0, 0, 0, 2, 0, 1, 0, 0, 2, 0, 0, 0, 0, 1, 0, 0, 0, 0, 0, 0, 0, 0, 0, 0, 0, 0, 0, 2, 0, 0, 1, 0, 2, 0, 0, 2, 0, 0, 0, 0, 1, 0, 0, 0, 0, 0, 0, 0, 0, 0, 2, 2, 1, 3, 1, 1, 4, 0, 2, 5, 4, 2, 5, 1, 6, 2, 2, 57, 0, 0, 0, 0, 0, 0]",-1,-0.028276271934976855,-1,0
257,"[0, 0, 1, 0, 6, 0, 0, 2, 0, 0, 0, 0, 0, 0, 0, 0, 2, 0, 1, 0, 0, 2, 0, 0, 0, 0, 1, 0, 0, 0, 0, 0, 0, 0, 0, 0, 0, 0, 0, 0, 2, 0, 0, 1, 0, 2, 0, 0, 2, 0, 0, 0, 0, 1, 0, 0, 0, 0, 0, 0, 0, 0, 0, 2, 2, 1, 3, 1, 1, 4, 0, 2, 5, 4, 2, 5, 1, 6, 2, 2, 57, 1, 0, 0, 0, 0, 0]",3,0.3993462020876723,-1,0
258,"[0, 0, 1, 0, 6, 0, 0, 2, 0, 0, 0, 0, 0, 0, 0, 0, 2, 0, 1, 0, 0, 2, 0, 0, 0, 0, 1, 0, 0, 0, 0, 0, 0, 0, 0, 0, 0, 0, 0, 0, 2, 0, 0, 1, 0, 2, 0, 0, 2, 0, 0, 0, 0, 1, 0, 0, 0, 0, 0, 0, 0, 0, 0, 2, 2, 1, 3, 1, 1, 4, 0, 2, 5, 4, 2, 5, 1, 6, 2, 2, 57, 0, 0, 0, 0, 0, 0]",-1,-0.028276271934976855,-1,0
259,"[0, 0, 1, 0, 6, 0, 0, 2, 0, 0, 0, 0, 0, 0, 0, 0, 2, 0, 1, 0, 0, 2, 0, 0, 0, 0, 1, 0, 0, 0, 0, 0, 0, 0, 0, 0, 0, 0, 0, 0, 2, 0, 0, 1, 0, 2, 0, 0, 2, 0, 0, 0, 0, 1, 0, 0, 0, 0, 0, 0, 0, 0, 0, 2, 2, 1, 3, 1, 1, 4, 0, 2, 5, 4, 2, 5, 1, 6, 2, 2, 57, 1, 0, 0, 0, 0, 0]",3,0.3993462020876723,-1,0
260,"[0, 0, 1, 0, 6, 0, 0, 2, 0, 0, 0, 0, 0, 0, 0, 0, 2, 0, 1, 0, 0, 2, 0, 0, 0, 0, 1, 0, 0, 0, 0, 0, 0, 0, 0, 0, 0, 0, 0, 0, 2, 0, 0, 1, 0, 2, 0, 0, 2, 0, 0, 0, 0, 1, 0, 0, 0, 0, 0, 0, 0, 0, 0, 2, 2, 1, 3, 1, 1, 4, 0, 2, 5, 4, 2, 5, 1, 6, 2, 2, 57, 0, 0, 0, 0, 0, 0]",-1,-0.028276271934976855,-1,0
261,"[0, 0, 1, 0, 6, 0, 0, 2, 0, 0, 0, 0, 0, 0, 0, 0, 2, 0, 1, 0, 0, 2, 0, 0, 0, 0, 1, 0, 0, 0, 0, 0, 0, 0, 0, 0, 0, 0, 0, 0, 2, 0, 0, 1, 0, 2, 0, 0, 2, 0, 0, 0, 0, 1, 0, 0, 0, 0, 0, 0, 0, 0, 0, 2, 2, 1, 3, 1, 1, 4, 0, 2, 5, 4, 2, 5, 1, 6, 2, 2, 57, 1, 0, 0, 0, 0, 0]",3,0.3993462020876723,-1,0
262,"[0, 0, 1, 0, 6, 0, 0, 2, 0, 0, 0, 0, 0, 0, 0, 0, 2, 0, 1, 0, 0, 2, 0, 0, 0, 0, 1, 0, 0, 0, 0, 0, 0, 0, 0, 0, 0, 0, 0, 0, 2, 0, 0, 1, 0, 2, 0, 0, 2, 0, 0, 0, 0, 1, 0, 0, 0, 0, 0, 0, 0, 0, 0, 2, 2, 1, 3, 1, 1, 4, 0, 2, 5, 4, 2, 5, 1, 6, 2, 2, 57, 0, 0, 0, 0, 0, 0]",-1,-0.028276271934976855,-1,0
263,"[0, 0, 1, 0, 6, 0, 0, 2, 0, 0, 0, 0, 0, 0, 0, 0, 2, 0, 1, 0, 0, 2, 0, 0, 0, 0, 1, 0, 0, 0, 0, 0, 0, 0, 0, 0, 0, 0, 0, 0, 2, 0, 0, 1, 0, 2, 0, 0, 2, 0, 0, 0, 0, 1, 0, 0, 0, 0, 0, 0, 0, 0, 0, 2, 2, 1, 3, 1, 1, 4, 0, 2, 5, 4, 2, 5, 1, 6, 2, 2, 58, 0, 0, 0, 0, 0, 0]",4,8.7526139746465,-1,0
264,"[0, 0, 1, 0, 6, 0, 0, 2, 0, 0, 0, 0, 0, 0, 0, 0, 2, 0, 1, 0, 0, 2, 0, 0, 0, 0, 1, 0, 0, 0, 0, 0, 0, 0, 0, 0, 0, 0, 0, 0, 2, 0, 0, 1, 0, 2, 0, 0, 2, 0, 0, 0, 0, 1, 0, 0, 0, 0, 0, 0, 0, 0, 0, 2, 2, 1, 3, 1, 1, 4, 0, 2, 5, 4, 2, 5, 1, 6, 2, 2, 58, 0, 1, 0, 0, 0, 0]",2,0.5993196108594165,-1,1
265,"[0, 0, 1, 0, 6, 0, 0, 2, 0, 0, 0, 0, 0, 0, 0, 0, 2, 0, 1, 0, 0, 2, 0, 0, 0, 0, 1, 0, 0, 0, 0, 0, 0, 0, 0, 0, 0, 0, 0, 0, 2, 0, 0, 1, 0, 2, 0, 0, 2, 0, 0, 0, 0, 1, 0, 0, 0, 0, 0, 0, 0, 0, 0, 2, 2, 1, 3, 1, 1, 4, 0, 2, 5, 4, 2, 5, 1, 6, 2, 2, 58, 0, 1, 0, 0, 1, 0]","[[1 0 0 1]
 [0 0 1 0]]",0.16525181968344893,-1,1
266,"[0, 0, 1, 0, 6, 0, 0, 2, 0, 0, 0, 0, 0, 0, 0, 0, 2, 0, 1, 0, 0, 2, 0, 0, 0, 0, 1, 0, 0, 0, 0, 0, 0, 0, 0, 0, 0, 0, 0, 0, 2, 0, 0, 1, 0, 2, 0, 0, 2, 0, 0, 0, 0, 1, 0, 0, 0, 0, 0, 0, 0, 0, 0, 2, 2, 1, 3, 1, 1, 4, 0, 2, 5, 4, 2, 5, 1, 6, 2, 2, 58, 0, 0, 0, 0, 0, 0]",1,-0.0006803891405834529,-1,0
267,"[0, 0, 1, 0, 6, 0, 0, 2, 0, 0, 0, 0, 0, 0, 0, 0, 2, 0, 1, 0, 0, 2, 0, 0, 0, 0, 1, 0, 0, 0, 0, 0, 0, 0, 0, 0, 0, 0, 0, 0, 2, 0, 0, 1, 0, 2, 0, 0, 2, 0, 0, 0, 0, 1, 0, 0, 0, 0, 0, 0, 0, 0, 0, 2, 2, 1, 3, 1, 1, 4, 0, 2, 5, 4, 2, 5, 1, 6, 2, 2, 58, 0, 0, 0, 0, 0, 0]",-1,-0.027994918328270103,-1,1
268,"[0, 0, 1, 0, 6, 0, 0, 2, 0, 0, 0, 0, 0, 0, 0, 0, 2, 0, 1, 0, 0, 2, 0, 0, 0, 0, 1, 0, 0, 0, 0, 0, 0, 0, 0, 0, 0, 0, 0, 0, 2, 0, 0, 1, 0, 2, 0, 0, 2, 0, 0, 0, 0, 1, 0, 0, 0, 0, 0, 0, 0, 0, 0, 2, 2, 1, 3, 1, 1, 4, 0, 2, 5, 4, 2, 5, 1, 6, 2, 2, 58, 0, 0, 0, 0, 0, 0]",-1,-0.027994918328270103,-1,1
269,"[0, 0, 1, 0, 6, 0, 0, 3, 0, 0, 0, 0, 0, 0, 0, 0, 2, 0, 1, 0, 0, 2, 0, 0, 0, 0, 1, 0, 0, 0, 0, 0, 0, 0, 0, 0, 0, 0, 0, 0, 2, 0, 0, 1, 0, 2, 0, 0, 2, 0, 0, 0, 0, 1, 0, 0, 0, 0, 0, 0, 0, 0, 0, 2, 2, 1, 3, 1, 1, 4, 0, 2, 5, 4, 2, 5, 1, 6, 2, 2, 59, 0, 0, 0, 0, 0, 0]",4,9.842042392459575,-1,1
270,"[0, 0, 1, 0, 6, 0, 0, 3, 0, 0, 0, 0, 0, 0, 0, 0, 2, 0, 1, 0, 0, 2, 0, 0, 0, 0, 1, 0, 0, 0, 0, 0, 0, 0, 0, 0, 0, 0, 0, 0, 2, 0, 0, 1, 0, 2, 0, 0, 2, 0, 0, 0, 0, 1, 0, 0, 0, 0, 0, 0, 0, 0, 0, 2, 2, 1, 3, 1, 1, 4, 0, 2, 5, 4, 2, 5, 1, 6, 2, 2, 60, 0, 0, 0, 0, 0, 0]",4,8.751437700410694,-1,0
271,"[0, 0, 1, 0, 6, 0, 0, 3, 0, 0, 0, 0, 0, 0, 0, 0, 2, 0, 1, 0, 0, 2, 0, 0, 0, 0, 1, 0, 0, 0, 0, 0, 0, 0, 0, 0, 0, 0, 0, 0, 2, 0, 0, 1, 0, 2, 0, 0, 2, 0, 0, 0, 0, 1, 0, 0, 0, 0, 0, 0, 0, 0, 0, 2, 2, 1, 3, 1, 1, 4, 0, 2, 5, 4, 2, 5, 1, 6, 2, 2, 60, 0, 1, 0, 0, 0, 0]",2,0.5992631520201128,-1,1
272,"[0, 0, 1, 0, 6, 0, 0, 3, 0, 0, 0, 0, 0, 0, 0, 0, 2, 0, 1, 0, 0, 2, 0, 0, 0, 0, 1, 0, 0, 0, 0, 0, 0, 0, 0, 0, 0, 0, 0, 0, 2, 0, 0, 1, 0, 2, 0, 0, 2, 0, 0, 0, 0, 1, 0, 0, 0, 0, 0, 0, 0, 0, 0, 2, 2, 1, 3, 1, 1, 4, 0, 2, 5, 4, 2, 5, 1, 6, 2, 2, 60, 0, 1, 0, 0, 1, 0]","[[3 0 0 1]
 [0 0 1 0]]",0.0025235999011423075,-1,1
273,"[0, 0, 1, 0, 6, 0, 0, 3, 0, 0, 0, 0, 0, 0, 0, 0, 2, 0, 1, 0, 0, 2, 0, 0, 0, 0, 1, 0, 0, 0, 0, 0, 0, 0, 0, 0, 0, 0, 0, 0, 2, 0, 0, 1, 0, 2, 0, 0, 2, 0, 0, 0, 0, 1, 0, 0, 0, 0, 0, 0, 0, 0, 0, 2, 2, 1, 3, 1, 1, 4, 0, 2, 5, 4, 2, 5, 1, 6, 2, 2, 60, 0, 0, 0, 0, 0, 0]",1,-0.0007368479798871972,-1,0
274,"[0, 0, 2, 0, 6, 0, 0, 3, 0, 0, 0, 0, 0, 0, 0, 0, 2, 0, 1, 0, 0, 2, 0, 0, 0, 0, 1, 0, 0, 0, 0, 0, 0, 0, 0, 0, 0, 0, 0, 0, 2, 0, 0, 1, 0, 2, 0, 0, 2, 0, 0, 0, 0, 1, 0, 0, 0, 0, 0, 0, 0, 0, 0, 2, 2, 1, 3, 1, 1, 4, 0, 2, 5, 4, 2, 5, 1, 6, 2, 2, 61, 0, 0, 0, 0, 0, 0]",4,9.840874973434328,-1,1
275,"[0, 0, 2, 0, 6, 0, 0, 3, 0, 0, 0, 0, 0, 0, 0, 0, 2, 0, 1, 0, 0, 2, 0, 0, 0, 0, 1, 0, 0, 0, 0, 0, 0, 0, 0, 0, 0, 0, 0, 0, 2, 0, 0, 1, 0, 2, 0, 0, 2, 0, 0, 0, 0, 1, 0, 0, 0, 0, 0, 0, 0, 0, 0, 2, 2, 1, 3, 1, 1, 4, 0, 2, 5, 4, 2, 5, 1, 6, 2, 2, 61, 1, 0, 0, 0, 0, 0]",3,0.3992331959777005,-1,0
276,"[0, 0, 2, 0, 6, 0, 0, 3, 0, 0, 0, 0, 0, 0, 0, 0, 2, 0, 1, 0, 0, 2, 0, 0, 0, 0, 1, 0, 0, 0, 0, 0, 0, 0, 0, 0, 0, 0, 0, 0, 2, 0, 0, 1, 0, 2, 0, 0, 2, 0, 0, 0, 0, 1, 0, 0, 0, 0, 0, 0, 0, 0, 0, 2, 2, 1, 3, 1, 1, 4, 0, 2, 5, 4, 2, 5, 1, 6, 2, 2, 61, 0, 0, 0, 0, 0, 0]",-1,-0.02716754345372499,-1,0
277,"[0, 0, 2, 0, 6, 0, 0, 3, 0, 0, 0, 0, 0, 0, 0, 0, 2, 0, 1, 0, 0, 2, 0, 0, 0, 0, 1, 0, 0, 0, 0, 0, 0, 0, 0, 0, 0, 0, 0, 0, 2, 0, 0, 1, 0, 2, 0, 0, 2, 0, 0, 0, 0, 1, 0, 0, 0, 0, 0, 0, 0, 0, 0, 2, 2, 1, 3, 1, 1, 4, 0, 2, 5, 4, 2, 5, 1, 6, 2, 2, 61, 0, 0, 0, 0, 0, 0]",-1,-0.02716754345372499,-1,1
278,"[0, 0, 2, 0, 6, 0, 0, 3, 0, 0, 0, 0, 0, 0, 0, 0, 2, 0, 1, 0, 0, 2, 0, 0, 0, 0, 1, 0, 0, 0, 0, 0, 0, 0, 0, 0, 0, 0, 0, 0, 2, 0, 0, 1, 0, 2, 0, 0, 2, 0, 0, 0, 0, 1, 0, 0, 0, 0, 0, 0, 0, 0, 0, 2, 2, 1, 3, 1, 1, 4, 0, 2, 5, 4, 2, 5, 1, 6, 2, 2, 61, 0, 0, 0, 0, 0, 0]",-1,-0.02716754345372499,-1,1
279,"[0, 0, 2, 0, 6, 0, 0, 3, 0, 0, 0, 0, 0, 0, 0, 0, 2, 0, 1, 0, 0, 2, 0, 0, 0, 0, 1, 0, 0, 0, 0, 0, 0, 0, 0, 0, 0, 0, 0, 0, 2, 0, 0, 1, 0, 2, 0, 0, 2, 0, 0, 0, 0, 1, 0, 0, 0, 0, 0, 0, 0, 0, 0, 2, 2, 1, 3, 1, 1, 4, 0, 2, 5, 4, 2, 5, 1, 6, 2, 2, 62, 0, 0, 0, 0, 0, 0]",4,9.840297727724876,-1,1
280,"[0, 0, 1, 0, 3, 0, 0, 1, 0, 0, 0, 0, 0, 0, 0, 0, 2, 0, 1, 0, 0, 2, 0, 0, 0, 0, 1, 0, 0, 0, 0, 0, 0, 0, 0, 0, 0, 0, 0, 0, 2, 0, 0, 1, 0, 2, 0, 0, 2, 0, 0, 0, 0, 1, 0, 0, 0, 0, 0, 0, 0, 0, 0, 2, 2, 1, 3, 1, 1, 4, 0, 2, 5, 4, 2, 5, 1, 6, 2, 1, 63, 0, 0, 0, 0, 0, 0]",4,8.749705859963878,-1,0
281,"[0, 0, 1, 0, 3, 0, 0, 1, 0, 0, 0, 0, 0, 0, 0, 0, 2, 0, 1, 0, 0, 2, 0, 0, 0, 0, 1, 0, 0, 0, 0, 0, 0, 0, 0, 0, 0, 0, 0, 0, 2, 0, 0, 1, 0, 2, 0, 0, 2, 0, 0, 0, 0, 1, 0, 0, 0, 0, 0, 0, 0, 0, 0, 2, 2, 1, 3, 1, 1, 4, 0, 2, 5, 4, 2, 5, 1, 6, 2, 1, 63, 0, 0, 0, 0, 0, 0]",-1,-0.026629590050344862,-1,1
282,"[0, 0, 1, 0, 3, 0, 0, 1, 0, 0, 0, 0, 0, 0, 0, 0, 2, 0, 1, 0, 0, 2, 0, 0, 0, 0, 1, 0, 0, 0, 0, 0, 0, 0, 0, 0, 0, 0, 0, 0, 2, 0, 0, 1, 0, 2, 0, 0, 2, 0, 0, 0, 0, 1, 0, 0, 0, 0, 0, 0, 0, 0, 0, 2, 2, 1, 3, 1, 1, 4, 0, 2, 5, 4, 2, 5, 1, 6, 2, 1, 63, 0, 0, 0, 0, 0, 0]",0,0.5848316148611327,-1,1
283,"[0, 0, 1, 0, 3, 0, 0, 1, 0, 0, 0, 0, 0, 0, 0, 0, 2, 0, 1, 0, 0, 2, 0, 0, 0, 0, 1, 0, 0, 0, 0, 0, 0, 0, 0, 0, 0, 0, 0, 0, 2, 0, 0, 1, 0, 2, 0, 0, 2, 0, 0, 0, 0, 1, 0, 0, 0, 0, 0, 0, 0, 0, 0, 2, 2, 1, 3, 1, 1, 4, 0, 2, 5, 4, 2, 5, 1, 6, 2, 1, 63, 0, 0, 0, 0, 0, 0]",-1,-0.026629590050344862,-1,1
284,"[0, 0, 2, 0, 3, 0, 0, 1, 0, 0, 0, 0, 0, 0, 0, 0, 2, 0, 1, 0, 0, 2, 0, 0, 0, 0, 1, 0, 0, 0, 0, 0, 0, 0, 0, 0, 0, 0, 0, 0, 2, 0, 0, 1, 0, 2, 0, 0, 2, 0, 0, 0, 0, 1, 0, 0, 0, 0, 0, 0, 0, 0, 0, 2, 2, 1, 3, 1, 1, 4, 0, 2, 5, 4, 2, 5, 1, 6, 2, 1, 64, 0, 0, 0, 0, 0, 0]",4,9.945869590669746,-1,1
285,"[0, 0, 2, 0, 3, 0, 0, 1, 0, 0, 0, 0, 0, 0, 0, 0, 2, 0, 1, 0, 0, 2, 0, 0, 0, 0, 1, 0, 0, 0, 0, 0, 0, 0, 0, 0, 0, 0, 0, 0, 2, 0, 0, 1, 0, 2, 0, 0, 2, 0, 0, 0, 0, 1, 0, 0, 0, 0, 0, 0, 0, 0, 0, 2, 2, 1, 3, 1, 1, 4, 0, 2, 5, 4, 2, 5, 1, 6, 2, 1, 64, 1, 0, 0, 0, 0, 0]",3,0.39913585329601764,-1,0
286,"[1, 0, 0, 0, 3, 0, 0, 1, 0, 0, 0, 0, 0, 0, 0, 0, 2, 0, 1, 0, 0, 2, 0, 0, 0, 0, 1, 0, 0, 0, 0, 0, 0, 0, 0, 0, 0, 0, 0, 0, 2, 0, 0, 1, 0, 2, 0, 0, 2, 0, 0, 0, 0, 1, 0, 0, 0, 0, 0, 0, 0, 0, 0, 2, 2, 1, 3, 1, 1, 4, 0, 2, 5, 4, 2, 5, 1, 6, 2, 1, 64, 0, 0, 0, 0, 0, 0]","[[0 0 2 0]
 [1 0 0 0]]",0.00059353520705867,-1,0
287,"[1, 0, 0, 0, 3, 0, 0, 1, 0, 0, 0, 0, 0, 0, 0, 0, 2, 0, 1, 0, 0, 2, 0, 0, 0, 0, 1, 0, 0, 0, 0, 0, 0, 0, 0, 0, 0, 0, 0, 0, 2, 0, 0, 1, 0, 2, 0, 0, 2, 0, 0, 0, 0, 1, 0, 0, 0, 0, 0, 0, 0, 0, 0, 2, 2, 1, 3, 1, 1, 4, 0, 2, 5, 4, 2, 5, 1, 6, 2, 1, 64, 0, 0, 0, 0, 0, 0]",1,0.8087599683956344,-1,0
288,"[1, 0, 0, 0, 3, 0, 0, 1, 0, 0, 0, 0, 0, 0, 0, 0, 2, 0, 1, 0, 0, 2, 0, 0, 0, 0, 1, 0, 0, 0, 0, 0, 0, 0, 0, 0, 0, 0, 0, 0, 2, 0, 0, 1, 0, 2, 0, 0, 2, 0, 0, 0, 0, 1, 0, 0, 0, 0, 0, 0, 0, 0, 0, 2, 2, 1, 3, 1, 1, 4, 0, 2, 5, 4, 2, 5, 1, 6, 2, 1, 64, 0, 0, 0, 0, 0, 0]",-1,-0.026364621202152428,-1,0
289,"[1, 0, 0, 0, 3, 0, 0, 1, 0, 0, 0, 0, 0, 0, 0, 0, 2, 0, 1, 0, 0, 2, 0, 0, 0, 0, 1, 0, 0, 0, 0, 0, 0, 0, 0, 0, 0, 0, 0, 0, 2, 0, 0, 1, 0, 2, 0, 0, 2, 0, 0, 0, 0, 1, 0, 0, 0, 0, 0, 0, 0, 0, 0, 2, 2, 1, 3, 1, 1, 4, 0, 2, 5, 4, 2, 5, 1, 6, 2, 1, 64, 0, 0, 0, 0, 0, 0]",0,0.6252348869959586,-1,0
290,"[1, 0, 0, 0, 3, 0, 0, 1, 0, 0, 0, 0, 0, 0, 0, 0, 2, 0, 1, 0, 0, 2, 0, 0, 0, 0, 1, 0, 0, 0, 0, 0, 0, 0, 0, 0, 0, 0, 0, 0, 2, 0, 0, 1, 0, 2, 0, 0, 2, 0, 0, 0, 0, 1, 0, 0, 0, 0, 0, 0, 0, 0, 0, 2, 2, 1, 3, 1, 1, 4, 0, 2, 5, 4, 2, 5, 1, 6, 2, 1, 64, 0, 0, 0, 0, 0, 0]",-1,-0.026364621202152428,-1,0
291,"[1, 0, 1, 0, 3, 0, 0, 1, 0, 0, 0, 0, 0, 0, 0, 0, 2, 0, 1, 0, 0, 2, 0, 0, 0, 0, 1, 0, 0, 0, 0, 0, 0, 0, 0, 0, 0, 0, 0, 0, 2, 0, 0, 1, 0, 2, 0, 0, 2, 0, 0, 0, 0, 1, 0, 0, 0, 0, 0, 0, 0, 0, 0, 2, 2, 1, 3, 1, 1, 4, 0, 2, 5, 4, 2, 5, 1, 6, 2, 1, 65, 0, 0, 0, 0, 0, 0]",4,8.911293159065893,-1,0
292,"[1, 0, 1, 0, 3, 0, 0, 1, 0, 0, 0, 0, 0, 0, 0, 0, 2, 0, 1, 0, 0, 2, 0, 0, 0, 0, 1, 0, 0, 0, 0, 0, 0, 0, 0, 0, 0, 0, 0, 0, 2, 0, 0, 1, 0, 2, 0, 0, 2, 0, 0, 0, 0, 1, 0, 0, 0, 0, 0, 0, 0, 0, 0, 2, 2, 1, 3, 1, 1, 4, 0, 2, 5, 4, 2, 5, 1, 6, 2, 1, 65, 0, 1, 0, 0, 0, 0]",2,0.5991007453678118,-1,1
293,"[1, 0, 1, 0, 3, 0, 0, 1, 0, 0, 0, 0, 0, 0, 0, 0, 2, 0, 1, 0, 0, 2, 0, 0, 0, 0, 1, 0, 0, 0, 0, 0, 0, 0, 0, 0, 0, 0, 0, 0, 2, 0, 0, 1, 0, 2, 0, 0, 2, 0, 0, 0, 0, 1, 0, 0, 0, 0, 0, 0, 0, 0, 0, 2, 2, 1, 3, 1, 1, 4, 0, 2, 5, 4, 2, 5, 1, 6, 2, 1, 65, 0, 1, 0, 0, 1, 0]","[[1 0 0 0]
 [1 0 1 0]]",1.9243420779084077,-1,1
294,"[1, 0, 0, 0, 3, 0, 1, 1, 0, 0, 0, 0, 0, 0, 0, 0, 2, 0, 1, 0, 0, 2, 0, 0, 0, 0, 1, 0, 0, 0, 0, 0, 0, 0, 0, 0, 0, 0, 0, 0, 2, 0, 0, 1, 0, 2, 0, 0, 2, 0, 0, 0, 0, 1, 0, 0, 0, 0, 0, 0, 0, 0, 0, 2, 2, 1, 3, 1, 1, 4, 0, 2, 5, 4, 2, 5, 1, 6, 2, 1, 65, 0, 0, 0, 0, 0, 0]",0,-0.0008992546321882357,-1,0
295,"[1, 0, 0, 0, 3, 0, 1, 1, 0, 0, 0, 0, 0, 0, 0, 0, 2, 0, 1, 0, 0, 2, 0, 0, 0, 0, 1, 0, 0, 0, 0, 0, 0, 0, 0, 0, 0, 0, 0, 0, 2, 0, 0, 1, 0, 2, 0, 0, 2, 0, 0, 0, 0, 1, 0, 0, 0, 0, 0, 0, 0, 0, 0, 2, 2, 1, 3, 1, 1, 4, 0, 2, 5, 4, 2, 5, 1, 6, 2, 1, 65, 1, 0, 0, 0, 0, 0]",3,0.39910074536781176,-1,1
296,"[1, 0, 0, 0, 3, 0, 1, 1, 0, 0, 0, 0, 0, 0, 0, 0, 2, 0, 1, 0, 0, 2, 0, 0, 0, 0, 1, 0, 0, 0, 0, 0, 0, 0, 0, 0, 0, 0, 0, 0, 2, 0, 0, 1, 0, 2, 0, 0, 2, 0, 0, 0, 0, 1, 0, 0, 0, 0, 0, 0, 0, 0, 0, 2, 2, 1, 3, 1, 1, 4, 0, 2, 5, 4, 2, 5, 1, 6, 2, 1, 65, 0, 0, 0, 0, 0, 0]",-1,-0.026102288838050804,-1,1
297,"[1, 0, 0, 0, 3, 0, 1, 1, 0, 0, 0, 0, 0, 0, 0, 0, 2, 0, 1, 0, 0, 2, 0, 0, 0, 0, 1, 0, 0, 0, 0, 0, 0, 0, 0, 0, 0, 0, 0, 0, 2, 0, 0, 1, 0, 2, 0, 0, 2, 0, 0, 0, 0, 1, 0, 0, 0, 0, 0, 0, 0, 0, 0, 2, 2, 1, 3, 1, 1, 4, 0, 2, 5, 4, 2, 5, 1, 6, 2, 1, 66, 0, 0, 0, 0, 0, 0]",4,10.164224261794262,-1,1
298,"[1, 0, 0, 0, 3, 0, 1, 1, 0, 0, 0, 0, 0, 0, 0, 0, 2, 0, 1, 0, 0, 2, 0, 0, 0, 0, 1, 0, 0, 0, 0, 0, 0, 0, 0, 0, 0, 0, 0, 0, 2, 0, 0, 1, 0, 2, 0, 0, 2, 0, 0, 0, 0, 1, 0, 0, 0, 0, 0, 0, 0, 0, 0, 2, 2, 1, 3, 1, 1, 4, 0, 2, 5, 4, 2, 5, 1, 6, 2, 1, 66, 1, 0, 0, 0, 0, 0]",3,0.3990642178027299,-1,0
299,"[1, 0, 0, 0, 3, 0, 1, 1, 0, 0, 0, 0, 0, 0, 0, 0, 2, 0, 1, 0, 0, 2, 0, 0, 0, 0, 1, 0, 0, 0, 0, 0, 0, 0, 0, 0, 0, 0, 0, 0, 2, 0, 0, 1, 0, 2, 0, 0, 2, 0, 0, 0, 0, 1, 0, 0, 0, 0, 0, 0, 0, 0, 0, 2, 2, 1, 3, 1, 1, 4, 0, 2, 5, 4, 2, 5, 1, 6, 2, 1, 66, 0, 0, 0, 0, 0, 0]",-1,-0.02584256672458496,-1,0
300,"[1, 0, 0, 0, 3, 0, 1, 1, 0, 0, 0, 0, 0, 0, 0, 0, 2, 0, 1, 0, 0, 2, 0, 0, 0, 0, 1, 0, 0, 0, 0, 0, 0, 0, 0, 0, 0, 0, 0, 0, 2, 0, 0, 1, 0, 2, 0, 0, 2, 0, 0, 0, 0, 1, 0, 0, 0, 0, 0, 0, 0, 0, 0, 2, 2, 1, 3, 1, 1, 4, 0, 2, 5, 4, 2, 5, 1, 6, 2, 1, 66, 1, 0, 0, 0, 0, 0]",3,0.3990642178027299,-1,0
301,"[1, 0, 0, 0, 3, 0, 1, 1, 0, 0, 0, 0, 0, 0, 0, 0, 2, 0, 1, 0, 0, 2, 0, 0, 0, 0, 1, 0, 0, 0, 0, 0, 0, 0, 0, 0, 0, 0, 0, 0, 2, 0, 0, 1, 0, 2, 0, 0, 2, 0, 0, 0, 0, 1, 0, 0, 0, 0, 0, 0, 0, 0, 0, 2, 2, 1, 3, 1, 1, 4, 0, 2, 5, 4, 2, 5, 1, 6, 2, 1, 66, 0, 0, 0, 0, 0, 0]",-1,-0.02584256672458496,-1,0
302,"[1, 0, 0, 0, 3, 0, 1, 1, 0, 0, 0, 0, 0, 0, 0, 0, 2, 0, 1, 0, 0, 2, 0, 0, 0, 0, 1, 0, 0, 0, 0, 0, 0, 0, 0, 0, 0, 0, 0, 0, 2, 0, 0, 1, 0, 2, 0, 0, 2, 0, 0, 0, 0, 1, 0, 0, 0, 0, 0, 0, 0, 0, 0, 2, 2, 1, 3, 1, 1, 4, 0, 2, 5, 4, 2, 5, 1, 6, 2, 1, 66, 1, 0, 0, 0, 0, 0]",3,0.3990642178027299,-1,0
303,"[1, 0, 0, 0, 3, 0, 1, 1, 0, 0, 0, 0, 0, 0, 0, 0, 2, 0, 1, 0, 0, 2, 0, 0, 0, 0, 1, 0, 0, 0, 0, 0, 0, 0, 0, 0, 0, 0, 0, 0, 2, 0, 0, 1, 0, 2, 0, 0, 2, 0, 0, 0, 0, 1, 0, 0, 0, 0, 0, 0, 0, 0, 0, 2, 2, 1, 3, 1, 1, 4, 0, 2, 5, 4, 2, 5, 1, 6, 2, 1, 66, 0, 0, 0, 0, 0, 0]",-1,-0.02584256672458496,-1,0
304,"[1, 0, 0, 0, 3, 0, 1, 1, 0, 0, 0, 0, 0, 0, 0, 0, 2, 0, 1, 0, 0, 2, 0, 0, 0, 0, 1, 0, 0, 0, 0, 0, 0, 0, 0, 0, 0, 0, 0, 0, 2, 0, 0, 1, 0, 2, 0, 0, 2, 0, 0, 0, 0, 1, 0, 0, 0, 0, 0, 0, 0, 0, 0, 2, 2, 1, 3, 1, 1, 4, 0, 2, 5, 4, 2, 5, 1, 6, 2, 1, 66, 0, 0, 0, 0, 0, 0]",0,0.6251632515026709,-1,0
305,"[1, 0, 0, 0, 3, 0, 1, 1, 0, 0, 0, 0, 0, 0, 0, 0, 2, 0, 1, 0, 0, 2, 0, 0, 0, 0, 1, 0, 0, 0, 0, 0, 0, 0, 0, 0, 0, 0, 0, 0, 2, 0, 0, 1, 0, 2, 0, 0, 2, 0, 0, 0, 0, 1, 0, 0, 0, 0, 0, 0, 0, 0, 0, 2, 2, 1, 3, 1, 1, 4, 0, 2, 5, 4, 2, 5, 1, 6, 2, 1, 66, 0, 0, 0, 0, 0, 0]",-1,-0.02584256672458496,-1,0
306,"[1, 0, 0, 0, 3, 0, 1, 1, 0, 0, 0, 0, 0, 0, 0, 0, 2, 0, 1, 0, 0, 2, 0, 0, 0, 0, 1, 0, 0, 0, 0, 0, 0, 0, 0, 0, 0, 0, 0, 0, 2, 0, 0, 1, 0, 2, 0, 0, 2, 0, 0, 0, 0, 1, 0, 0, 0, 0, 0, 0, 0, 0, 0, 2, 2, 1, 3, 1, 1, 4, 0, 2, 5, 4, 2, 5, 1, 6, 2, 1, 67, 0, 0, 0, 0, 0, 0]",4,8.74745316711755,-1,0
307,"[1, 0, 0, 0, 3, 0, 1, 1, 0, 0, 0, 0, 0, 0, 0, 0, 2, 0, 1, 0, 0, 2, 0, 0, 0, 0, 1, 0, 0, 0, 0, 0, 0, 0, 0, 0, 0, 0, 0, 0, 2, 0, 0, 1, 0, 2, 0, 0, 2, 0, 0, 0, 0, 1, 0, 0, 0, 0, 0, 0, 0, 0, 0, 2, 2, 1, 3, 1, 1, 4, 0, 2, 5, 4, 2, 5, 1, 6, 2, 1, 67, 0, 0, 0, 0, 0, 0]",-1,-0.025585428889327123,-1,1
308,"[1, 0, 0, 0, 3, 0, 1, 1, 0, 0, 0, 0, 0, 0, 0, 0, 2, 0, 1, 0, 0, 2, 0, 0, 0, 0, 1, 0, 0, 0, 0, 0, 0, 0, 0, 0, 0, 0, 0, 0, 2, 0, 0, 1, 0, 2, 0, 0, 2, 0, 0, 0, 0, 1, 0, 0, 0, 0, 0, 0, 0, 0, 0, 2, 2, 1, 3, 1, 1, 4, 0, 2, 5, 4, 2, 5, 1, 6, 2, 1, 67, 0, 1, 0, 0, 0, 0]",2,0.5990262137512482,-1,1
309,"[1, 0, 0, 0, 3, 0, 1, 1, 0, 0, 0, 0, 0, 0, 0, 0, 2, 0, 1, 0, 0, 2, 0, 0, 0, 0, 1, 0, 0, 0, 0, 0, 0, 0, 0, 0, 0, 0, 0, 0, 2, 0, 0, 1, 0, 2, 0, 0, 2, 0, 0, 0, 0, 1, 0, 0, 0, 0, 0, 0, 0, 0, 0, 2, 2, 1, 3, 1, 1, 4, 0, 2, 5, 4, 2, 5, 1, 6, 2, 1, 67, 0, 1, 0, 0, 1, 0]","[[1 0 0 0]
 [1 0 0 0]]",0.8494510788093391,-1,1
310,"[1, 0, 0, 0, 3, 0, 1, 1, 0, 0, 0, 0, 0, 0, 0, 0, 2, 0, 1, 0, 0, 2, 0, 0, 0, 0, 1, 0, 0, 0, 0, 0, 0, 0, 0, 0, 0, 0, 0, 0, 2, 0, 0, 1, 0, 2, 0, 0, 2, 0, 0, 0, 0, 1, 0, 0, 0, 0, 0, 0, 0, 0, 0, 2, 2, 1, 3, 1, 1, 4, 0, 2, 5, 4, 2, 5, 1, 6, 2, 1, 67, 0, 0, 0, 0, 0, 0]",1,-0.0009737862487517282,-1,0
311,"[1, 0, 0, 0, 3, 0, 1, 1, 0, 0, 0, 0, 0, 0, 0, 0, 2, 0, 1, 0, 0, 2, 0, 0, 0, 0, 1, 0, 0, 0, 0, 0, 0, 0, 0, 0, 0, 0, 0, 0, 2, 0, 0, 1, 0, 2, 0, 0, 2, 0, 0, 0, 0, 1, 0, 0, 0, 0, 0, 0, 0, 0, 0, 2, 2, 1, 3, 1, 1, 4, 0, 2, 5, 4, 2, 5, 1, 6, 2, 1, 67, 0, 1, 0, 0, 0, 0]",2,0.5990262137512482,-1,1
312,"[1, 0, 0, 0, 3, 0, 1, 1, 0, 0, 0, 0, 0, 0, 0, 0, 2, 0, 1, 0, 0, 2, 0, 0, 0, 0, 1, 0, 0, 0, 0, 0, 0, 0, 0, 0, 0, 0, 0, 0, 2, 0, 0, 1, 0, 2, 0, 0, 2, 0, 0, 0, 0, 1, 0, 0, 0, 0, 0, 0, 0, 0, 0, 2, 2, 1, 3, 1, 1, 4, 0, 2, 5, 4, 2, 5, 1, 6, 2, 1, 67, 0, 0, 0, 0, 0, 0]",-1,-0.025585428889327123,-1,1
313,"[1, 0, 0, 0, 1, 0, 1, 1, 0, 0, 0, 0, 0, 0, 0, 0, 2, 0, 1, 0, 0, 2, 0, 0, 0, 0, 1, 0, 0, 0, 0, 0, 0, 0, 0, 0, 0, 0, 0, 0, 2, 0, 0, 1, 0, 2, 0, 0, 2, 0, 0, 0, 0, 1, 0, 0, 0, 0, 0, 0, 0, 0, 0, 2, 2, 1, 3, 1, 1, 4, 0, 2, 5, 4, 2, 5, 1, 6, 2, 3, 68, 0, 0, 0, 0, 0, 0]",4,10.583550815922084,-1,1
314,"[1, 0, 0, 0, 1, 0, 1, 1, 0, 0, 0, 0, 0, 0, 0, 0, 2, 0, 1, 0, 0, 2, 0, 0, 0, 0, 1, 0, 0, 0, 0, 0, 0, 0, 0, 0, 0, 0, 0, 0, 2, 0, 0, 1, 0, 2, 0, 0, 2, 0, 0, 0, 0, 1, 0, 0, 0, 0, 0, 0, 0, 0, 0, 2, 2, 1, 3, 1, 1, 4, 0, 2, 5, 4, 2, 5, 1, 6, 2, 3, 68, 0, 1, 0, 0, 0, 0]",2,0.5989866741333068,-1,0
315,"[1, 0, 0, 0, 1, 0, 1, 1, 0, 0, 0, 0, 0, 0, 0, 0, 2, 0, 1, 0, 0, 2, 0, 0, 0, 0, 1, 0, 0, 0, 0, 0, 0, 0, 0, 0, 0, 0, 0, 0, 2, 0, 0, 1, 0, 2, 0, 0, 2, 0, 0, 0, 0, 1, 0, 0, 0, 0, 0, 0, 0, 0, 0, 2, 2, 1, 3, 1, 1, 4, 0, 2, 5, 4, 2, 5, 1, 6, 2, 3, 68, 0, 1, 0, 0, 1, 0]","[[1 0 0 0]
 [0 0 1 0]]",0.8494115391913977,-1,0
316,"[1, 0, 0, 0, 1, 0, 1, 1, 0, 0, 0, 0, 0, 0, 0, 0, 2, 0, 1, 0, 0, 2, 0, 0, 0, 0, 1, 0, 0, 0, 0, 0, 0, 0, 0, 0, 0, 0, 0, 0, 2, 0, 0, 1, 0, 2, 0, 0, 2, 0, 0, 0, 0, 1, 0, 0, 0, 0, 0, 0, 0, 0, 0, 2, 2, 1, 3, 1, 1, 4, 0, 2, 5, 4, 2, 5, 1, 6, 2, 3, 68, 0, 0, 0, 0, 0, 0]",1,-0.0010133258666932508,-1,1
317,"[1, 0, 0, 0, 1, 0, 1, 1, 0, 0, 0, 0, 0, 0, 0, 0, 2, 0, 1, 0, 0, 2, 0, 0, 0, 0, 1, 0, 0, 0, 0, 0, 0, 0, 0, 0, 0, 0, 0, 0, 2, 0, 0, 1, 0, 2, 0, 0, 2, 0, 0, 0, 0, 1, 0, 0, 0, 0, 0, 0, 0, 0, 0, 2, 2, 1, 3, 1, 1, 4, 0, 2, 5, 4, 2, 5, 1, 6, 2, 3, 68, 0, 1, 0, 0, 0, 0]",2,0.5989866741333068,-1,0
318,"[1, 0, 0, 0, 1, 0, 1, 1, 0, 0, 0, 0, 0, 0, 0, 0, 2, 0, 1, 0, 0, 2, 0, 0, 0, 0, 1, 0, 0, 0, 0, 0, 0, 0, 0, 0, 0, 0, 0, 0, 2, 0, 0, 1, 0, 2, 0, 0, 2, 0, 0, 0, 0, 1, 0, 0, 0, 0, 0, 0, 0, 0, 0, 2, 2, 1, 3, 1, 1, 4, 0, 2, 5, 4, 2, 5, 1, 6, 2, 3, 68, 0, 1, 0, 0, 1, 0]","[[1 0 0 0]
 [0 0 0 1]]",0.8494115391913977,-1,0
319,"[1, 0, 0, 0, 1, 0, 1, 1, 0, 0, 0, 0, 0, 0, 0, 0, 2, 0, 1, 0, 0, 2, 0, 0, 0, 0, 1, 0, 0, 0, 0, 0, 0, 0, 0, 0, 0, 0, 0, 0, 2, 0, 0, 1, 0, 2, 0, 0, 2, 0, 0, 0, 0, 1, 0, 0, 0, 0, 0, 0, 0, 0, 0, 2, 2, 1, 3, 1, 1, 4, 0, 2, 5, 4, 2, 5, 1, 6, 2, 3, 68, 0, 1, 0, 0, 0, 1]",2,-0.0010133258666932508,-1,1
320,"[1, 0, 0, 0, 1, 0, 1, 1, 0, 0, 0, 0, 0, 0, 0, 0, 2, 0, 1, 0, 0, 2, 0, 0, 0, 0, 1, 0, 0, 0, 0, 0, 0, 0, 0, 0, 0, 0, 0, 0, 2, 0, 0, 1, 0, 2, 0, 0, 2, 0, 0, 0, 0, 1, 0, 0, 0, 0, 0, 0, 0, 0, 0, 2, 2, 1, 3, 1, 1, 4, 0, 2, 5, 4, 2, 5, 1, 6, 2, 3, 68, 0, 0, 0, 0, 0, 0]",-1,-0.02533084961827948,-1,1
321,"[2, 0, 0, 0, 2, 0, 1, 1, 0, 0, 0, 0, 0, 0, 0, 0, 2, 0, 1, 0, 0, 2, 0, 0, 0, 0, 1, 0, 0, 0, 0, 0, 0, 0, 0, 0, 0, 0, 0, 0, 2, 0, 0, 1, 0, 2, 0, 0, 2, 0, 0, 0, 0, 1, 0, 0, 0, 0, 0, 0, 0, 0, 0, 2, 2, 1, 3, 1, 1, 4, 0, 2, 5, 4, 2, 5, 1, 6, 2, 3, 69, 0, 0, 0, 0, 0, 0]",4,8.424537202536492,-1,0
322,"[2, 0, 0, 0, 2, 0, 1, 1, 0, 0, 0, 0, 0, 0, 0, 0, 2, 0, 1, 0, 0, 2, 0, 0, 0, 0, 1, 0, 0, 0, 0, 0, 0, 0, 0, 0, 0, 0, 0, 0, 2, 0, 0, 1, 0, 2, 0, 0, 2, 0, 0, 0, 0, 1, 0, 0, 0, 0, 0, 0, 0, 0, 0, 2, 2, 1, 3, 1, 1, 4, 0, 2, 5, 4, 2, 5, 1, 6, 2, 3, 69, 0, 0, 0, 0, 0, 0]",-1,-0.025078803453302774,-1,1
323,"[2, 0, 0, 0, 2, 0, 1, 1, 0, 0, 0, 0, 0, 0, 0, 0, 2, 0, 1, 0, 0, 2, 0, 0, 0, 0, 1, 0, 0, 0, 0, 0, 0, 0, 0, 0, 0, 0, 0, 0, 2, 0, 0, 1, 0, 2, 0, 0, 2, 0, 0, 0, 0, 1, 0, 0, 0, 0, 0, 0, 0, 0, 0, 2, 2, 1, 3, 1, 1, 4, 0, 2, 5, 4, 2, 5, 1, 6, 2, 3, 69, 0, 0, 0, 0, 0, 0]",-1,-0.025078803453302774,-1,1
324,"[2, 0, 0, 0, 2, 0, 1, 2, 0, 0, 0, 0, 0, 0, 0, 0, 2, 0, 1, 0, 0, 2, 0, 0, 0, 0, 1, 0, 0, 0, 0, 0, 0, 0, 0, 0, 0, 0, 0, 0, 2, 0, 0, 1, 0, 2, 0, 0, 2, 0, 0, 0, 0, 1, 0, 0, 0, 0, 0, 0, 0, 0, 0, 2, 2, 1, 3, 1, 1, 4, 0, 2, 5, 4, 2, 5, 1, 6, 2, 3, 70, 0, 0, 0, 0, 0, 0]",4,10.32150185106143,-1,1
325,"[2, 0, 0, 0, 2, 0, 1, 2, 0, 0, 0, 0, 0, 0, 0, 0, 2, 0, 1, 0, 0, 2, 0, 0, 0, 0, 1, 0, 0, 0, 0, 0, 0, 0, 0, 0, 0, 0, 0, 0, 2, 0, 0, 1, 0, 2, 0, 0, 2, 0, 0, 0, 0, 1, 0, 0, 0, 0, 0, 0, 0, 0, 0, 2, 2, 1, 3, 1, 1, 4, 0, 2, 5, 4, 2, 5, 1, 6, 2, 3, 70, 0, 1, 0, 0, 0, 0]",2,0.5989027402201099,-1,0
326,"[2, 0, 0, 0, 2, 0, 1, 2, 0, 0, 0, 0, 0, 0, 0, 0, 2, 0, 1, 0, 0, 2, 0, 0, 0, 0, 1, 0, 0, 0, 0, 0, 0, 0, 0, 0, 0, 0, 0, 0, 2, 0, 0, 1, 0, 2, 0, 0, 2, 0, 0, 0, 0, 1, 0, 0, 0, 0, 0, 0, 0, 0, 0, 2, 2, 1, 3, 1, 1, 4, 0, 2, 5, 4, 2, 5, 1, 6, 2, 3, 70, 0, 1, 0, 0, 1, 0]","[[1 0 0 0]
 [0 0 0 1]]",0.8493276052782008,-1,0
327,"[2, 0, 0, 0, 2, 0, 1, 2, 0, 0, 0, 0, 0, 0, 0, 0, 2, 0, 1, 0, 0, 2, 0, 0, 0, 0, 1, 0, 0, 0, 0, 0, 0, 0, 0, 0, 0, 0, 0, 0, 2, 0, 0, 1, 0, 2, 0, 0, 2, 0, 0, 0, 0, 1, 0, 0, 0, 0, 0, 0, 0, 0, 0, 2, 2, 1, 3, 1, 1, 4, 0, 2, 5, 4, 2, 5, 1, 6, 2, 3, 70, 0, 0, 0, 0, 0, 0]",1,-0.0010972597798900809,-1,1
328,"[2, 0, 0, 0, 2, 0, 1, 2, 0, 0, 0, 0, 0, 0, 0, 0, 2, 0, 1, 0, 0, 2, 0, 0, 0, 0, 1, 0, 0, 0, 0, 0, 0, 0, 0, 0, 0, 0, 0, 0, 2, 0, 0, 1, 0, 2, 0, 0, 2, 0, 0, 0, 0, 1, 0, 0, 0, 0, 0, 0, 0, 0, 0, 2, 2, 1, 3, 1, 1, 4, 0, 2, 5, 4, 2, 5, 1, 6, 2, 3, 70, 0, 1, 0, 0, 0, 0]",2,0.5989027402201099,-1,0
329,"[2, 0, 0, 0, 2, 0, 1, 2, 0, 0, 0, 0, 0, 0, 0, 0, 2, 0, 1, 0, 0, 2, 0, 0, 0, 0, 1, 0, 0, 0, 0, 0, 0, 0, 0, 0, 0, 0, 0, 0, 2, 0, 0, 1, 0, 2, 0, 0, 2, 0, 0, 0, 0, 1, 0, 0, 0, 0, 0, 0, 0, 0, 0, 2, 2, 1, 3, 1, 1, 4, 0, 2, 5, 4, 2, 5, 1, 6, 2, 3, 70, 0, 1, 0, 0, 1, 0]","[[1 0 0 0]
 [0 0 0 1]]",0.8493276052782008,-1,0
330,"[2, 0, 0, 0, 2, 0, 1, 2, 0, 0, 0, 0, 0, 0, 0, 0, 2, 0, 1, 0, 0, 2, 0, 0, 0, 0, 1, 0, 0, 0, 0, 0, 0, 0, 0, 0, 0, 0, 0, 0, 2, 0, 0, 1, 0, 2, 0, 0, 2, 0, 0, 0, 0, 1, 0, 0, 0, 0, 0, 0, 0, 0, 0, 2, 2, 1, 3, 1, 1, 4, 0, 2, 5, 4, 2, 5, 1, 6, 2, 3, 70, 0, 0, 0, 0, 0, 0]",1,-0.0010972597798900809,-1,1
331,"[2, 0, 0, 0, 2, 0, 1, 2, 0, 0, 0, 0, 0, 0, 0, 0, 2, 0, 1, 0, 0, 2, 0, 0, 0, 0, 1, 0, 0, 0, 0, 0, 0, 0, 0, 0, 0, 0, 0, 0, 2, 0, 0, 1, 0, 2, 0, 0, 2, 0, 0, 0, 0, 1, 0, 0, 0, 0, 0, 0, 0, 0, 0, 2, 2, 1, 3, 1, 1, 4, 0, 2, 5, 4, 2, 5, 1, 6, 2, 3, 70, 1, 0, 0, 0, 0, 0]",3,0.39890274022010996,-1,0
332,"[2, 0, 0, 0, 2, 0, 1, 2, 0, 0, 0, 0, 0, 0, 0, 0, 2, 0, 1, 0, 0, 2, 0, 0, 0, 0, 1, 0, 0, 0, 0, 0, 0, 0, 0, 0, 0, 0, 0, 0, 2, 0, 0, 1, 0, 2, 0, 0, 2, 0, 0, 0, 0, 1, 0, 0, 0, 0, 0, 0, 0, 0, 0, 2, 2, 1, 3, 1, 1, 4, 0, 2, 5, 4, 2, 5, 1, 6, 2, 3, 70, 0, 0, 0, 0, 0, 0]",-1,-0.024829265189570474,-1,0
333,"[2, 0, 0, 0, 2, 0, 1, 2, 0, 0, 0, 0, 0, 0, 0, 0, 2, 0, 1, 0, 0, 2, 0, 0, 0, 0, 1, 0, 0, 0, 0, 0, 0, 0, 0, 0, 0, 0, 0, 0, 2, 0, 0, 1, 0, 2, 0, 0, 2, 0, 0, 0, 0, 1, 0, 0, 0, 0, 0, 0, 0, 0, 0, 2, 2, 1, 3, 1, 1, 4, 0, 2, 5, 4, 2, 5, 1, 6, 2, 3, 70, 1, 0, 0, 0, 0, 0]",3,0.39890274022010996,-1,0
334,"[0, 0, 1, 0, 2, 0, 1, 2, 0, 0, 0, 0, 0, 0, 0, 0, 2, 0, 1, 0, 0, 2, 0, 0, 0, 0, 1, 0, 0, 0, 0, 0, 0, 0, 0, 0, 0, 0, 0, 0, 2, 0, 0, 1, 0, 2, 0, 0, 2, 0, 0, 0, 0, 1, 0, 0, 0, 0, 0, 0, 0, 0, 0, 2, 2, 1, 3, 1, 1, 4, 0, 2, 5, 4, 2, 5, 1, 6, 2, 3, 70, 0, 0, 0, 0, 0, 0]","[[2 0 0 0]
 [0 0 1 0]]",0.00036042213115097246,-1,0
335,"[0, 0, 1, 0, 2, 0, 1, 2, 0, 0, 0, 0, 0, 0, 0, 0, 2, 0, 1, 0, 0, 2, 0, 0, 0, 0, 1, 0, 0, 0, 0, 0, 0, 0, 0, 0, 0, 0, 0, 0, 2, 0, 0, 1, 0, 2, 0, 0, 2, 0, 0, 0, 0, 1, 0, 0, 0, 0, 0, 0, 0, 0, 0, 2, 2, 1, 3, 1, 1, 4, 0, 2, 5, 4, 2, 5, 1, 6, 2, 3, 70, 0, 1, 0, 0, 0, 0]",2,0.5989027402201099,-1,0
336,"[0, 0, 1, 0, 2, 0, 1, 2, 0, 0, 0, 0, 0, 0, 0, 0, 2, 0, 1, 0, 0, 2, 0, 0, 0, 0, 1, 0, 0, 0, 0, 0, 0, 0, 0, 0, 0, 0, 0, 0, 2, 0, 0, 1, 0, 2, 0, 0, 2, 0, 0, 0, 0, 1, 0, 0, 0, 0, 0, 0, 0, 0, 0, 2, 2, 1, 3, 1, 1, 4, 0, 2, 5, 4, 2, 5, 1, 6, 2, 3, 70, 0, 1, 0, 0, 1, 0]","[[0 0 1 0]
 [1 0 0 0]]",0.8493276052782008,-1,0
337,"[0, 0, 1, 0, 2, 0, 1, 2, 0, 0, 0, 0, 0, 0, 0, 0, 2, 0, 1, 0, 0, 2, 0, 0, 0, 0, 1, 0, 0, 0, 0, 0, 0, 0, 0, 0, 0, 0, 0, 0, 2, 0, 0, 1, 0, 2, 0, 0, 2, 0, 0, 0, 0, 1, 0, 0, 0, 0, 0, 0, 0, 0, 0, 2, 2, 1, 3, 1, 1, 4, 0, 2, 5, 4, 2, 5, 1, 6, 2, 3, 70, 0, 1, 0, 0, 0, 1]",2,-0.0010972597798900809,-1,1
338,"[0, 0, 1, 0, 2, 0, 1, 2, 0, 0, 0, 0, 0, 0, 0, 0, 2, 0, 1, 0, 0, 2, 0, 0, 0, 0, 1, 0, 0, 0, 0, 0, 0, 0, 0, 0, 0, 0, 0, 0, 2, 0, 0, 1, 0, 2, 0, 0, 2, 0, 0, 0, 0, 1, 0, 0, 0, 0, 0, 0, 0, 0, 0, 2, 2, 1, 3, 1, 1, 4, 0, 2, 5, 4, 2, 5, 1, 6, 2, 3, 70, 0, 0, 1, 0, 0, 0]","[[1 0 0 1]
 [0 0 1 0]]",-0.0010972597798900809,-1,1
339,"[0, 0, 1, 0, 2, 0, 1, 2, 0, 0, 0, 0, 0, 0, 0, 0, 2, 0, 1, 0, 0, 2, 0, 0, 0, 0, 1, 0, 0, 0, 0, 0, 0, 0, 0, 0, 0, 0, 0, 0, 2, 0, 0, 1, 0, 2, 0, 0, 2, 0, 0, 0, 0, 1, 0, 0, 0, 0, 0, 0, 0, 0, 0, 2, 2, 1, 3, 1, 1, 4, 0, 2, 5, 4, 2, 5, 1, 6, 2, 3, 70, 0, 0, 0, 0, 0, 0]",1,-0.30109725977989005,-1,0
340,"[0, 0, 1, 0, 2, 0, 1, 3, 0, 0, 0, 0, 0, 0, 0, 0, 2, 0, 1, 0, 0, 2, 0, 0, 0, 0, 1, 0, 0, 0, 0, 0, 0, 0, 0, 0, 0, 0, 0, 0, 2, 0, 0, 1, 0, 2, 0, 0, 2, 0, 0, 0, 0, 1, 0, 0, 0, 0, 0, 0, 0, 0, 0, 2, 2, 1, 3, 1, 1, 4, 0, 2, 5, 4, 2, 5, 1, 6, 2, 3, 71, 0, 0, 0, 0, 0, 0]",4,8.745258566140867,-1,0
341,"[0, 0, 1, 0, 2, 0, 1, 3, 0, 0, 0, 0, 0, 0, 0, 0, 2, 0, 1, 0, 0, 2, 0, 0, 0, 0, 1, 0, 0, 0, 0, 0, 0, 0, 0, 0, 0, 0, 0, 0, 2, 0, 0, 1, 0, 2, 0, 0, 2, 0, 0, 0, 0, 1, 0, 0, 0, 0, 0, 0, 0, 0, 0, 2, 2, 1, 3, 1, 1, 4, 0, 2, 5, 4, 2, 5, 1, 6, 2, 3, 71, 0, 0, 0, 0, 0, 0]",-1,-0.024582209873048256,-1,1
342,"[0, 0, 2, 0, 2, 0, 1, 3, 0, 0, 0, 0, 0, 0, 0, 0, 2, 0, 1, 0, 0, 2, 0, 0, 0, 0, 1, 0, 0, 0, 0, 0, 0, 0, 0, 0, 0, 0, 0, 0, 2, 0, 0, 1, 0, 2, 0, 0, 2, 0, 0, 0, 0, 1, 0, 0, 0, 0, 0, 0, 0, 0, 0, 2, 2, 1, 3, 1, 1, 4, 0, 2, 5, 4, 2, 5, 1, 6, 2, 3, 72, 0, 0, 0, 0, 0, 0]",4,8.422906281051752,-1,0
343,"[0, 0, 3, 0, 2, 0, 1, 3, 0, 0, 0, 0, 0, 0, 0, 0, 2, 0, 1, 0, 0, 2, 0, 0, 0, 0, 1, 0, 0, 0, 0, 0, 0, 0, 0, 0, 0, 0, 0, 0, 2, 0, 0, 1, 0, 2, 0, 0, 2, 0, 0, 0, 0, 1, 0, 0, 0, 0, 0, 0, 0, 0, 0, 2, 2, 1, 3, 1, 1, 4, 0, 2, 5, 4, 2, 5, 1, 6, 2, 3, 73, 0, 0, 0, 0, 0, 0]",4,10.189693402032185,-1,1
344,"[0, 0, 3, 0, 2, 0, 1, 4, 0, 0, 0, 0, 0, 0, 0, 0, 2, 0, 1, 0, 0, 2, 0, 0, 0, 0, 1, 0, 0, 0, 0, 0, 0, 0, 0, 0, 0, 0, 0, 0, 2, 0, 0, 1, 0, 2, 0, 0, 2, 0, 0, 0, 0, 1, 0, 0, 0, 0, 0, 0, 0, 0, 0, 2, 2, 1, 3, 1, 1, 4, 0, 2, 5, 4, 2, 5, 1, 6, 2, 3, 74, 0, 0, 0, 0, 0, 0]",4,8.262175513297617,-1,0
345,"[0, 0, 3, 0, 2, 0, 1, 4, 0, 0, 0, 0, 0, 0, 0, 0, 2, 0, 1, 0, 0, 2, 0, 0, 0, 0, 1, 0, 0, 0, 0, 0, 0, 0, 0, 0, 0, 0, 0, 0, 2, 0, 0, 1, 0, 2, 0, 0, 2, 0, 0, 0, 0, 1, 0, 0, 0, 0, 0, 0, 0, 0, 0, 2, 2, 1, 3, 1, 1, 4, 0, 2, 5, 4, 2, 5, 1, 6, 2, 3, 74, 0, 0, 0, 0, 0, 0]",-1,-0.02385569577605172,-1,1
346,"[0, 0, 3, 0, 2, 0, 1, 4, 0, 0, 0, 0, 0, 0, 0, 0, 2, 0, 1, 0, 0, 2, 0, 0, 0, 0, 1, 0, 0, 0, 0, 0, 0, 0, 0, 0, 0, 0, 0, 0, 2, 0, 0, 1, 0, 2, 0, 0, 2, 0, 0, 0, 0, 1, 0, 0, 0, 0, 0, 0, 0, 0, 0, 2, 2, 1, 3, 1, 1, 4, 0, 2, 5, 4, 2, 5, 1, 6, 2, 3, 74, 0, 0, 0, 0, 0, 0]",-1,-0.02385569577605172,-1,1
347,"[0, 0, 3, 0, 2, 0, 1, 5, 0, 0, 0, 0, 0, 0, 0, 0, 2, 0, 1, 0, 0, 2, 0, 0, 0, 0, 1, 0, 0, 0, 0, 0, 0, 0, 0, 0, 0, 0, 0, 0, 2, 0, 0, 1, 0, 2, 0, 0, 2, 0, 0, 0, 0, 1, 0, 0, 0, 0, 0, 0, 0, 0, 0, 2, 2, 1, 3, 1, 1, 4, 0, 2, 5, 4, 2, 5, 1, 6, 2, 3, 75, 0, 0, 0, 0, 0, 0]",4,9.984424700173928,-1,1
348,"[0, 0, 3, 0, 2, 0, 1, 6, 0, 0, 0, 0, 0, 0, 0, 0, 2, 0, 1, 0, 0, 2, 0, 0, 0, 0, 1, 0, 0, 0, 0, 0, 0, 0, 0, 0, 0, 0, 0, 0, 2, 0, 0, 1, 0, 2, 0, 0, 2, 0, 0, 0, 0, 1, 0, 0, 0, 0, 0, 0, 0, 0, 0, 2, 2, 1, 3, 1, 1, 4, 0, 2, 5, 4, 2, 5, 1, 6, 2, 3, 76, 0, 0, 0, 0, 0, 0]",4,8.26111487342053,-1,0
349,"[1, 0, 3, 0, 3, 0, 1, 6, 0, 0, 0, 0, 0, 0, 0, 0, 2, 0, 1, 0, 0, 2, 0, 0, 0, 0, 1, 0, 0, 0, 0, 0, 0, 0, 0, 0, 0, 0, 0, 0, 2, 0, 0, 1, 0, 2, 0, 0, 2, 0, 0, 0, 0, 1, 0, 0, 0, 0, 0, 0, 0, 0, 0, 2, 2, 1, 3, 1, 1, 4, 0, 2, 5, 4, 2, 5, 1, 6, 2, 3, 77, 0, 0, 0, 0, 0, 0]",4,9.94916842393115,-1,1
350,"[1, 0, 4, 0, 3, 0, 1, 6, 0, 0, 0, 0, 0, 0, 0, 0, 2, 0, 1, 0, 0, 2, 0, 0, 0, 0, 1, 0, 0, 0, 0, 0, 0, 0, 0, 0, 0, 0, 0, 0, 2, 0, 0, 1, 0, 2, 0, 0, 2, 0, 0, 0, 0, 1, 0, 0, 0, 0, 0, 0, 0, 0, 0, 2, 2, 1, 3, 1, 1, 4, 0, 2, 5, 4, 2, 5, 1, 6, 2, 3, 78, 0, 0, 0, 0, 0, 0]",4,8.404831606131316,-1,0
351,"[1, 0, 4, 0, 3, 0, 1, 6, 0, 0, 0, 0, 0, 0, 0, 0, 2, 0, 1, 0, 0, 2, 0, 0, 0, 0, 1, 0, 0, 0, 0, 0, 0, 0, 0, 0, 0, 0, 0, 0, 2, 0, 0, 1, 0, 2, 0, 0, 2, 0, 0, 0, 0, 1, 0, 0, 0, 0, 0, 0, 0, 0, 0, 2, 2, 1, 3, 1, 1, 4, 0, 2, 5, 4, 2, 5, 1, 6, 2, 3, 78, 0, 1, 0, 0, 0, 0]",2,0.5984920530883253,-1,1
352,"[1, 0, 4, 0, 3, 0, 1, 6, 0, 0, 0, 0, 0, 0, 0, 0, 2, 0, 1, 0, 0, 2, 0, 0, 0, 0, 1, 0, 0, 0, 0, 0, 0, 0, 0, 0, 0, 0, 0, 0, 2, 0, 0, 1, 0, 2, 0, 0, 2, 0, 0, 0, 0, 1, 0, 0, 0, 0, 0, 0, 0, 0, 0, 2, 2, 1, 3, 1, 1, 4, 0, 2, 5, 4, 2, 5, 1, 6, 2, 3, 78, 0, 1, 0, 0, 1, 0]","[[1 0 0 2]
 [1 0 1 0]]",0.1644242619123577,-1,1
353,"[1, 0, 4, 0, 3, 0, 1, 6, 0, 0, 0, 0, 0, 0, 0, 0, 2, 0, 1, 0, 0, 2, 0, 0, 0, 0, 1, 0, 0, 0, 0, 0, 0, 0, 0, 0, 0, 0, 0, 0, 2, 0, 0, 1, 0, 2, 0, 0, 2, 0, 0, 0, 0, 1, 0, 0, 0, 0, 0, 0, 0, 0, 0, 2, 2, 1, 3, 1, 1, 4, 0, 2, 5, 4, 2, 5, 1, 6, 2, 3, 78, 0, 0, 0, 0, 0, 0]",1,-0.0015079469116746787,-1,0
354,"[1, 0, 4, 0, 3, 0, 1, 6, 0, 0, 0, 0, 0, 0, 0, 0, 2, 0, 1, 0, 0, 2, 0, 0, 0, 0, 1, 0, 0, 0, 0, 0, 0, 0, 0, 0, 0, 0, 0, 0, 2, 0, 0, 1, 0, 2, 0, 0, 2, 0, 0, 0, 0, 1, 0, 0, 0, 0, 0, 0, 0, 0, 0, 2, 2, 1, 3, 1, 1, 4, 0, 2, 5, 4, 2, 5, 1, 6, 2, 3, 78, 0, 0, 0, 0, 0, 0]",-1,-0.022920300565261176,-1,1
355,"[1, 0, 4, 0, 3, 0, 1, 6, 0, 0, 0, 0, 0, 0, 0, 0, 2, 0, 1, 0, 0, 2, 0, 0, 0, 0, 1, 0, 0, 0, 0, 0, 0, 0, 0, 0, 0, 0, 0, 0, 2, 0, 0, 1, 0, 2, 0, 0, 2, 0, 0, 0, 0, 1, 0, 0, 0, 0, 0, 0, 0, 0, 0, 2, 2, 1, 3, 1, 1, 4, 0, 2, 5, 4, 2, 5, 1, 6, 2, 3, 78, 0, 0, 0, 0, 0, 0]",-1,-0.022920300565261176,-1,1
356,"[1, 0, 4, 0, 3, 0, 1, 6, 0, 0, 0, 0, 0, 0, 0, 0, 2, 0, 1, 0, 0, 2, 0, 0, 0, 0, 1, 0, 0, 0, 0, 0, 0, 0, 0, 0, 0, 0, 0, 0, 2, 0, 0, 1, 0, 2, 0, 0, 2, 0, 0, 0, 0, 1, 0, 0, 0, 0, 0, 0, 0, 0, 0, 2, 2, 1, 3, 1, 1, 4, 0, 2, 5, 4, 2, 5, 1, 6, 2, 3, 79, 0, 0, 0, 0, 0, 0]",4,9.948122625673758,-1,1
357,"[1, 0, 4, 0, 3, 0, 1, 6, 0, 0, 0, 0, 0, 0, 0, 0, 2, 0, 1, 0, 0, 2, 0, 0, 0, 0, 1, 0, 0, 0, 0, 0, 0, 0, 0, 0, 0, 0, 0, 0, 2, 0, 0, 1, 0, 2, 0, 0, 2, 0, 0, 0, 0, 1, 0, 0, 0, 0, 0, 0, 0, 0, 0, 2, 2, 1, 3, 1, 1, 4, 0, 2, 5, 4, 2, 5, 1, 6, 2, 3, 79, 0, 1, 0, 0, 0, 0]",2,0.5984309953939089,-1,0
358,"[1, 0, 4, 0, 3, 0, 1, 6, 0, 0, 0, 0, 0, 0, 0, 0, 2, 0, 1, 0, 0, 2, 0, 0, 0, 0, 1, 0, 0, 0, 0, 0, 0, 0, 0, 0, 0, 0, 0, 0, 2, 0, 0, 1, 0, 2, 0, 0, 2, 0, 0, 0, 0, 1, 0, 0, 0, 0, 0, 0, 0, 0, 0, 2, 2, 1, 3, 1, 1, 4, 0, 2, 5, 4, 2, 5, 1, 6, 2, 3, 79, 0, 1, 0, 0, 1, 0]","[[0 0 1 0]
 [0 0 0 1]]",0.8488558604519998,-1,0
359,"[1, 0, 4, 0, 3, 0, 1, 6, 0, 0, 0, 0, 0, 0, 0, 0, 2, 0, 1, 0, 0, 2, 0, 0, 0, 0, 1, 0, 0, 0, 0, 0, 0, 0, 0, 0, 0, 0, 0, 0, 2, 0, 0, 1, 0, 2, 0, 0, 2, 0, 0, 0, 0, 1, 0, 0, 0, 0, 0, 0, 0, 0, 0, 2, 2, 1, 3, 1, 1, 4, 0, 2, 5, 4, 2, 5, 1, 6, 2, 3, 79, 0, 1, 0, 0, 0, 1]",2,-0.0015690046060911269,-1,1
360,"[1, 0, 4, 0, 3, 0, 1, 6, 0, 0, 0, 0, 0, 0, 0, 0, 2, 0, 1, 0, 0, 2, 0, 0, 0, 0, 1, 0, 0, 0, 0, 0, 0, 0, 0, 0, 0, 0, 0, 0, 2, 0, 0, 1, 0, 2, 0, 0, 2, 0, 0, 0, 0, 1, 0, 0, 0, 0, 0, 0, 0, 0, 0, 2, 2, 1, 3, 1, 1, 4, 0, 2, 5, 4, 2, 5, 1, 6, 2, 3, 79, 0, 0, 1, 0, 0, 0]","[[1 0 0 3]
 [1 0 2 0]]",-0.0015690046060911269,-1,1
361,"[1, 0, 2, 3, 3, 0, 3, 3, 0, 0, 0, 0, 0, 0, 0, 0, 2, 0, 1, 0, 0, 2, 0, 0, 0, 0, 1, 0, 0, 0, 0, 0, 0, 0, 0, 0, 0, 0, 0, 0, 2, 0, 0, 1, 0, 2, 0, 0, 2, 0, 0, 0, 0, 1, 0, 0, 0, 0, 0, 0, 0, 0, 0, 2, 2, 1, 3, 1, 1, 4, 0, 2, 5, 4, 2, 5, 1, 6, 2, 3, 79, 0, 0, 0, 0, 0, 0]",0,-0.0015690046060911269,-1,0
362,"[1, 0, 2, 3, 3, 0, 3, 3, 0, 0, 0, 0, 0, 0, 0, 0, 2, 0, 1, 0, 0, 2, 0, 0, 0, 0, 1, 0, 0, 0, 0, 0, 0, 0, 0, 0, 0, 0, 0, 0, 2, 0, 0, 1, 0, 2, 0, 0, 2, 0, 0, 0, 0, 1, 0, 0, 0, 0, 0, 0, 0, 0, 0, 2, 2, 1, 3, 1, 1, 4, 0, 2, 5, 4, 2, 5, 1, 6, 2, 3, 80, 0, 0, 0, 0, 0, 0]",4,8.786006433912117,-1,0
363,"[1, 0, 2, 3, 3, 0, 3, 3, 0, 0, 0, 0, 0, 0, 0, 0, 2, 0, 1, 0, 0, 2, 0, 0, 0, 0, 1, 0, 0, 0, 0, 0, 0, 0, 0, 0, 0, 0, 0, 0, 2, 0, 0, 1, 0, 2, 0, 0, 2, 0, 0, 0, 0, 1, 0, 0, 0, 0, 0, 0, 0, 0, 0, 2, 2, 1, 3, 1, 1, 4, 0, 2, 5, 4, 2, 5, 1, 6, 2, 3, 80, 0, 0, 0, 0, 0, 0]",-1,-0.022466448205861078,-1,1
364,"[1, 0, 2, 3, 3, 0, 3, 3, 0, 0, 0, 0, 0, 0, 0, 0, 2, 0, 1, 0, 0, 2, 0, 0, 0, 0, 1, 0, 0, 0, 0, 0, 0, 0, 0, 0, 0, 0, 0, 0, 2, 0, 0, 1, 0, 2, 0, 0, 2, 0, 0, 0, 0, 1, 0, 0, 0, 0, 0, 0, 0, 0, 0, 2, 2, 1, 3, 1, 1, 4, 0, 2, 5, 4, 2, 5, 1, 6, 2, 3, 80, 0, 1, 0, 0, 0, 0]",2,0.598367485769368,-1,0
365,"[1, 0, 2, 3, 3, 0, 3, 3, 0, 0, 0, 0, 0, 0, 0, 0, 2, 0, 1, 0, 0, 2, 0, 0, 0, 0, 1, 0, 0, 0, 0, 0, 0, 0, 0, 0, 0, 0, 0, 0, 2, 0, 0, 1, 0, 2, 0, 0, 2, 0, 0, 0, 0, 1, 0, 0, 0, 0, 0, 0, 0, 0, 0, 2, 2, 1, 3, 1, 1, 4, 0, 2, 5, 4, 2, 5, 1, 6, 2, 3, 80, 0, 0, 0, 0, 0, 0]",-1,-0.022466448205861078,-1,0
366,"[1, 0, 2, 3, 3, 0, 3, 3, 0, 0, 0, 0, 0, 0, 0, 0, 2, 0, 1, 0, 0, 2, 0, 0, 0, 0, 1, 0, 0, 0, 0, 0, 0, 0, 0, 0, 0, 0, 0, 0, 2, 0, 0, 1, 0, 2, 0, 0, 2, 0, 0, 0, 0, 1, 0, 0, 0, 0, 0, 0, 0, 0, 0, 2, 2, 1, 3, 1, 1, 4, 0, 2, 5, 4, 2, 5, 1, 6, 2, 3, 80, 1, 0, 0, 0, 0, 0]",3,0.39836748576936803,-1,0
367,"[2, 0, 2, 1, 3, 0, 3, 3, 0, 0, 0, 0, 0, 0, 0, 0, 2, 0, 1, 0, 0, 2, 0, 0, 0, 0, 1, 0, 0, 0, 0, 0, 0, 0, 0, 0, 0, 0, 0, 0, 2, 0, 0, 1, 0, 2, 0, 0, 2, 0, 0, 0, 0, 1, 0, 0, 0, 0, 0, 0, 0, 0, 0, 2, 2, 1, 3, 1, 1, 4, 0, 2, 5, 4, 2, 5, 1, 6, 2, 3, 80, 0, 0, 0, 0, 0, 0]","[[0 0 0 2]
 [1 0 0 0]]",-0.0001748323195909262,-1,0
368,"[2, 0, 2, 1, 3, 0, 3, 3, 0, 0, 0, 0, 0, 0, 0, 0, 2, 0, 1, 0, 0, 2, 0, 0, 0, 0, 1, 0, 0, 0, 0, 0, 0, 0, 0, 0, 0, 0, 0, 0, 2, 0, 0, 1, 0, 2, 0, 0, 2, 0, 0, 0, 0, 1, 0, 0, 0, 0, 0, 0, 0, 0, 0, 2, 2, 1, 3, 1, 1, 4, 0, 2, 5, 4, 2, 5, 1, 6, 2, 3, 80, 1, 0, 0, 0, 0, 0]",3,0.39836748576936803,-1,0
369,"[2, 1, 0, 1, 3, 0, 3, 3, 0, 0, 0, 0, 0, 0, 0, 0, 2, 0, 1, 0, 0, 2, 0, 0, 0, 0, 1, 0, 0, 0, 0, 0, 0, 0, 0, 0, 0, 0, 0, 0, 2, 0, 0, 1, 0, 2, 0, 0, 2, 0, 0, 0, 0, 1, 0, 0, 0, 0, 0, 0, 0, 0, 0, 2, 2, 1, 3, 1, 1, 4, 0, 2, 5, 4, 2, 5, 1, 6, 2, 3, 80, 0, 0, 0, 0, 0, 0]","[[0 0 2 0]
 [0 1 0 0]]",-0.0001748323195909262,-1,0
370,"[1, 1, 0, 1, 1, 0, 1, 1, 0, 0, 0, 0, 0, 0, 0, 0, 2, 0, 1, 0, 0, 2, 0, 0, 0, 0, 1, 0, 0, 0, 0, 0, 0, 0, 0, 0, 0, 0, 0, 0, 2, 0, 0, 1, 0, 2, 0, 0, 2, 0, 0, 0, 0, 1, 0, 0, 0, 0, 0, 0, 0, 0, 0, 2, 2, 1, 3, 1, 1, 4, 0, 2, 5, 4, 2, 5, 1, 6, 2, 3, 81, 0, 0, 0, 0, 0, 0]",4,9.17662760785152,-1,0
371,"[1, 1, 0, 1, 1, 0, 1, 1, 0, 0, 0, 0, 0, 0, 0, 0, 2, 0, 1, 0, 0, 2, 0, 0, 0, 0, 1, 0, 0, 0, 0, 0, 0, 0, 0, 0, 0, 0, 0, 0, 2, 0, 0, 1, 0, 2, 0, 0, 2, 0, 0, 0, 0, 1, 0, 0, 0, 0, 0, 0, 0, 0, 0, 2, 2, 1, 3, 1, 1, 4, 0, 2, 5, 4, 2, 5, 1, 6, 2, 3, 81, 0, 0, 0, 0, 0, 0]",-1,-0.022242903311147057,-1,1
372,"[2, 1, 0, 1, 2, 0, 1, 1, 0, 0, 0, 0, 0, 0, 0, 0, 2, 0, 1, 0, 0, 2, 0, 0, 0, 0, 1, 0, 0, 0, 0, 0, 0, 0, 0, 0, 0, 0, 0, 0, 2, 0, 0, 1, 0, 2, 0, 0, 2, 0, 0, 0, 0, 1, 0, 0, 0, 0, 0, 0, 0, 0, 0, 2, 2, 1, 3, 1, 1, 4, 0, 2, 5, 4, 2, 5, 1, 6, 2, 3, 82, 0, 0, 0, 0, 0, 0]",4,10.416487089904015,-1,1
373,"[2, 1, 0, 1, 2, 0, 1, 1, 0, 0, 0, 0, 0, 0, 0, 0, 2, 0, 1, 0, 0, 2, 0, 0, 0, 0, 1, 0, 0, 0, 0, 0, 0, 0, 0, 0, 0, 0, 0, 0, 2, 0, 0, 1, 0, 2, 0, 0, 2, 0, 0, 0, 0, 1, 0, 0, 0, 0, 0, 0, 0, 0, 0, 2, 2, 1, 3, 1, 1, 4, 0, 2, 5, 4, 2, 5, 1, 6, 2, 3, 82, 1, 0, 0, 0, 0, 0]",3,0.39823271990787845,-1,0
374,"[0, 1, 0, 2, 2, 0, 1, 1, 0, 0, 0, 0, 0, 0, 0, 0, 2, 0, 1, 0, 0, 2, 0, 0, 0, 0, 1, 0, 0, 0, 0, 0, 0, 0, 0, 0, 0, 0, 0, 0, 2, 0, 0, 1, 0, 2, 0, 0, 2, 0, 0, 0, 0, 1, 0, 0, 0, 0, 0, 0, 0, 0, 0, 2, 2, 1, 3, 1, 1, 4, 0, 2, 5, 4, 2, 5, 1, 6, 2, 3, 82, 0, 0, 0, 0, 0, 0]","[[2 0 0 0]
 [0 0 0 1]]",-0.0003095981810804912,-1,0
375,"[0, 1, 0, 1, 1, 0, 1, 1, 0, 0, 0, 0, 0, 0, 0, 0, 2, 0, 1, 0, 0, 2, 0, 0, 0, 0, 1, 0, 0, 0, 0, 0, 0, 0, 0, 0, 0, 0, 0, 0, 2, 0, 0, 1, 0, 2, 0, 0, 2, 0, 0, 0, 0, 1, 0, 0, 0, 0, 0, 0, 0, 0, 0, 2, 2, 1, 3, 1, 1, 4, 0, 2, 5, 4, 2, 5, 1, 6, 2, 1, 83, 0, 0, 0, 0, 0, 0]",4,8.901667595670919,-1,0
376,"[0, 1, 0, 1, 1, 0, 1, 1, 0, 0, 0, 0, 0, 0, 0, 0, 2, 0, 1, 0, 0, 2, 0, 0, 0, 0, 1, 0, 0, 0, 0, 0, 0, 0, 0, 0, 0, 0, 0, 0, 2, 0, 0, 1, 0, 2, 0, 0, 2, 0, 0, 0, 0, 1, 0, 0, 0, 0, 0, 0, 0, 0, 0, 2, 2, 1, 3, 1, 1, 4, 0, 2, 5, 4, 2, 5, 1, 6, 2, 1, 83, 0, 1, 0, 0, 0, 0]",2,0.5981612589265424,-1,1
377,"[0, 1, 0, 1, 1, 0, 1, 1, 0, 0, 0, 0, 0, 0, 0, 0, 2, 0, 1, 0, 0, 2, 0, 0, 0, 0, 1, 0, 0, 0, 0, 0, 0, 0, 0, 0, 0, 0, 0, 0, 2, 0, 0, 1, 0, 2, 0, 0, 2, 0, 0, 0, 0, 1, 0, 0, 0, 0, 0, 0, 0, 0, 0, 2, 2, 1, 3, 1, 1, 4, 0, 2, 5, 4, 2, 5, 1, 6, 2, 1, 83, 0, 0, 0, 0, 0, 0]",-1,-0.02180246431607678,-1,1
378,"[1, 1, 0, 1, 2, 0, 1, 1, 0, 0, 0, 0, 0, 0, 0, 0, 2, 0, 1, 0, 0, 2, 0, 0, 0, 0, 1, 0, 0, 0, 0, 0, 0, 0, 0, 0, 0, 0, 0, 0, 2, 0, 0, 1, 0, 2, 0, 0, 2, 0, 0, 0, 0, 1, 0, 0, 0, 0, 0, 0, 0, 0, 0, 2, 2, 1, 3, 1, 1, 4, 0, 2, 5, 4, 2, 5, 1, 6, 2, 1, 84, 0, 0, 0, 0, 0, 0]",4,10.415460428271576,-1,1
379,"[1, 1, 0, 1, 2, 0, 1, 1, 0, 0, 0, 0, 0, 0, 0, 0, 2, 0, 1, 0, 0, 2, 0, 0, 0, 0, 1, 0, 0, 0, 0, 0, 0, 0, 0, 0, 0, 0, 0, 0, 2, 0, 0, 1, 0, 2, 0, 0, 2, 0, 0, 0, 0, 1, 0, 0, 0, 0, 0, 0, 0, 0, 0, 2, 2, 1, 3, 1, 1, 4, 0, 2, 5, 4, 2, 5, 1, 6, 2, 1, 84, 0, 0, 0, 0, 0, 0]",0,0.6241859699655227,-1,0
380,"[0, 0, 0, 1, 2, 0, 1, 1, 0, 0, 0, 0, 0, 0, 0, 0, 2, 0, 1, 0, 0, 2, 0, 0, 0, 0, 1, 0, 0, 0, 0, 0, 0, 0, 0, 0, 0, 0, 0, 0, 2, 0, 0, 1, 0, 2, 0, 0, 2, 0, 0, 0, 0, 1, 1, 0, 0, 0, 0, 0, 0, 0, 0, 2, 2, 1, 3, 1, 1, 4, 0, 2, 5, 4, 2, 5, 1, 6, 2, 1, 84, 0, 0, 0, 0, 0, 0]",22,0.6588433050313988,-1,0
381,"[0, 0, 1, 1, 2, 0, 1, 1, 0, 0, 0, 0, 0, 0, 0, 0, 2, 0, 1, 0, 0, 2, 0, 0, 0, 0, 1, 0, 0, 0, 0, 0, 0, 0, 0, 0, 0, 0, 0, 0, 2, 0, 0, 1, 0, 2, 0, 0, 2, 0, 0, 0, 0, 1, 1, 0, 0, 0, 0, 0, 0, 0, 0, 2, 2, 1, 3, 1, 1, 4, 0, 2, 5, 4, 2, 5, 1, 6, 2, 1, 85, 0, 0, 0, 0, 0, 0]",4,10.300643863263304,-1,0
382,"[0, 0, 1, 1, 2, 0, 1, 1, 0, 0, 0, 0, 0, 0, 0, 0, 2, 0, 1, 0, 0, 2, 0, 0, 0, 0, 1, 0, 0, 0, 0, 0, 0, 0, 0, 0, 0, 0, 0, 0, 2, 0, 0, 1, 0, 2, 0, 0, 2, 0, 0, 0, 0, 1, 1, 0, 0, 0, 0, 0, 0, 0, 0, 2, 2, 1, 3, 1, 1, 4, 0, 2, 5, 4, 2, 5, 1, 6, 2, 1, 85, 1, 0, 0, 0, 0, 0]",3,0.39800963962661917,-1,1
383,"[0, 0, 1, 1, 2, 0, 1, 1, 0, 0, 0, 0, 0, 0, 0, 0, 2, 0, 1, 0, 0, 2, 0, 0, 0, 0, 1, 0, 0, 0, 0, 0, 0, 0, 0, 0, 0, 0, 0, 0, 2, 0, 0, 1, 0, 2, 0, 0, 2, 0, 0, 0, 0, 1, 1, 0, 0, 0, 0, 0, 0, 0, 0, 2, 2, 1, 3, 1, 1, 4, 0, 2, 5, 4, 2, 5, 1, 6, 2, 1, 85, 0, 0, 0, 0, 0, 0]",-1,-0.021370746597436336,-1,1
384,"[0, 0, 1, 1, 2, 0, 1, 1, 0, 0, 0, 0, 0, 0, 0, 0, 2, 0, 1, 0, 0, 2, 0, 0, 0, 0, 1, 0, 0, 0, 0, 0, 0, 0, 0, 0, 0, 0, 0, 0, 2, 0, 0, 1, 0, 2, 0, 0, 2, 0, 0, 0, 0, 1, 1, 0, 0, 0, 0, 0, 0, 0, 0, 2, 2, 1, 3, 1, 1, 4, 0, 2, 5, 4, 2, 5, 1, 6, 2, 1, 86, 0, 0, 0, 0, 0, 0]",4,10.414439309062496,-1,1
385,"[0, 0, 1, 1, 2, 0, 1, 1, 0, 0, 0, 0, 0, 0, 0, 0, 2, 0, 1, 0, 0, 2, 0, 0, 0, 0, 1, 0, 0, 0, 0, 0, 0, 0, 0, 0, 0, 0, 0, 0, 2, 0, 0, 1, 0, 2, 0, 0, 2, 0, 0, 0, 0, 1, 1, 0, 0, 0, 0, 0, 0, 0, 0, 2, 2, 1, 3, 1, 1, 4, 0, 2, 5, 4, 2, 5, 1, 6, 2, 1, 86, 1, 0, 0, 0, 0, 0]",3,0.3979292524937817,-1,0
386,"[0, 0, 1, 1, 2, 0, 1, 1, 0, 0, 0, 0, 0, 0, 0, 0, 2, 0, 1, 0, 0, 2, 0, 0, 0, 0, 1, 0, 0, 0, 0, 0, 0, 0, 0, 0, 0, 0, 0, 0, 2, 0, 0, 1, 0, 2, 0, 0, 2, 0, 0, 0, 0, 1, 1, 0, 0, 0, 0, 0, 0, 0, 0, 2, 2, 1, 3, 1, 1, 4, 0, 2, 5, 4, 2, 5, 1, 6, 2, 1, 86, 0, 0, 0, 0, 0, 0]",-1,-0.021158104115887442,-1,0
387,"[0, 0, 1, 1, 2, 0, 1, 1, 0, 0, 0, 0, 0, 0, 0, 0, 2, 0, 1, 0, 0, 2, 0, 0, 0, 0, 1, 0, 0, 0, 0, 0, 0, 0, 0, 0, 0, 0, 0, 0, 2, 0, 0, 1, 0, 2, 0, 0, 2, 0, 0, 0, 0, 1, 1, 0, 0, 0, 0, 0, 0, 0, 0, 2, 2, 1, 3, 1, 1, 4, 0, 2, 5, 4, 2, 5, 1, 6, 2, 1, 86, 0, 1, 0, 0, 0, 0]",2,0.5979292524937816,-1,0
388,"[0, 0, 1, 1, 2, 0, 1, 1, 0, 0, 0, 0, 0, 0, 0, 0, 2, 0, 1, 0, 0, 2, 0, 0, 0, 0, 1, 0, 0, 0, 0, 0, 0, 0, 0, 0, 0, 0, 0, 0, 2, 0, 0, 1, 0, 2, 0, 0, 2, 0, 0, 0, 0, 1, 1, 0, 0, 0, 0, 0, 0, 0, 0, 2, 2, 1, 3, 1, 1, 4, 0, 2, 5, 4, 2, 5, 1, 6, 2, 1, 86, 0, 1, 0, 0, 1, 0]","[[0 0 0 1]
 [1 0 0 0]]",0.8483541175518725,-1,0
389,"[1, 0, 1, 0, 1, 0, 1, 2, 0, 0, 0, 0, 0, 0, 0, 0, 2, 0, 1, 0, 0, 2, 0, 0, 0, 0, 1, 0, 0, 0, 0, 0, 0, 0, 0, 0, 0, 0, 0, 0, 2, 0, 0, 1, 0, 2, 0, 0, 2, 0, 0, 0, 0, 1, 1, 0, 0, 0, 0, 0, 0, 0, 0, 2, 2, 1, 3, 1, 1, 4, 0, 2, 5, 4, 2, 5, 1, 6, 2, 1, 86, 0, 0, 0, 0, 0, 0]",0,-0.0020707475062183484,-1,1
390,"[1, 0, 1, 0, 1, 0, 1, 2, 0, 0, 0, 0, 0, 0, 0, 0, 2, 0, 1, 0, 0, 2, 0, 0, 0, 0, 1, 0, 0, 0, 0, 0, 0, 0, 0, 0, 0, 0, 0, 0, 2, 0, 0, 1, 0, 2, 0, 0, 2, 0, 0, 0, 0, 1, 1, 0, 0, 0, 0, 0, 0, 0, 0, 2, 2, 1, 3, 1, 1, 4, 0, 2, 5, 4, 2, 5, 1, 6, 2, 1, 86, 0, 0, 0, 0, 0, 0]",0,0.5835912710676344,-1,0
391,"[1, 0, 1, 0, 1, 0, 1, 2, 0, 0, 0, 0, 0, 0, 0, 0, 2, 0, 1, 0, 0, 2, 0, 0, 0, 0, 1, 0, 0, 0, 0, 0, 0, 0, 0, 0, 0, 0, 0, 0, 2, 0, 0, 1, 0, 2, 0, 0, 2, 0, 0, 0, 0, 1, 1, 0, 0, 0, 0, 0, 0, 0, 0, 2, 2, 1, 3, 1, 1, 4, 0, 2, 5, 4, 2, 5, 1, 6, 2, 1, 86, 0, 0, 0, 0, 0, 0]",-1,-0.021158104115887442,-1,0
392,"[1, 0, 1, 0, 2, 0, 1, 2, 0, 0, 0, 0, 0, 0, 0, 0, 2, 0, 1, 0, 0, 2, 0, 0, 0, 0, 1, 0, 0, 0, 0, 0, 0, 0, 0, 0, 0, 0, 0, 0, 2, 0, 0, 1, 0, 2, 0, 0, 2, 0, 0, 0, 0, 1, 1, 0, 0, 0, 0, 0, 0, 0, 0, 2, 2, 1, 3, 1, 1, 4, 0, 2, 5, 4, 2, 5, 1, 6, 2, 1, 87, 0, 0, 0, 0, 0, 0]",4,10.299625033516522,-1,0
393,"[1, 0, 1, 0, 2, 0, 1, 2, 0, 0, 0, 0, 0, 0, 0, 0, 2, 0, 1, 0, 0, 2, 0, 0, 0, 0, 1, 0, 0, 0, 0, 0, 0, 0, 0, 0, 0, 0, 0, 0, 2, 0, 0, 1, 0, 2, 0, 0, 2, 0, 0, 0, 0, 1, 1, 0, 0, 0, 0, 0, 0, 0, 0, 2, 2, 1, 3, 1, 1, 4, 0, 2, 5, 4, 2, 5, 1, 6, 2, 1, 87, 0, 1, 0, 0, 0, 0]",2,0.5978456539909717,-1,1
394,"[1, 0, 1, 0, 2, 0, 1, 2, 0, 0, 0, 0, 0, 0, 0, 0, 2, 0, 1, 0, 0, 2, 0, 0, 0, 0, 1, 0, 0, 0, 0, 0, 0, 0, 0, 0, 0, 0, 0, 0, 2, 0, 0, 1, 0, 2, 0, 0, 2, 0, 0, 0, 0, 1, 1, 0, 0, 0, 0, 0, 0, 0, 0, 2, 2, 1, 3, 1, 1, 4, 0, 2, 5, 4, 2, 5, 1, 6, 2, 1, 87, 0, 1, 0, 0, 1, 0]","[[1 0 0 1]
 [1 0 1 0]]",0.8482705190490626,-1,1
395,"[1, 0, 1, 0, 2, 0, 1, 2, 0, 0, 0, 0, 0, 0, 0, 0, 2, 0, 1, 0, 0, 2, 0, 0, 0, 0, 1, 0, 0, 0, 0, 0, 0, 0, 0, 0, 0, 0, 0, 0, 2, 0, 0, 1, 0, 2, 0, 0, 2, 0, 0, 0, 0, 1, 1, 0, 0, 0, 0, 0, 0, 0, 0, 2, 2, 1, 3, 1, 1, 4, 0, 2, 5, 4, 2, 5, 1, 6, 2, 1, 87, 0, 0, 0, 0, 0, 0]",1,-0.002154346009028323,-1,0
396,"[1, 0, 1, 0, 2, 0, 1, 2, 0, 0, 0, 0, 0, 0, 0, 0, 2, 0, 1, 0, 0, 2, 0, 0, 0, 0, 1, 0, 0, 0, 0, 0, 0, 0, 0, 0, 0, 0, 0, 0, 2, 0, 0, 1, 0, 2, 0, 0, 2, 0, 0, 0, 0, 1, 1, 0, 0, 0, 0, 0, 0, 0, 0, 2, 2, 1, 3, 1, 1, 4, 0, 2, 5, 4, 2, 5, 1, 6, 2, 1, 87, 0, 0, 0, 0, 0, 0]",-1,-0.02094757746238195,-1,1
397,"[1, 0, 1, 0, 2, 0, 1, 2, 0, 0, 0, 0, 0, 0, 0, 0, 2, 0, 1, 0, 0, 2, 0, 0, 0, 0, 1, 0, 0, 0, 0, 0, 0, 0, 0, 0, 0, 0, 0, 0, 2, 0, 0, 1, 0, 2, 0, 0, 2, 0, 0, 0, 0, 1, 1, 0, 0, 0, 0, 0, 0, 0, 0, 2, 2, 1, 3, 1, 1, 4, 0, 2, 5, 4, 2, 5, 1, 6, 2, 1, 87, 0, 0, 0, 0, 0, 0]",-1,-0.02094757746238195,-1,1
398,"[1, 0, 1, 0, 2, 0, 1, 2, 0, 0, 0, 0, 0, 0, 0, 0, 2, 0, 1, 0, 0, 2, 0, 0, 0, 0, 1, 0, 0, 0, 0, 0, 0, 0, 0, 0, 0, 0, 0, 0, 2, 0, 0, 1, 0, 2, 0, 0, 2, 0, 0, 0, 0, 1, 1, 0, 0, 0, 0, 0, 0, 0, 0, 2, 2, 1, 3, 1, 1, 4, 0, 2, 5, 4, 2, 5, 1, 6, 2, 1, 88, 0, 0, 0, 0, 0, 0]",4,10.31209537759511,-1,1
399,"[2, 0, 1, 0, 3, 0, 1, 2, 0, 0, 0, 0, 0, 0, 0, 0, 2, 0, 1, 0, 0, 2, 0, 0, 0, 0, 1, 0, 0, 0, 0, 0, 0, 0, 0, 0, 0, 0, 0, 0, 2, 0, 0, 1, 0, 2, 0, 0, 2, 0, 0, 0, 0, 1, 1, 0, 0, 0, 0, 0, 0, 0, 0, 2, 2, 1, 3, 1, 1, 4, 0, 2, 5, 4, 2, 5, 1, 6, 2, 1, 89, 0, 0, 0, 0, 0, 0]",4,10.094815249677174,-1,0
400,"[2, 0, 1, 0, 3, 0, 1, 2, 0, 0, 0, 0, 0, 0, 0, 0, 2, 0, 1, 0, 0, 2, 0, 0, 0, 0, 1, 0, 0, 0, 0, 0, 0, 0, 0, 0, 0, 0, 0, 0, 2, 0, 0, 1, 0, 2, 0, 0, 2, 0, 0, 0, 0, 1, 1, 0, 0, 0, 0, 0, 0, 0, 0, 2, 2, 1, 3, 1, 1, 4, 0, 2, 5, 4, 2, 5, 1, 6, 2, 1, 89, 1, 0, 0, 0, 0, 0]",3,0.3976683166890334,-1,1
401,"[2, 0, 1, 0, 3, 0, 1, 2, 0, 0, 0, 0, 0, 0, 0, 0, 2, 0, 1, 0, 0, 2, 0, 0, 0, 0, 1, 0, 0, 0, 0, 0, 0, 0, 0, 0, 0, 0, 0, 0, 2, 0, 0, 1, 0, 2, 0, 0, 2, 0, 0, 0, 0, 1, 1, 0, 0, 0, 0, 0, 0, 0, 0, 2, 2, 1, 3, 1, 1, 4, 0, 2, 5, 4, 2, 5, 1, 6, 2, 1, 89, 0, 0, 0, 0, 0, 0]",-1,-0.020532787637617275,-1,1
402,"[1, 0, 1, 0, 1, 0, 1, 1, 0, 0, 0, 0, 0, 0, 0, 0, 2, 0, 1, 0, 0, 2, 0, 0, 0, 0, 1, 0, 0, 0, 0, 0, 0, 0, 0, 0, 0, 0, 0, 0, 2, 0, 0, 1, 0, 2, 0, 0, 2, 0, 0, 0, 0, 1, 1, 0, 0, 0, 0, 0, 0, 0, 0, 2, 2, 1, 3, 1, 1, 4, 0, 2, 5, 4, 2, 5, 1, 6, 2, 2, 90, 0, 0, 0, 0, 0, 0]",4,10.572033172288505,-1,1
403,"[1, 0, 1, 0, 2, 0, 1, 1, 0, 0, 0, 0, 0, 0, 0, 0, 2, 0, 1, 0, 0, 2, 0, 0, 0, 0, 1, 0, 0, 0, 0, 0, 0, 0, 0, 0, 0, 0, 0, 0, 2, 0, 0, 1, 0, 2, 0, 0, 2, 0, 0, 0, 0, 1, 1, 0, 0, 0, 0, 0, 0, 0, 0, 2, 2, 1, 3, 1, 1, 4, 0, 2, 5, 4, 2, 5, 1, 6, 2, 2, 91, 0, 0, 0, 0, 0, 0]",4,10.297596705131967,-1,0
404,"[1, 0, 1, 0, 2, 0, 1, 1, 0, 0, 0, 0, 0, 0, 0, 0, 2, 0, 1, 0, 0, 2, 0, 0, 0, 0, 1, 0, 0, 0, 0, 0, 0, 0, 0, 0, 0, 0, 0, 0, 2, 0, 0, 1, 0, 2, 0, 0, 2, 0, 0, 0, 0, 1, 1, 0, 0, 0, 0, 0, 0, 0, 0, 2, 2, 1, 3, 1, 1, 4, 0, 2, 5, 4, 2, 5, 1, 6, 2, 2, 91, 1, 0, 0, 0, 0, 0]",3,0.39747656786413227,-1,1
405,"[1, 0, 1, 0, 2, 0, 1, 1, 0, 0, 0, 0, 0, 0, 0, 0, 2, 0, 1, 0, 0, 2, 0, 0, 0, 0, 1, 0, 0, 0, 0, 0, 0, 0, 0, 0, 0, 0, 0, 0, 2, 0, 0, 1, 0, 2, 0, 0, 2, 0, 0, 0, 0, 1, 1, 0, 0, 0, 0, 0, 0, 0, 0, 2, 2, 1, 3, 1, 1, 4, 0, 2, 5, 4, 2, 5, 1, 6, 2, 2, 91, 0, 0, 0, 0, 0, 0]",-1,-0.0201262112016818,-1,1
406,"[1, 0, 1, 0, 1, 0, 1, 1, 0, 0, 0, 0, 0, 0, 0, 0, 2, 0, 1, 0, 0, 2, 0, 0, 0, 0, 1, 0, 0, 0, 0, 0, 0, 0, 0, 0, 0, 0, 0, 0, 2, 0, 0, 1, 0, 2, 0, 0, 2, 0, 0, 0, 0, 1, 1, 0, 0, 0, 0, 0, 0, 0, 0, 2, 2, 1, 3, 1, 1, 4, 0, 2, 5, 4, 2, 5, 1, 6, 2, 4, 92, 0, 0, 0, 0, 0, 0]",4,10.571020642746069,-1,1
407,"[1, 0, 1, 0, 1, 0, 1, 1, 0, 0, 0, 0, 0, 0, 0, 0, 2, 0, 1, 0, 0, 2, 0, 0, 0, 0, 1, 0, 0, 0, 0, 0, 0, 0, 0, 0, 0, 0, 0, 0, 2, 0, 0, 1, 0, 2, 0, 0, 2, 0, 0, 0, 0, 1, 1, 0, 0, 0, 0, 0, 0, 0, 0, 2, 2, 1, 3, 1, 1, 4, 0, 2, 5, 4, 2, 5, 1, 6, 2, 4, 92, 0, 1, 0, 0, 0, 0]",2,0.5973749363325794,-1,0
408,"[1, 0, 1, 0, 1, 0, 1, 1, 0, 0, 0, 0, 0, 0, 0, 0, 2, 0, 1, 0, 0, 2, 0, 0, 0, 0, 1, 0, 0, 0, 0, 0, 0, 0, 0, 0, 0, 0, 0, 0, 2, 0, 0, 1, 0, 2, 0, 0, 2, 0, 0, 0, 0, 1, 1, 0, 0, 0, 0, 0, 0, 0, 0, 2, 2, 1, 3, 1, 1, 4, 0, 2, 5, 4, 2, 5, 1, 6, 2, 4, 92, 0, 1, 0, 0, 1, 0]","[[1 0 0 0]
 [0 0 0 1]]",0.8477998013906703,-1,0
409,"[1, 0, 1, 0, 1, 0, 1, 1, 0, 0, 0, 0, 0, 0, 0, 0, 2, 0, 1, 0, 0, 2, 0, 0, 0, 0, 1, 0, 0, 0, 0, 0, 0, 0, 0, 0, 0, 0, 0, 0, 2, 0, 0, 1, 0, 2, 0, 0, 2, 0, 0, 0, 0, 1, 1, 0, 0, 0, 0, 0, 0, 0, 0, 2, 2, 1, 3, 1, 1, 4, 0, 2, 5, 4, 2, 5, 1, 6, 2, 4, 92, 0, 0, 0, 0, 0, 0]",1,-0.5026250636674205,-1,1
410,"[1, 0, 1, 0, 1, 0, 1, 1, 0, 0, 0, 0, 0, 0, 0, 0, 2, 0, 1, 0, 0, 2, 0, 0, 0, 0, 1, 0, 0, 0, 0, 0, 0, 0, 0, 0, 0, 0, 0, 0, 2, 0, 0, 1, 0, 2, 0, 0, 2, 0, 0, 0, 0, 1, 1, 0, 0, 0, 0, 0, 0, 0, 0, 2, 2, 1, 3, 1, 1, 4, 0, 2, 5, 4, 2, 5, 1, 6, 2, 4, 92, 1, 0, 0, 0, 0, 0]",3,0.3973749363325795,-1,0
411,"[1, 0, 1, 0, 1, 0, 1, 1, 0, 0, 0, 0, 0, 0, 0, 0, 2, 0, 1, 0, 0, 2, 0, 0, 0, 0, 1, 0, 0, 0, 0, 0, 0, 0, 0, 0, 0, 0, 0, 0, 2, 0, 0, 1, 0, 2, 0, 0, 2, 0, 0, 0, 0, 1, 1, 0, 0, 0, 0, 0, 0, 0, 0, 2, 2, 1, 3, 1, 1, 4, 0, 2, 5, 4, 2, 5, 1, 6, 2, 4, 92, 0, 0, 0, 0, 0, 0]",-1,-0.019925952054225708,-1,0
412,"[1, 0, 1, 0, 1, 0, 1, 1, 0, 0, 0, 0, 0, 0, 0, 0, 2, 0, 1, 0, 0, 2, 0, 0, 0, 0, 1, 0, 0, 0, 0, 0, 0, 0, 0, 0, 0, 0, 0, 0, 2, 0, 0, 1, 0, 2, 0, 0, 2, 0, 0, 0, 0, 1, 1, 0, 0, 0, 0, 0, 0, 0, 0, 2, 2, 1, 3, 1, 1, 4, 0, 2, 5, 4, 2, 5, 1, 6, 2, 4, 92, 0, 1, 0, 0, 0, 0]",2,0.5973749363325794,-1,0
413,"[1, 0, 1, 0, 1, 0, 1, 1, 0, 0, 0, 0, 0, 0, 0, 0, 2, 0, 1, 0, 0, 2, 0, 0, 0, 0, 1, 0, 0, 0, 0, 0, 0, 0, 0, 0, 0, 0, 0, 0, 2, 0, 0, 1, 0, 2, 0, 0, 2, 0, 0, 0, 0, 1, 1, 0, 0, 0, 0, 0, 0, 0, 0, 2, 2, 1, 3, 1, 1, 4, 0, 2, 5, 4, 2, 5, 1, 6, 2, 4, 92, 0, 1, 0, 0, 1, 0]","[[0 0 1 0]
 [0 0 0 1]]",0.8477998013906703,-1,0
414,"[1, 0, 0, 1, 1, 0, 2, 0, 0, 0, 0, 0, 0, 0, 0, 0, 2, 0, 1, 0, 0, 2, 0, 0, 0, 0, 1, 0, 0, 0, 0, 0, 0, 0, 0, 0, 0, 0, 0, 0, 2, 0, 0, 1, 0, 2, 0, 0, 2, 0, 0, 0, 0, 1, 1, 0, 0, 0, 0, 0, 0, 0, 0, 2, 2, 1, 3, 1, 1, 4, 0, 2, 5, 4, 2, 5, 1, 6, 2, 4, 92, 0, 0, 0, 0, 0, 0]",0,-0.0026250636674205598,-1,1
415,"[1, 0, 0, 1, 1, 0, 2, 1, 0, 0, 0, 0, 0, 0, 0, 0, 2, 0, 1, 0, 0, 2, 0, 0, 0, 0, 1, 0, 0, 0, 0, 0, 0, 0, 0, 0, 0, 0, 0, 0, 2, 0, 0, 1, 0, 2, 0, 0, 2, 0, 0, 0, 0, 1, 1, 0, 0, 0, 0, 0, 0, 0, 0, 2, 2, 1, 3, 1, 1, 4, 0, 2, 5, 4, 2, 5, 1, 6, 2, 4, 93, 0, 0, 0, 0, 0, 0]",4,10.296584343582756,-1,0
416,"[1, 0, 0, 1, 1, 0, 2, 1, 0, 0, 0, 0, 0, 0, 0, 0, 2, 0, 1, 0, 0, 2, 0, 0, 0, 0, 1, 0, 0, 0, 0, 0, 0, 0, 0, 0, 0, 0, 0, 0, 2, 0, 0, 1, 0, 2, 0, 0, 2, 0, 0, 0, 0, 1, 1, 0, 0, 0, 0, 0, 0, 0, 0, 2, 2, 1, 3, 1, 1, 4, 0, 2, 5, 4, 2, 5, 1, 6, 2, 4, 93, 0, 1, 0, 0, 0, 0]",2,0.5972692681805298,-1,1
417,"[1, 0, 0, 1, 1, 0, 2, 1, 0, 0, 0, 0, 0, 0, 0, 0, 2, 0, 1, 0, 0, 2, 0, 0, 0, 0, 1, 0, 0, 0, 0, 0, 0, 0, 0, 0, 0, 0, 0, 0, 2, 0, 0, 1, 0, 2, 0, 0, 2, 0, 0, 0, 0, 1, 1, 0, 0, 0, 0, 0, 0, 0, 0, 2, 2, 1, 3, 1, 1, 4, 0, 2, 5, 4, 2, 5, 1, 6, 2, 4, 93, 0, 1, 0, 0, 1, 0]","[[0 0 1 0]
 [1 0 0 1]]",1.9225106007211257,-1,1
418,"[0, 0, 1, 0, 2, 0, 1, 2, 0, 0, 0, 0, 0, 0, 0, 0, 2, 0, 1, 0, 0, 2, 0, 0, 0, 0, 1, 0, 0, 0, 0, 0, 0, 0, 0, 0, 0, 0, 0, 0, 2, 0, 0, 1, 0, 2, 0, 0, 2, 0, 0, 0, 0, 1, 1, 0, 0, 0, 0, 0, 0, 0, 0, 2, 2, 1, 3, 1, 1, 4, 0, 2, 5, 4, 2, 5, 1, 6, 2, 4, 93, 0, 0, 0, 0, 0, 0]",0,-0.0027307318194701776,-1,0
419,"[0, 0, 1, 0, 2, 0, 1, 2, 0, 0, 0, 0, 0, 0, 0, 0, 2, 0, 1, 0, 0, 2, 0, 0, 0, 0, 1, 0, 0, 0, 0, 0, 0, 0, 0, 0, 0, 0, 0, 0, 2, 0, 0, 1, 0, 2, 0, 0, 2, 0, 0, 0, 0, 1, 1, 0, 0, 0, 0, 0, 0, 0, 0, 2, 2, 1, 3, 1, 1, 4, 0, 2, 5, 4, 2, 5, 1, 6, 2, 4, 93, 0, 0, 0, 0, 0, 0]",-1,-0.019727685518580056,-1,1
420,"[1, 0, 1, 0, 3, 0, 1, 2, 0, 0, 0, 0, 0, 0, 0, 0, 2, 0, 1, 0, 0, 2, 0, 0, 0, 0, 1, 0, 0, 0, 0, 0, 0, 0, 0, 0, 0, 0, 0, 0, 2, 0, 0, 1, 0, 2, 0, 0, 2, 0, 0, 0, 0, 1, 1, 0, 0, 0, 0, 0, 0, 0, 0, 2, 2, 1, 3, 1, 1, 4, 0, 2, 5, 4, 2, 5, 1, 6, 2, 4, 94, 0, 0, 0, 0, 0, 0]",4,10.178869247377134,-1,1
421,"[1, 0, 1, 0, 3, 0, 1, 2, 0, 0, 0, 0, 0, 0, 0, 0, 2, 0, 1, 0, 0, 2, 0, 0, 0, 0, 1, 0, 0, 0, 0, 0, 0, 0, 0, 0, 0, 0, 0, 0, 2, 0, 0, 1, 0, 2, 0, 0, 2, 0, 0, 0, 0, 1, 1, 0, 0, 0, 0, 0, 0, 0, 0, 2, 2, 1, 3, 1, 1, 4, 0, 2, 5, 4, 2, 5, 1, 6, 2, 4, 94, 0, 1, 0, 0, 0, 0]",2,0.5971594077254617,-1,0
422,"[1, 0, 1, 0, 3, 0, 1, 2, 0, 0, 0, 0, 0, 0, 0, 0, 2, 0, 1, 0, 0, 2, 0, 0, 0, 0, 1, 0, 0, 0, 0, 0, 0, 0, 0, 0, 0, 0, 0, 0, 2, 0, 0, 1, 0, 2, 0, 0, 2, 0, 0, 0, 0, 1, 1, 0, 0, 0, 0, 0, 0, 0, 0, 2, 2, 1, 3, 1, 1, 4, 0, 2, 5, 4, 2, 5, 1, 6, 2, 4, 94, 0, 1, 0, 0, 1, 0]","[[0 0 1 0]
 [0 0 0 1]]",0.8475842727835526,-1,0
423,"[1, 0, 1, 0, 3, 0, 1, 2, 0, 0, 0, 0, 0, 0, 0, 0, 2, 0, 1, 0, 0, 2, 0, 0, 0, 0, 1, 0, 0, 0, 0, 0, 0, 0, 0, 0, 0, 0, 0, 0, 2, 0, 0, 1, 0, 2, 0, 0, 2, 0, 0, 0, 0, 1, 1, 0, 0, 0, 0, 0, 0, 0, 0, 2, 2, 1, 3, 1, 1, 4, 0, 2, 5, 4, 2, 5, 1, 6, 2, 4, 94, 0, 0, 0, 0, 0, 0]",1,-0.5028405922745383,-1,1
424,"[1, 0, 1, 0, 3, 0, 1, 2, 0, 0, 0, 0, 0, 0, 0, 0, 2, 0, 1, 0, 0, 2, 0, 0, 0, 0, 1, 0, 0, 0, 0, 0, 0, 0, 0, 0, 0, 0, 0, 0, 2, 0, 0, 1, 0, 2, 0, 0, 2, 0, 0, 0, 0, 1, 1, 0, 0, 0, 0, 0, 0, 0, 0, 2, 2, 1, 3, 1, 1, 4, 0, 2, 5, 4, 2, 5, 1, 6, 2, 4, 94, 0, 1, 0, 0, 0, 0]",2,0.5971594077254617,-1,0
425,"[1, 0, 1, 0, 3, 0, 1, 2, 0, 0, 0, 0, 0, 0, 0, 0, 2, 0, 1, 0, 0, 2, 0, 0, 0, 0, 1, 0, 0, 0, 0, 0, 0, 0, 0, 0, 0, 0, 0, 0, 2, 0, 0, 1, 0, 2, 0, 0, 2, 0, 0, 0, 0, 1, 1, 0, 0, 0, 0, 0, 0, 0, 0, 2, 2, 1, 3, 1, 1, 4, 0, 2, 5, 4, 2, 5, 1, 6, 2, 4, 94, 0, 1, 0, 0, 1, 0]","[[0 0 1 0]
 [0 0 0 1]]",0.8475842727835526,-1,0
426,"[1, 0, 1, 0, 3, 0, 1, 2, 0, 0, 0, 0, 0, 0, 0, 0, 2, 0, 1, 0, 0, 2, 0, 0, 0, 0, 1, 0, 0, 0, 0, 0, 0, 0, 0, 0, 0, 0, 0, 0, 2, 0, 0, 1, 0, 2, 0, 0, 2, 0, 0, 0, 0, 1, 1, 0, 0, 0, 0, 0, 0, 0, 0, 2, 2, 1, 3, 1, 1, 4, 0, 2, 5, 4, 2, 5, 1, 6, 2, 4, 94, 0, 0, 0, 0, 0, 0]",1,-0.5028405922745383,-1,1
427,"[1, 0, 1, 0, 3, 0, 1, 2, 0, 0, 0, 0, 0, 0, 0, 0, 2, 0, 1, 0, 0, 2, 0, 0, 0, 0, 1, 0, 0, 0, 0, 0, 0, 0, 0, 0, 0, 0, 0, 0, 2, 0, 0, 1, 0, 2, 0, 0, 2, 0, 0, 0, 0, 1, 1, 0, 0, 0, 0, 0, 0, 0, 0, 2, 2, 1, 3, 1, 1, 4, 0, 2, 5, 4, 2, 5, 1, 6, 2, 4, 94, 1, 0, 0, 0, 0, 0]",3,0.3971594077254618,-1,0
428,"[1, 0, 1, 0, 3, 0, 1, 2, 0, 0, 0, 0, 0, 0, 0, 0, 2, 0, 1, 0, 0, 2, 0, 0, 0, 0, 1, 0, 0, 0, 0, 0, 0, 0, 0, 0, 0, 0, 0, 0, 2, 0, 0, 1, 0, 2, 0, 0, 2, 0, 0, 0, 0, 1, 1, 0, 0, 0, 0, 0, 0, 0, 0, 2, 2, 1, 3, 1, 1, 4, 0, 2, 5, 4, 2, 5, 1, 6, 2, 4, 94, 0, 0, 0, 0, 0, 0]",-1,-0.019531391767926055,-1,0
429,"[1, 0, 1, 0, 3, 0, 1, 2, 0, 0, 0, 0, 0, 0, 0, 0, 2, 0, 1, 0, 0, 2, 0, 0, 0, 0, 1, 0, 0, 0, 0, 0, 0, 0, 0, 0, 0, 0, 0, 0, 2, 0, 0, 1, 0, 2, 0, 0, 2, 0, 0, 0, 0, 1, 1, 0, 0, 0, 0, 0, 0, 0, 0, 2, 2, 1, 3, 1, 1, 4, 0, 2, 5, 4, 2, 5, 1, 6, 2, 4, 94, 1, 0, 0, 0, 0, 0]",3,0.3971594077254618,-1,0
430,"[1, 0, 1, 0, 3, 0, 1, 2, 0, 0, 0, 0, 0, 0, 0, 0, 2, 0, 1, 0, 0, 2, 0, 0, 0, 0, 1, 0, 0, 0, 0, 0, 0, 0, 0, 0, 0, 0, 0, 0, 2, 0, 0, 1, 0, 2, 0, 0, 2, 0, 0, 0, 0, 1, 1, 0, 0, 0, 0, 0, 0, 0, 0, 2, 2, 1, 3, 1, 1, 4, 0, 2, 5, 4, 2, 5, 1, 6, 2, 4, 94, 0, 0, 0, 0, 0, 0]",-1,-0.019531391767926055,-1,0
431,"[1, 0, 1, 0, 3, 0, 1, 2, 0, 0, 0, 0, 0, 0, 0, 0, 2, 0, 1, 0, 0, 2, 0, 0, 0, 0, 1, 0, 0, 0, 0, 0, 0, 0, 0, 0, 0, 0, 0, 0, 2, 0, 0, 1, 0, 2, 0, 0, 2, 0, 0, 0, 0, 1, 1, 0, 0, 0, 0, 0, 0, 0, 0, 2, 2, 1, 3, 1, 1, 4, 0, 2, 5, 4, 2, 5, 1, 6, 2, 4, 94, 0, 1, 0, 0, 0, 0]",2,0.5971594077254617,-1,0
432,"[1, 0, 1, 0, 3, 0, 1, 2, 0, 0, 0, 0, 0, 0, 0, 0, 2, 0, 1, 0, 0, 2, 0, 0, 0, 0, 1, 0, 0, 0, 0, 0, 0, 0, 0, 0, 0, 0, 0, 0, 2, 0, 0, 1, 0, 2, 0, 0, 2, 0, 0, 0, 0, 1, 1, 0, 0, 0, 0, 0, 0, 0, 0, 2, 2, 1, 3, 1, 1, 4, 0, 2, 5, 4, 2, 5, 1, 6, 2, 4, 94, 0, 1, 0, 0, 1, 0]","[[1 0 0 0]
 [0 0 0 1]]",0.8475842727835526,-1,0
433,"[1, 0, 1, 0, 3, 0, 1, 2, 0, 0, 0, 0, 0, 0, 0, 0, 2, 0, 1, 0, 0, 2, 0, 0, 0, 0, 1, 0, 0, 0, 0, 0, 0, 0, 0, 0, 0, 0, 0, 0, 2, 0, 0, 1, 0, 2, 0, 0, 2, 0, 0, 0, 0, 1, 1, 0, 0, 0, 0, 0, 0, 0, 0, 2, 2, 1, 3, 1, 1, 4, 0, 2, 5, 4, 2, 5, 1, 6, 2, 4, 94, 0, 0, 0, 0, 0, 0]",1,-0.5028405922745383,-1,1
434,"[1, 0, 1, 0, 3, 0, 1, 2, 0, 0, 0, 0, 0, 0, 0, 0, 2, 0, 1, 0, 0, 2, 0, 0, 0, 0, 1, 0, 0, 0, 0, 0, 0, 0, 0, 0, 0, 0, 0, 0, 2, 0, 0, 1, 0, 2, 0, 0, 2, 0, 0, 0, 0, 1, 1, 0, 0, 0, 0, 0, 0, 0, 0, 2, 2, 1, 3, 1, 1, 4, 0, 2, 5, 4, 2, 5, 1, 6, 2, 4, 94, 0, 1, 0, 0, 0, 0]",2,0.5971594077254617,-1,0
435,"[1, 0, 1, 0, 3, 0, 1, 2, 0, 0, 0, 0, 0, 0, 0, 0, 2, 0, 1, 0, 0, 2, 0, 0, 0, 0, 1, 0, 0, 0, 0, 0, 0, 0, 0, 0, 0, 0, 0, 0, 2, 0, 0, 1, 0, 2, 0, 0, 2, 0, 0, 0, 0, 1, 1, 0, 0, 0, 0, 0, 0, 0, 0, 2, 2, 1, 3, 1, 1, 4, 0, 2, 5, 4, 2, 5, 1, 6, 2, 4, 94, 0, 1, 0, 0, 1, 0]","[[1 0 0 0]
 [0 0 0 1]]",0.8475842727835526,-1,0
436,"[0, 0, 1, 1, 4, 0, 1, 1, 0, 0, 0, 0, 0, 0, 0, 0, 2, 0, 1, 0, 0, 2, 0, 0, 0, 0, 1, 0, 0, 0, 0, 0, 0, 0, 0, 0, 0, 0, 0, 0, 2, 0, 0, 1, 0, 2, 0, 0, 2, 0, 0, 0, 0, 1, 1, 0, 0, 0, 0, 0, 0, 0, 0, 2, 2, 1, 3, 1, 1, 4, 0, 2, 5, 4, 2, 5, 1, 6, 2, 4, 94, 0, 0, 0, 0, 0, 0]",0,-0.0028405922745382253,-1,1
437,"[0, 0, 1, 1, 4, 0, 1, 1, 0, 0, 0, 0, 0, 0, 0, 0, 2, 0, 1, 0, 0, 2, 0, 0, 0, 0, 1, 0, 0, 0, 0, 0, 0, 0, 0, 0, 0, 0, 0, 0, 2, 0, 0, 1, 0, 2, 0, 0, 2, 0, 0, 0, 0, 1, 1, 0, 0, 0, 0, 0, 0, 0, 0, 2, 2, 1, 3, 1, 1, 4, 0, 2, 5, 4, 2, 5, 1, 6, 2, 4, 94, 1, 0, 0, 0, 0, 0]",3,0.3971594077254618,-1,0
438,"[0, 0, 1, 1, 4, 0, 1, 1, 0, 0, 0, 0, 0, 0, 0, 0, 2, 0, 1, 0, 0, 2, 0, 0, 0, 0, 1, 0, 0, 0, 0, 0, 0, 0, 0, 0, 0, 0, 0, 0, 2, 0, 0, 1, 0, 2, 0, 0, 2, 0, 0, 0, 0, 1, 1, 0, 0, 0, 0, 0, 0, 0, 0, 2, 2, 1, 3, 1, 1, 4, 0, 2, 5, 4, 2, 5, 1, 6, 2, 4, 94, 0, 0, 0, 0, 0, 0]",-1,-0.019531391767926055,-1,0
439,"[0, 0, 1, 1, 4, 0, 1, 1, 0, 0, 0, 0, 0, 0, 0, 0, 2, 0, 1, 0, 0, 2, 0, 0, 0, 0, 1, 0, 0, 0, 0, 0, 0, 0, 0, 0, 0, 0, 0, 0, 2, 0, 0, 1, 0, 2, 0, 0, 2, 0, 0, 0, 0, 1, 1, 0, 0, 0, 0, 0, 0, 0, 0, 2, 2, 1, 3, 1, 1, 4, 0, 2, 5, 4, 2, 5, 1, 6, 2, 4, 94, 1, 0, 0, 0, 0, 0]",3,0.3971594077254618,-1,0
440,"[0, 0, 1, 1, 4, 0, 1, 1, 0, 0, 0, 0, 0, 0, 0, 0, 2, 0, 1, 0, 0, 2, 0, 0, 0, 0, 1, 0, 0, 0, 0, 0, 0, 0, 0, 0, 0, 0, 0, 0, 2, 0, 0, 1, 0, 2, 0, 0, 2, 0, 0, 0, 0, 1, 1, 0, 0, 0, 0, 0, 0, 0, 0, 2, 2, 1, 3, 1, 1, 4, 0, 2, 5, 4, 2, 5, 1, 6, 2, 4, 94, 0, 0, 0, 0, 0, 0]",-1,-0.019531391767926055,-1,0
441,"[0, 0, 1, 1, 4, 0, 1, 1, 0, 0, 0, 0, 0, 0, 0, 0, 2, 0, 1, 0, 0, 2, 0, 0, 0, 0, 1, 0, 0, 0, 0, 0, 0, 0, 0, 0, 0, 0, 0, 0, 2, 0, 0, 1, 0, 2, 0, 0, 2, 0, 0, 0, 0, 1, 1, 0, 0, 0, 0, 0, 0, 0, 0, 2, 2, 1, 3, 1, 1, 4, 0, 2, 5, 4, 2, 5, 1, 6, 2, 4, 94, 1, 0, 0, 0, 0, 0]",3,0.3971594077254618,-1,0
442,"[0, 0, 1, 1, 4, 0, 1, 1, 0, 0, 0, 0, 0, 0, 0, 0, 2, 0, 1, 0, 0, 2, 0, 0, 0, 0, 1, 0, 0, 0, 0, 0, 0, 0, 0, 0, 0, 0, 0, 0, 2, 0, 0, 1, 0, 2, 0, 0, 2, 0, 0, 0, 0, 1, 1, 0, 0, 0, 0, 0, 0, 0, 0, 2, 2, 1, 3, 1, 1, 4, 0, 2, 5, 4, 2, 5, 1, 6, 2, 4, 94, 0, 0, 0, 0, 0, 0]",-1,-0.019531391767926055,-1,0
443,"[0, 0, 1, 1, 4, 0, 1, 1, 0, 0, 0, 0, 0, 0, 0, 0, 2, 0, 1, 0, 0, 2, 0, 0, 0, 0, 1, 0, 0, 0, 0, 0, 0, 0, 0, 0, 0, 0, 0, 0, 2, 0, 0, 1, 0, 2, 0, 0, 2, 0, 0, 0, 0, 1, 1, 0, 0, 0, 0, 0, 0, 0, 0, 2, 2, 1, 3, 1, 1, 4, 0, 2, 5, 4, 2, 5, 1, 6, 2, 4, 94, 0, 0, 0, 0, 0, 0]",1,0.8067835228250785,-1,0
444,"[0, 0, 1, 1, 4, 0, 1, 1, 0, 0, 0, 0, 0, 0, 0, 0, 2, 0, 1, 0, 0, 2, 0, 0, 0, 0, 1, 0, 0, 0, 0, 0, 0, 0, 0, 0, 0, 0, 0, 0, 2, 0, 0, 1, 0, 2, 0, 0, 2, 0, 0, 0, 0, 1, 1, 0, 0, 0, 0, 0, 0, 0, 0, 2, 2, 1, 3, 1, 1, 4, 0, 2, 5, 4, 2, 5, 1, 6, 2, 4, 94, 0, 0, 0, 0, 0, 0]",-1,-0.019531391767926055,-1,0
445,"[0, 0, 1, 1, 4, 0, 1, 1, 0, 0, 0, 0, 0, 0, 0, 0, 2, 0, 1, 0, 0, 2, 0, 0, 0, 0, 1, 0, 0, 0, 0, 0, 0, 0, 0, 0, 0, 0, 0, 0, 2, 0, 0, 1, 0, 2, 0, 0, 2, 0, 0, 0, 0, 1, 1, 0, 0, 0, 0, 0, 0, 0, 0, 2, 2, 1, 3, 1, 1, 4, 0, 2, 5, 4, 2, 5, 1, 6, 2, 4, 94, 0, 0, 0, 0, 0, 0]",1,0.8067835228250785,-1,0
446,"[0, 0, 1, 1, 4, 0, 1, 1, 0, 0, 0, 0, 0, 0, 0, 0, 2, 0, 1, 0, 0, 2, 0, 0, 0, 0, 1, 0, 0, 0, 0, 0, 0, 0, 0, 0, 0, 0, 0, 0, 2, 0, 0, 1, 0, 2, 0, 0, 2, 0, 0, 0, 0, 1, 1, 0, 0, 0, 0, 0, 0, 0, 0, 2, 2, 1, 3, 1, 1, 4, 0, 2, 5, 4, 2, 5, 1, 6, 2, 4, 94, 0, 0, 0, 0, 0, 0]",-1,-0.019531391767926055,-1,0
447,"[0, 0, 1, 1, 4, 0, 1, 1, 0, 0, 0, 0, 0, 0, 0, 0, 2, 0, 1, 0, 0, 2, 0, 0, 0, 0, 1, 0, 0, 0, 0, 0, 0, 0, 0, 0, 0, 0, 0, 0, 2, 0, 0, 1, 0, 2, 0, 0, 2, 0, 0, 0, 0, 1, 1, 0, 0, 0, 0, 0, 0, 0, 0, 2, 2, 1, 3, 1, 1, 4, 0, 2, 5, 4, 2, 5, 1, 6, 2, 4, 95, 0, 0, 0, 0, 0, 0]",4,10.295571148490973,-1,0
448,"[0, 0, 1, 1, 4, 0, 1, 1, 0, 0, 0, 0, 0, 0, 0, 0, 2, 0, 1, 0, 0, 2, 0, 0, 0, 0, 1, 0, 0, 0, 0, 0, 0, 0, 0, 0, 0, 0, 0, 0, 2, 0, 0, 1, 0, 2, 0, 0, 2, 0, 0, 0, 0, 1, 1, 0, 0, 0, 0, 0, 0, 0, 0, 2, 2, 1, 3, 1, 1, 4, 0, 2, 5, 4, 2, 5, 1, 6, 2, 4, 95, 0, 0, 0, 0, 0, 0]",-1,-0.01933705117272506,-1,1
449,"[0, 0, 1, 1, 4, 0, 1, 2, 0, 0, 0, 0, 0, 0, 0, 0, 2, 0, 1, 0, 0, 2, 0, 0, 0, 0, 1, 0, 0, 0, 0, 0, 0, 0, 0, 0, 0, 0, 0, 0, 2, 0, 0, 1, 0, 2, 0, 0, 2, 0, 0, 0, 0, 1, 1, 0, 0, 0, 0, 0, 0, 0, 0, 2, 2, 1, 3, 1, 1, 4, 0, 2, 5, 4, 2, 5, 1, 6, 2, 4, 96, 0, 0, 0, 0, 0, 0]",4,10.064186643246039,-1,1
450,"[0, 0, 1, 1, 4, 0, 1, 2, 0, 0, 0, 0, 0, 0, 0, 0, 2, 0, 1, 0, 0, 2, 0, 0, 0, 0, 1, 0, 0, 0, 0, 0, 0, 0, 0, 0, 0, 0, 0, 0, 2, 0, 0, 1, 0, 2, 0, 0, 2, 0, 0, 0, 0, 1, 1, 0, 0, 0, 0, 0, 0, 0, 0, 2, 2, 1, 3, 1, 1, 4, 0, 2, 5, 4, 2, 5, 1, 6, 2, 4, 96, 0, 0, 0, 0, 0, 0]",1,0.8065505739865616,-1,0
451,"[0, 0, 1, 1, 4, 0, 1, 2, 0, 0, 0, 0, 0, 0, 0, 0, 2, 0, 1, 0, 0, 2, 0, 0, 0, 0, 1, 0, 0, 0, 0, 0, 0, 0, 0, 0, 0, 0, 0, 0, 2, 0, 0, 1, 0, 2, 0, 0, 2, 0, 0, 0, 0, 1, 1, 0, 0, 0, 0, 0, 0, 0, 0, 2, 2, 1, 3, 1, 1, 4, 0, 2, 5, 4, 2, 5, 1, 6, 2, 4, 96, 0, 0, 0, 0, 0, 0]",-1,-0.019144644298755606,-1,0
452,"[1, 0, 1, 1, 5, 0, 1, 2, 0, 0, 0, 0, 0, 0, 0, 0, 2, 0, 1, 0, 0, 2, 0, 0, 0, 0, 1, 0, 0, 0, 0, 0, 0, 0, 0, 0, 0, 0, 0, 0, 2, 0, 0, 1, 0, 2, 0, 0, 2, 0, 0, 0, 0, 1, 1, 0, 0, 0, 0, 0, 0, 0, 0, 2, 2, 1, 3, 1, 1, 4, 0, 2, 5, 4, 2, 5, 1, 6, 2, 4, 97, 0, 0, 0, 0, 0, 0]",4,10.568485602939194,-1,0
453,"[1, 0, 1, 1, 5, 0, 1, 2, 0, 0, 0, 0, 0, 0, 0, 0, 2, 0, 1, 0, 0, 2, 0, 0, 0, 0, 1, 0, 0, 0, 0, 0, 0, 0, 0, 0, 0, 0, 0, 0, 2, 0, 0, 1, 0, 2, 0, 0, 2, 0, 0, 0, 0, 1, 1, 0, 0, 0, 0, 0, 0, 0, 0, 2, 2, 1, 3, 1, 1, 4, 0, 2, 5, 4, 2, 5, 1, 6, 2, 4, 97, 0, 0, 0, 0, 0, 0]",-1,-0.01895415190516994,-1,1
454,"[1, 0, 1, 1, 5, 0, 1, 2, 0, 0, 0, 0, 0, 0, 0, 0, 2, 0, 1, 0, 0, 2, 0, 0, 0, 0, 1, 0, 0, 0, 0, 0, 0, 0, 0, 0, 0, 0, 0, 0, 2, 0, 0, 1, 0, 2, 0, 0, 2, 0, 0, 0, 0, 1, 1, 0, 0, 0, 0, 0, 0, 0, 0, 2, 2, 1, 3, 1, 1, 4, 0, 2, 5, 4, 2, 5, 1, 6, 2, 4, 97, 0, 0, 0, 0, 0, 0]",-1,-0.01895415190516994,-1,1
455,"[2, 0, 1, 1, 6, 0, 1, 2, 0, 0, 0, 0, 0, 0, 0, 0, 2, 0, 1, 0, 0, 2, 0, 0, 0, 0, 1, 0, 0, 0, 0, 0, 0, 0, 0, 0, 0, 0, 0, 0, 2, 0, 0, 1, 0, 2, 0, 0, 2, 0, 0, 0, 0, 1, 1, 0, 0, 0, 0, 0, 0, 0, 0, 2, 2, 1, 3, 1, 1, 4, 0, 2, 5, 4, 2, 5, 1, 6, 2, 4, 98, 0, 0, 0, 0, 0, 0]",4,9.892895650316396,-1,1
456,"[2, 0, 1, 1, 6, 0, 1, 2, 0, 0, 0, 0, 0, 0, 0, 0, 2, 0, 1, 0, 0, 2, 0, 0, 0, 0, 1, 0, 0, 0, 0, 0, 0, 0, 0, 0, 0, 0, 0, 0, 2, 0, 0, 1, 0, 2, 0, 0, 2, 0, 0, 0, 0, 1, 1, 0, 0, 0, 0, 0, 0, 0, 0, 2, 2, 1, 3, 1, 1, 4, 0, 2, 5, 4, 2, 5, 1, 6, 2, 4, 98, 0, 0, 0, 0, 0, 0]",0,0.5823367473522765,-1,0
457,"[2, 0, 1, 1, 6, 0, 1, 2, 0, 0, 0, 0, 0, 0, 0, 0, 2, 0, 1, 0, 0, 2, 0, 0, 0, 0, 1, 0, 0, 0, 0, 0, 0, 0, 0, 0, 0, 0, 0, 0, 2, 0, 0, 1, 0, 2, 0, 0, 2, 0, 0, 0, 0, 1, 1, 0, 0, 0, 0, 0, 0, 0, 0, 2, 2, 1, 3, 1, 1, 4, 0, 2, 5, 4, 2, 5, 1, 6, 2, 4, 98, 0, 0, 0, 0, 0, 0]",-1,-0.01876555494256998,-1,0
458,"[1, 0, 1, 1, 3, 0, 1, 1, 0, 0, 0, 0, 0, 0, 0, 0, 2, 0, 1, 0, 0, 2, 0, 0, 0, 0, 1, 0, 0, 0, 0, 0, 0, 0, 0, 0, 0, 0, 0, 0, 2, 0, 0, 1, 0, 2, 0, 0, 2, 0, 0, 0, 0, 1, 1, 0, 0, 0, 0, 0, 0, 0, 0, 2, 2, 1, 3, 1, 1, 4, 0, 2, 5, 4, 2, 5, 1, 6, 2, 5, 99, 0, 0, 0, 0, 0, 0]",4,10.567465762581284,-1,0
459,"[1, 0, 1, 1, 3, 0, 1, 1, 0, 0, 0, 0, 0, 0, 0, 0, 2, 0, 1, 0, 0, 2, 0, 0, 0, 0, 1, 0, 0, 0, 0, 0, 0, 0, 0, 0, 0, 0, 0, 0, 2, 0, 0, 1, 0, 2, 0, 0, 2, 0, 0, 0, 0, 1, 1, 0, 0, 0, 0, 0, 0, 0, 0, 2, 2, 1, 3, 1, 1, 4, 0, 2, 5, 4, 2, 5, 1, 6, 2, 5, 99, 0, 1, 0, 0, 0, 0]",2,0.5965413686860189,-1,1
460,"[1, 0, 1, 1, 3, 0, 1, 1, 0, 0, 0, 0, 0, 0, 0, 0, 2, 0, 1, 0, 0, 2, 0, 0, 0, 0, 1, 0, 0, 0, 0, 0, 0, 0, 0, 0, 0, 0, 0, 0, 2, 0, 0, 1, 0, 2, 0, 0, 2, 0, 0, 0, 0, 1, 1, 0, 0, 0, 0, 0, 0, 0, 0, 2, 2, 1, 3, 1, 1, 4, 0, 2, 5, 4, 2, 5, 1, 6, 2, 5, 99, 0, 1, 0, 0, 1, 0]","[[1 0 0 0]
 [1 0 1 1]]",2.319032253409737,-1,1
461,"[1, 0, 0, 0, 3, 0, 2, 2, 0, 0, 0, 0, 0, 0, 0, 0, 2, 0, 1, 0, 0, 2, 0, 0, 0, 0, 1, 0, 0, 0, 0, 0, 0, 0, 0, 0, 0, 0, 0, 0, 2, 0, 0, 1, 0, 2, 0, 0, 2, 0, 0, 0, 0, 1, 1, 0, 0, 0, 0, 0, 0, 0, 0, 2, 2, 1, 3, 1, 1, 4, 0, 2, 5, 4, 2, 5, 1, 6, 2, 5, 99, 0, 0, 0, 0, 0, 0]",0,-0.0034586313139810853,-1,0
462,"[1, 0, 0, 0, 3, 0, 2, 2, 0, 0, 0, 0, 0, 0, 0, 0, 2, 0, 1, 0, 0, 2, 0, 0, 0, 0, 1, 0, 0, 0, 0, 0, 0, 0, 0, 0, 0, 0, 0, 0, 2, 0, 0, 1, 0, 2, 0, 0, 2, 0, 0, 0, 0, 1, 1, 0, 0, 0, 0, 0, 0, 0, 0, 2, 2, 1, 3, 1, 1, 4, 0, 2, 5, 4, 2, 5, 1, 6, 2, 5, 99, 1, 0, 0, 0, 0, 0]",3,0.3965413686860189,-1,1
463,"[1, 0, 0, 0, 3, 0, 2, 2, 0, 0, 0, 0, 0, 0, 0, 0, 2, 0, 1, 0, 0, 2, 0, 0, 0, 0, 1, 0, 0, 0, 0, 0, 0, 0, 0, 0, 0, 0, 0, 0, 2, 0, 0, 1, 0, 2, 0, 0, 2, 0, 0, 0, 0, 1, 1, 0, 0, 0, 0, 0, 0, 0, 0, 2, 2, 1, 3, 1, 1, 4, 0, 2, 5, 4, 2, 5, 1, 6, 2, 5, 99, 0, 0, 0, 0, 0, 0]",-1,-0.018578834551102288,-1,1
464,"[1, 0, 0, 0, 4, 0, 2, 2, 0, 0, 0, 0, 0, 0, 0, 0, 2, 0, 1, 0, 0, 2, 0, 0, 0, 0, 1, 0, 0, 0, 0, 0, 0, 0, 0, 0, 0, 0, 0, 0, 2, 0, 0, 1, 0, 2, 0, 0, 2, 0, 0, 0, 0, 1, 1, 0, 0, 0, 0, 0, 0, 0, 0, 2, 2, 1, 3, 1, 1, 4, 0, 2, 5, 4, 2, 5, 1, 6, 2, 5, 100, 0, 0, 0, 0, 0, 0]",4,10.191016623684625,-1,1
465,"[1, 0, 0, 0, 4, 0, 2, 2, 0, 0, 0, 0, 0, 0, 0, 0, 2, 0, 1, 0, 0, 2, 0, 0, 0, 0, 1, 0, 0, 0, 0, 0, 0, 0, 0, 0, 0, 0, 0, 0, 2, 0, 0, 1, 0, 2, 0, 0, 2, 0, 0, 0, 0, 1, 1, 0, 0, 0, 0, 0, 0, 0, 0, 2, 2, 1, 3, 1, 1, 4, 0, 2, 5, 4, 2, 5, 1, 6, 2, 5, 100, 1, 0, 0, 0, 0, 0]",3,0.39640275800758173,-1,0
466,"[1, 0, 0, 0, 4, 0, 2, 2, 0, 0, 0, 0, 0, 0, 0, 0, 2, 0, 1, 0, 0, 2, 0, 0, 0, 0, 1, 0, 0, 0, 0, 0, 0, 0, 0, 0, 0, 0, 0, 0, 2, 0, 0, 1, 0, 2, 0, 0, 2, 0, 0, 0, 0, 1, 1, 0, 0, 0, 0, 0, 0, 0, 0, 2, 2, 1, 3, 1, 1, 4, 0, 2, 5, 4, 2, 5, 1, 6, 2, 5, 100, 0, 0, 0, 0, 0, 0]",-1,-0.018393972058572117,-1,0
467,"[1, 0, 0, 0, 4, 0, 2, 2, 0, 0, 0, 0, 0, 0, 0, 0, 2, 0, 1, 0, 0, 2, 0, 0, 0, 0, 1, 0, 0, 0, 0, 0, 0, 0, 0, 0, 0, 0, 0, 0, 2, 0, 0, 1, 0, 2, 0, 0, 2, 0, 0, 0, 0, 1, 1, 0, 0, 0, 0, 0, 0, 0, 0, 2, 2, 1, 3, 1, 1, 4, 0, 2, 5, 4, 2, 5, 1, 6, 2, 5, 100, 0, 1, 0, 0, 0, 0]",2,0.5964027580075817,-1,0
468,"[1, 0, 0, 0, 4, 0, 2, 2, 0, 0, 0, 0, 0, 0, 0, 0, 2, 0, 1, 0, 0, 2, 0, 0, 0, 0, 1, 0, 0, 0, 0, 0, 0, 0, 0, 0, 0, 0, 0, 0, 2, 0, 0, 1, 0, 2, 0, 0, 2, 0, 0, 0, 0, 1, 1, 0, 0, 0, 0, 0, 0, 0, 0, 2, 2, 1, 3, 1, 1, 4, 0, 2, 5, 4, 2, 5, 1, 6, 2, 5, 100, 0, 1, 0, 0, 1, 0]","[[1 0 0 0]
 [0 0 1 0]]",0.8468276230656726,-1,0
469,"[0, 0, 1, 0, 5, 0, 1, 2, 0, 0, 0, 0, 0, 0, 0, 0, 2, 0, 1, 0, 0, 2, 0, 0, 0, 0, 1, 0, 0, 0, 0, 0, 0, 0, 0, 0, 0, 0, 0, 0, 2, 0, 0, 1, 0, 2, 0, 0, 2, 0, 0, 0, 0, 1, 1, 0, 0, 0, 0, 0, 0, 0, 0, 2, 2, 1, 3, 1, 1, 4, 0, 2, 5, 4, 2, 5, 1, 6, 2, 5, 100, 0, 0, 0, 0, 0, 0]",0,-0.003597241992418312,-1,1
470,"[0, 0, 1, 0, 5, 0, 1, 2, 0, 0, 0, 0, 0, 0, 0, 0, 2, 0, 1, 0, 0, 2, 0, 0, 0, 0, 1, 0, 0, 0, 0, 0, 0, 0, 0, 0, 0, 0, 0, 0, 2, 0, 0, 1, 0, 2, 0, 0, 2, 0, 0, 0, 0, 1, 1, 0, 0, 0, 0, 0, 0, 0, 0, 2, 2, 1, 3, 1, 1, 4, 0, 2, 5, 4, 2, 5, 1, 6, 2, 5, 100, 0, 1, 0, 0, 0, 0]",2,0.5964027580075817,-1,0
471,"[0, 0, 1, 0, 5, 0, 1, 2, 0, 0, 0, 0, 0, 0, 0, 0, 2, 0, 1, 0, 0, 2, 0, 0, 0, 0, 1, 0, 0, 0, 0, 0, 0, 0, 0, 0, 0, 0, 0, 0, 2, 0, 0, 1, 0, 2, 0, 0, 2, 0, 0, 0, 0, 1, 1, 0, 0, 0, 0, 0, 0, 0, 0, 2, 2, 1, 3, 1, 1, 4, 0, 2, 5, 4, 2, 5, 1, 6, 2, 5, 100, 0, 1, 0, 0, 1, 0]","[[0 0 1 0]
 [1 0 0 0]]",0.8468276230656726,-1,0
472,"[0, 0, 1, 0, 5, 0, 1, 2, 0, 0, 0, 0, 0, 0, 0, 0, 2, 0, 1, 0, 0, 2, 0, 0, 0, 0, 1, 0, 0, 0, 0, 0, 0, 0, 0, 0, 0, 0, 0, 0, 2, 0, 0, 1, 0, 2, 0, 0, 2, 0, 0, 0, 0, 1, 1, 0, 0, 0, 0, 0, 0, 0, 0, 2, 2, 1, 3, 1, 1, 4, 0, 2, 5, 4, 2, 5, 1, 6, 2, 5, 100, 0, 1, 0, 0, 0, 1]",2,-0.003597241992418312,-1,1
473,"[0, 0, 1, 0, 5, 0, 1, 2, 0, 0, 0, 0, 0, 0, 0, 0, 2, 0, 1, 0, 0, 2, 0, 0, 0, 0, 1, 0, 0, 0, 0, 0, 0, 0, 0, 0, 0, 0, 0, 0, 2, 0, 0, 1, 0, 2, 0, 0, 2, 0, 0, 0, 0, 1, 1, 0, 0, 0, 0, 0, 0, 0, 0, 2, 2, 1, 3, 1, 1, 4, 0, 2, 5, 4, 2, 5, 1, 6, 2, 5, 100, 0, 0, 1, 0, 0, 0]","[[2 0 0 1]
 [0 0 1 0]]",-0.003597241992418312,-1,1
474,"[0, 0, 1, 0, 5, 0, 1, 2, 0, 0, 0, 0, 0, 0, 0, 0, 2, 0, 1, 0, 0, 2, 0, 0, 0, 0, 1, 0, 0, 0, 0, 0, 0, 0, 0, 0, 0, 0, 0, 0, 2, 0, 0, 1, 0, 2, 0, 0, 2, 0, 0, 0, 0, 1, 1, 0, 0, 0, 0, 0, 0, 0, 0, 2, 2, 1, 3, 1, 1, 4, 0, 2, 5, 4, 2, 5, 1, 6, 2, 5, 100, 0, 0, 0, 0, 0, 0]",1,-0.6928162549906391,-1,0
475,"[0, 0, 1, 0, 5, 0, 1, 2, 0, 0, 0, 0, 0, 0, 0, 0, 2, 0, 1, 0, 0, 2, 0, 0, 0, 0, 1, 0, 0, 0, 0, 0, 0, 0, 0, 0, 0, 0, 0, 0, 2, 0, 0, 1, 0, 2, 0, 0, 2, 0, 0, 0, 0, 1, 1, 0, 0, 0, 0, 0, 0, 0, 0, 2, 2, 1, 3, 1, 1, 4, 0, 2, 5, 4, 2, 5, 1, 6, 2, 5, 100, 1, 0, 0, 0, 0, 0]",3,0.39640275800758173,-1,0
476,"[0, 0, 1, 0, 5, 0, 1, 2, 0, 0, 0, 0, 0, 0, 0, 0, 2, 0, 1, 0, 0, 2, 0, 0, 0, 0, 1, 0, 0, 0, 0, 0, 0, 0, 0, 0, 0, 0, 0, 0, 2, 0, 0, 1, 0, 2, 0, 0, 2, 0, 0, 0, 0, 1, 1, 0, 0, 0, 0, 0, 0, 0, 0, 2, 2, 1, 3, 1, 1, 4, 0, 2, 5, 4, 2, 5, 1, 6, 2, 5, 100, 0, 0, 0, 0, 0, 0]",-1,-0.018393972058572117,-1,0
477,"[0, 0, 1, 0, 5, 0, 1, 2, 0, 0, 0, 0, 0, 0, 0, 0, 2, 0, 1, 0, 0, 2, 0, 0, 0, 0, 1, 0, 0, 0, 0, 0, 0, 0, 0, 0, 0, 0, 0, 0, 2, 0, 0, 1, 0, 2, 0, 0, 2, 0, 0, 0, 0, 1, 1, 0, 0, 0, 0, 0, 0, 0, 0, 2, 2, 1, 3, 1, 1, 4, 0, 2, 5, 4, 2, 5, 1, 6, 2, 5, 100, 0, 1, 0, 0, 0, 0]",2,0.5964027580075817,-1,0
478,"[0, 0, 1, 0, 5, 0, 1, 2, 0, 0, 0, 0, 0, 0, 0, 0, 2, 0, 1, 0, 0, 2, 0, 0, 0, 0, 1, 0, 0, 0, 0, 0, 0, 0, 0, 0, 0, 0, 0, 0, 2, 0, 0, 1, 0, 2, 0, 0, 2, 0, 0, 0, 0, 1, 1, 0, 0, 0, 0, 0, 0, 0, 0, 2, 2, 1, 3, 1, 1, 4, 0, 2, 5, 4, 2, 5, 1, 6, 2, 5, 100, 0, 1, 0, 0, 1, 0]","[[0 0 1 0]
 [1 0 0 0]]",0.8468276230656726,-1,0
479,"[1, 0, 0, 0, 4, 0, 2, 2, 0, 0, 0, 0, 0, 0, 0, 0, 2, 0, 1, 0, 0, 2, 0, 0, 0, 0, 1, 0, 0, 0, 0, 0, 0, 0, 0, 0, 0, 0, 0, 0, 2, 0, 0, 1, 0, 2, 0, 0, 2, 0, 0, 0, 0, 1, 1, 0, 0, 0, 0, 0, 0, 0, 0, 2, 2, 1, 3, 1, 1, 4, 0, 2, 5, 4, 2, 5, 1, 6, 2, 5, 100, 0, 0, 0, 0, 0, 0]",0,-0.003597241992418312,-1,1
480,"[1, 0, 0, 0, 2, 0, 1, 1, 0, 0, 0, 0, 0, 0, 0, 0, 2, 0, 1, 0, 0, 2, 0, 0, 0, 0, 1, 0, 0, 0, 0, 0, 0, 0, 0, 0, 0, 0, 0, 0, 2, 0, 0, 1, 0, 2, 0, 0, 2, 0, 0, 0, 0, 1, 1, 0, 0, 0, 0, 0, 0, 0, 0, 2, 2, 1, 3, 1, 1, 4, 0, 2, 5, 4, 2, 5, 1, 6, 2, 2, 101, 0, 0, 0, 0, 0, 0]",4,10.129788462043402,-1,0
481,"[1, 0, 0, 0, 2, 0, 1, 1, 0, 0, 0, 0, 0, 0, 0, 0, 2, 0, 1, 0, 0, 2, 0, 0, 0, 0, 1, 0, 0, 0, 0, 0, 0, 0, 0, 0, 0, 0, 0, 0, 2, 0, 0, 1, 0, 2, 0, 0, 2, 0, 0, 0, 0, 1, 1, 0, 0, 0, 0, 0, 0, 0, 0, 2, 2, 1, 3, 1, 1, 4, 0, 2, 5, 4, 2, 5, 1, 6, 2, 2, 101, 0, 0, 0, 0, 0, 0]",-1,-0.018210948978576166,-1,1
482,"[1, 0, 0, 0, 2, 0, 1, 1, 0, 0, 0, 0, 0, 0, 0, 0, 2, 0, 1, 0, 0, 2, 0, 0, 0, 0, 1, 0, 0, 0, 0, 0, 0, 0, 0, 0, 0, 0, 0, 0, 2, 0, 0, 1, 0, 2, 0, 0, 2, 0, 0, 0, 0, 1, 1, 0, 0, 0, 0, 0, 0, 0, 0, 2, 2, 1, 3, 1, 1, 4, 0, 2, 5, 4, 2, 5, 1, 6, 2, 2, 101, 0, 1, 0, 0, 0, 0]",2,0.596258698009129,-1,0
483,"[1, 0, 0, 0, 2, 0, 1, 1, 0, 0, 0, 0, 0, 0, 0, 0, 2, 0, 1, 0, 0, 2, 0, 0, 0, 0, 1, 0, 0, 0, 0, 0, 0, 0, 0, 0, 0, 0, 0, 0, 2, 0, 0, 1, 0, 2, 0, 0, 2, 0, 0, 0, 0, 1, 1, 0, 0, 0, 0, 0, 0, 0, 0, 2, 2, 1, 3, 1, 1, 4, 0, 2, 5, 4, 2, 5, 1, 6, 2, 2, 101, 0, 1, 0, 0, 1, 0]","[[1 0 0 0]
 [0 0 0 1]]",0.8466835630672199,-1,0
484,"[0, 0, 0, 1, 3, 0, 1, 0, 0, 0, 0, 0, 0, 0, 0, 0, 2, 0, 1, 0, 0, 2, 0, 0, 0, 0, 1, 0, 0, 0, 0, 0, 0, 0, 0, 0, 0, 0, 0, 0, 2, 0, 0, 1, 0, 2, 0, 0, 2, 0, 0, 0, 0, 1, 1, 0, 0, 0, 0, 0, 0, 0, 0, 2, 2, 1, 3, 1, 1, 4, 0, 2, 5, 4, 2, 5, 1, 6, 2, 2, 101, 0, 0, 0, 0, 0, 0]",0,-0.0037413019908709207,-1,1
485,"[0, 0, 0, 1, 3, 0, 1, 0, 0, 0, 0, 0, 0, 0, 0, 0, 2, 0, 1, 0, 0, 2, 0, 0, 0, 0, 1, 0, 0, 0, 0, 0, 0, 0, 0, 0, 0, 0, 0, 0, 2, 0, 0, 1, 0, 2, 0, 0, 2, 0, 0, 0, 0, 1, 1, 0, 0, 0, 0, 0, 0, 0, 0, 2, 2, 1, 3, 1, 1, 4, 0, 2, 5, 4, 2, 5, 1, 6, 2, 2, 101, 1, 0, 0, 0, 0, 0]",3,0.3962586980091291,-1,0
486,"[0, 0, 0, 1, 3, 0, 1, 0, 0, 0, 0, 0, 0, 0, 0, 0, 2, 0, 1, 0, 0, 2, 0, 0, 0, 0, 1, 0, 0, 0, 0, 0, 0, 0, 0, 0, 0, 0, 0, 0, 2, 0, 0, 1, 0, 2, 0, 0, 2, 0, 0, 0, 0, 1, 1, 0, 0, 0, 0, 0, 0, 0, 0, 2, 2, 1, 3, 1, 1, 4, 0, 2, 5, 4, 2, 5, 1, 6, 2, 2, 101, 0, 0, 0, 0, 0, 0]",-1,-0.018210948978576166,-1,0
487,"[0, 0, 0, 1, 1, 0, 1, 0, 0, 0, 0, 0, 0, 0, 0, 0, 2, 0, 1, 0, 0, 2, 0, 0, 0, 0, 1, 0, 0, 0, 0, 0, 0, 0, 0, 0, 0, 0, 0, 0, 2, 0, 0, 1, 0, 2, 0, 0, 2, 0, 0, 0, 0, 1, 1, 0, 0, 0, 0, 0, 0, 0, 0, 2, 2, 1, 3, 1, 1, 4, 0, 2, 5, 4, 2, 5, 1, 6, 2, 3, 102, 0, 0, 0, 0, 0, 0]",4,10.129272700960644,-1,0
488,"[0, 0, 0, 1, 1, 0, 1, 0, 0, 0, 0, 0, 0, 0, 0, 0, 2, 0, 1, 0, 0, 2, 0, 0, 0, 0, 1, 0, 0, 0, 0, 0, 0, 0, 0, 0, 0, 0, 0, 0, 2, 0, 0, 1, 0, 2, 0, 0, 2, 0, 0, 0, 0, 1, 1, 0, 0, 0, 0, 0, 0, 0, 0, 2, 2, 1, 3, 1, 1, 4, 0, 2, 5, 4, 2, 5, 1, 6, 2, 3, 102, 1, 0, 0, 0, 0, 0]",3,0.3961089830863614,-1,1
489,"[0, 0, 0, 1, 1, 0, 1, 0, 0, 0, 0, 0, 0, 0, 0, 0, 2, 0, 1, 0, 0, 2, 0, 0, 0, 0, 1, 0, 0, 0, 0, 0, 0, 0, 0, 0, 0, 0, 0, 0, 2, 0, 0, 1, 0, 2, 0, 0, 2, 0, 0, 0, 0, 1, 1, 0, 0, 0, 0, 0, 0, 0, 0, 2, 2, 1, 3, 1, 1, 4, 0, 2, 5, 4, 2, 5, 1, 6, 2, 3, 102, 0, 0, 0, 0, 0, 0]",-1,-0.018029747008653917,-1,1
490,"[0, 0, 0, 1, 1, 0, 1, 0, 0, 0, 0, 0, 0, 0, 0, 0, 2, 0, 1, 0, 0, 2, 0, 0, 0, 0, 1, 0, 0, 0, 0, 0, 0, 0, 0, 0, 0, 0, 0, 0, 2, 0, 0, 1, 0, 2, 0, 0, 2, 0, 0, 0, 0, 1, 1, 0, 0, 0, 0, 0, 0, 0, 0, 2, 2, 1, 3, 1, 1, 4, 0, 2, 5, 4, 2, 5, 1, 6, 2, 3, 103, 0, 0, 0, 0, 0, 0]",4,10.291476065891928,-1,1
491,"[0, 0, 0, 1, 1, 0, 1, 0, 0, 0, 0, 0, 0, 0, 0, 0, 2, 0, 1, 0, 0, 2, 0, 0, 0, 0, 1, 0, 0, 0, 0, 0, 0, 0, 0, 0, 0, 0, 0, 0, 2, 0, 0, 1, 0, 2, 0, 0, 2, 0, 0, 0, 0, 1, 1, 0, 0, 0, 0, 0, 0, 0, 0, 2, 2, 1, 3, 1, 1, 4, 0, 2, 5, 4, 2, 5, 1, 6, 2, 3, 103, 1, 0, 0, 0, 0, 0]",3,0.39595340058084294,-1,0
492,"[0, 0, 0, 1, 1, 0, 1, 0, 0, 0, 0, 0, 0, 0, 0, 0, 2, 0, 1, 0, 0, 2, 0, 0, 0, 0, 1, 0, 0, 0, 0, 0, 0, 0, 0, 0, 0, 0, 0, 0, 2, 0, 0, 1, 0, 2, 0, 0, 2, 0, 0, 0, 0, 1, 1, 0, 0, 0, 0, 0, 0, 0, 0, 2, 2, 1, 3, 1, 1, 4, 0, 2, 5, 4, 2, 5, 1, 6, 2, 3, 103, 0, 0, 0, 0, 0, 0]",-1,-0.01785034802845737,-1,0
493,"[0, 0, 0, 1, 1, 0, 1, 0, 0, 0, 0, 0, 0, 0, 0, 0, 2, 0, 1, 0, 0, 2, 0, 0, 0, 0, 1, 0, 0, 0, 0, 0, 0, 0, 0, 0, 0, 0, 0, 0, 2, 0, 0, 1, 0, 2, 0, 0, 2, 0, 0, 0, 0, 1, 1, 0, 0, 0, 0, 0, 0, 0, 0, 2, 2, 1, 3, 1, 1, 4, 0, 2, 5, 4, 2, 5, 1, 6, 2, 3, 103, 1, 0, 0, 0, 0, 0]",3,0.39595340058084294,-1,0
494,"[0, 0, 0, 1, 1, 0, 1, 0, 0, 0, 0, 0, 0, 0, 0, 0, 2, 0, 1, 0, 0, 2, 0, 0, 0, 0, 1, 0, 0, 0, 0, 0, 0, 0, 0, 0, 0, 0, 0, 0, 2, 0, 0, 1, 0, 2, 0, 0, 2, 0, 0, 0, 0, 1, 1, 0, 0, 0, 0, 0, 0, 0, 0, 2, 2, 1, 3, 1, 1, 4, 0, 2, 5, 4, 2, 5, 1, 6, 2, 3, 103, 0, 0, 0, 0, 0, 0]",-1,-0.01785034802845737,-1,0
495,"[0, 0, 0, 1, 1, 0, 1, 0, 0, 0, 0, 0, 0, 0, 0, 0, 2, 0, 1, 0, 0, 2, 0, 0, 0, 0, 1, 0, 0, 0, 0, 0, 0, 0, 0, 0, 0, 0, 0, 0, 2, 0, 0, 1, 0, 2, 0, 0, 2, 0, 0, 0, 0, 1, 1, 0, 0, 0, 0, 0, 0, 0, 0, 2, 2, 1, 3, 1, 1, 4, 0, 2, 5, 4, 2, 5, 1, 6, 2, 3, 103, 0, 1, 0, 0, 0, 0]",2,0.5959534005808429,-1,0
496,"[0, 0, 0, 1, 1, 0, 1, 0, 0, 0, 0, 0, 0, 0, 0, 0, 2, 0, 1, 0, 0, 2, 0, 0, 0, 0, 1, 0, 0, 0, 0, 0, 0, 0, 0, 0, 0, 0, 0, 0, 2, 0, 0, 1, 0, 2, 0, 0, 2, 0, 0, 0, 0, 1, 1, 0, 0, 0, 0, 0, 0, 0, 0, 2, 2, 1, 3, 1, 1, 4, 0, 2, 5, 4, 2, 5, 1, 6, 2, 3, 103, 0, 1, 0, 0, 1, 0]","[[0 0 0 1]
 [1 0 0 0]]",0.8463782656389338,-1,0
497,"[0, 0, 0, 1, 1, 0, 1, 0, 0, 0, 0, 0, 0, 0, 0, 0, 2, 0, 1, 0, 0, 2, 0, 0, 0, 0, 1, 0, 0, 0, 0, 0, 0, 0, 0, 0, 0, 0, 0, 0, 2, 0, 0, 1, 0, 2, 0, 0, 2, 0, 0, 0, 0, 1, 1, 0, 0, 0, 0, 0, 0, 0, 0, 2, 2, 1, 3, 1, 1, 4, 0, 2, 5, 4, 2, 5, 1, 6, 2, 3, 103, 0, 0, 0, 0, 0, 0]",-1,-0.01785034802845737,-1,1
498,"[0, 0, 0, 1, 1, 0, 1, 0, 0, 0, 0, 0, 0, 0, 0, 0, 2, 0, 1, 0, 0, 2, 0, 0, 0, 0, 1, 0, 0, 0, 0, 0, 0, 0, 0, 0, 0, 0, 0, 0, 2, 0, 0, 1, 0, 2, 0, 0, 2, 0, 0, 0, 0, 1, 1, 0, 0, 0, 0, 0, 0, 0, 0, 2, 2, 1, 3, 1, 1, 4, 0, 2, 5, 4, 2, 5, 1, 6, 2, 3, 104, 0, 0, 0, 0, 0, 0]",4,10.128234246569951,-1,0
499,"[0, 0, 0, 1, 1, 0, 1, 1, 0, 0, 0, 0, 0, 0, 0, 0, 2, 0, 1, 0, 0, 2, 0, 0, 0, 0, 1, 0, 0, 0, 0, 0, 0, 0, 0, 0, 0, 0, 0, 0, 2, 0, 0, 1, 0, 2, 0, 0, 2, 0, 0, 0, 0, 1, 1, 0, 0, 0, 0, 0, 0, 0, 0, 2, 2, 1, 3, 1, 1, 4, 0, 2, 5, 4, 2, 5, 1, 6, 2, 3, 105, 0, 0, 0, 0, 0, 0]",4,10.564362498018776,-1,1
500,"[0, 0, 0, 1, 1, 0, 1, 1, 0, 0, 0, 0, 0, 0, 0, 0, 2, 0, 1, 0, 0, 2, 0, 0, 0, 0, 1, 0, 0, 0, 0, 0, 0, 0, 0, 0, 0, 0, 0, 0, 2, 0, 0, 1, 0, 2, 0, 0, 2, 0, 0, 0, 0, 1, 1, 0, 0, 0, 0, 0, 0, 0, 0, 2, 2, 1, 3, 1, 1, 4, 0, 2, 5, 4, 2, 5, 1, 6, 2, 3, 106, 0, 0, 0, 0, 0, 0]",4,10.127184806135684,-1,0
501,"[0, 0, 0, 1, 1, 0, 1, 1, 0, 0, 0, 0, 0, 0, 0, 0, 2, 0, 1, 0, 0, 2, 0, 0, 0, 0, 1, 0, 0, 0, 0, 0, 0, 0, 0, 0, 0, 0, 0, 0, 2, 0, 0, 1, 0, 2, 0, 0, 2, 0, 0, 0, 0, 1, 1, 0, 0, 0, 0, 0, 0, 0, 0, 2, 2, 1, 3, 1, 1, 4, 0, 2, 5, 4, 2, 5, 1, 6, 2, 3, 106, 0, 0, 0, 0, 0, 0]",-1,-0.01732279051650287,-1,1
502,"[0, 0, 0, 1, 1, 0, 1, 1, 0, 0, 0, 0, 0, 0, 0, 0, 2, 0, 1, 0, 0, 2, 0, 0, 0, 0, 1, 0, 0, 0, 0, 0, 0, 0, 0, 0, 0, 0, 0, 0, 2, 0, 0, 1, 0, 2, 0, 0, 2, 0, 0, 0, 0, 1, 1, 0, 0, 0, 0, 0, 0, 0, 0, 2, 2, 1, 3, 1, 1, 4, 0, 2, 5, 4, 2, 5, 1, 6, 2, 3, 106, 0, 0, 0, 0, 0, 0]",-1,-0.01732279051650287,-1,1
503,"[1, 0, 0, 1, 2, 0, 1, 1, 0, 0, 0, 0, 0, 0, 0, 0, 2, 0, 1, 0, 0, 2, 0, 0, 0, 0, 1, 0, 0, 0, 0, 0, 0, 0, 0, 0, 0, 0, 0, 0, 2, 0, 0, 1, 0, 2, 0, 0, 2, 0, 0, 0, 0, 1, 1, 0, 0, 0, 0, 0, 0, 0, 0, 2, 2, 1, 3, 1, 1, 4, 0, 2, 5, 4, 2, 5, 1, 6, 2, 3, 107, 0, 0, 0, 0, 0, 0]",4,10.403682028775755,-1,1
504,"[1, 0, 0, 1, 2, 0, 1, 1, 0, 0, 0, 0, 0, 0, 0, 0, 2, 0, 1, 0, 0, 2, 0, 0, 0, 0, 1, 0, 0, 0, 0, 0, 0, 0, 0, 0, 0, 0, 0, 0, 2, 0, 0, 1, 0, 2, 0, 0, 2, 0, 0, 0, 0, 1, 1, 0, 0, 0, 0, 0, 0, 0, 0, 2, 2, 1, 3, 1, 1, 4, 0, 2, 5, 4, 2, 5, 1, 6, 2, 3, 107, 1, 0, 0, 0, 0, 0]",3,0.3952678843689078,-1,0
505,"[1, 0, 0, 1, 2, 0, 1, 1, 0, 0, 0, 0, 0, 0, 0, 0, 2, 0, 1, 0, 0, 2, 0, 0, 0, 0, 1, 0, 0, 0, 0, 0, 0, 0, 0, 0, 0, 0, 0, 0, 2, 0, 0, 1, 0, 2, 0, 0, 2, 0, 0, 0, 0, 1, 1, 0, 0, 0, 0, 0, 0, 0, 0, 2, 2, 1, 3, 1, 1, 4, 0, 2, 5, 4, 2, 5, 1, 6, 2, 3, 107, 0, 0, 0, 0, 0, 0]",-1,-0.01715042587093533,-1,0
506,"[1, 0, 0, 1, 2, 0, 1, 1, 0, 0, 0, 0, 0, 0, 0, 0, 2, 0, 1, 0, 0, 2, 0, 0, 0, 0, 1, 0, 0, 0, 0, 0, 0, 0, 0, 0, 0, 0, 0, 0, 2, 0, 0, 1, 0, 2, 0, 0, 2, 0, 0, 0, 0, 1, 1, 0, 0, 0, 0, 0, 0, 0, 0, 2, 2, 1, 3, 1, 1, 4, 0, 2, 5, 4, 2, 5, 1, 6, 2, 3, 107, 1, 0, 0, 0, 0, 0]",3,0.3952678843689078,-1,0
507,"[1, 0, 0, 1, 2, 0, 1, 1, 0, 0, 0, 0, 0, 0, 0, 0, 2, 0, 1, 0, 0, 2, 0, 0, 0, 0, 1, 0, 0, 0, 0, 0, 0, 0, 0, 0, 0, 0, 0, 0, 2, 0, 0, 1, 0, 2, 0, 0, 2, 0, 0, 0, 0, 1, 1, 0, 0, 0, 0, 0, 0, 0, 0, 2, 2, 1, 3, 1, 1, 4, 0, 2, 5, 4, 2, 5, 1, 6, 2, 3, 107, 0, 0, 0, 0, 0, 0]",-1,-0.01715042587093533,-1,0
508,"[1, 0, 1, 1, 2, 0, 1, 1, 0, 0, 0, 0, 0, 0, 0, 0, 2, 0, 1, 0, 0, 2, 0, 0, 0, 0, 1, 0, 0, 0, 0, 0, 0, 0, 0, 0, 0, 0, 0, 0, 2, 0, 0, 1, 0, 2, 0, 0, 2, 0, 0, 0, 0, 1, 1, 0, 0, 0, 0, 0, 0, 0, 0, 2, 2, 1, 3, 1, 1, 4, 0, 2, 5, 4, 2, 5, 1, 6, 2, 3, 108, 0, 0, 0, 0, 0, 0]",4,10.562773650071446,-1,0
509,"[1, 0, 1, 1, 2, 0, 1, 1, 0, 0, 0, 0, 0, 0, 0, 0, 2, 0, 1, 0, 0, 2, 0, 0, 0, 0, 1, 0, 0, 0, 0, 0, 0, 0, 0, 0, 0, 0, 0, 0, 2, 0, 0, 1, 0, 2, 0, 0, 2, 0, 0, 0, 0, 1, 1, 0, 0, 0, 0, 0, 0, 0, 0, 2, 2, 1, 3, 1, 1, 4, 0, 2, 5, 4, 2, 5, 1, 6, 2, 3, 108, 1, 0, 0, 0, 0, 0]",3,0.39507951431945215,-1,1
510,"[1, 0, 1, 1, 2, 0, 1, 1, 0, 0, 0, 0, 0, 0, 0, 0, 2, 0, 1, 0, 0, 2, 0, 0, 0, 0, 1, 0, 0, 0, 0, 0, 0, 0, 0, 0, 0, 0, 0, 0, 2, 0, 0, 1, 0, 2, 0, 0, 2, 0, 0, 0, 0, 1, 1, 0, 0, 0, 0, 0, 0, 0, 0, 2, 2, 1, 3, 1, 1, 4, 0, 2, 5, 4, 2, 5, 1, 6, 2, 3, 108, 0, 0, 0, 0, 0, 0]",-1,-0.016979776282246957,-1,1
511,"[1, 0, 1, 1, 2, 0, 1, 1, 0, 0, 0, 0, 0, 0, 0, 0, 2, 0, 1, 0, 0, 2, 0, 0, 0, 0, 1, 0, 0, 0, 0, 0, 0, 0, 0, 0, 0, 0, 0, 0, 2, 0, 0, 1, 0, 2, 0, 0, 2, 0, 0, 0, 0, 1, 1, 0, 0, 0, 0, 0, 0, 0, 0, 2, 2, 1, 3, 1, 1, 4, 0, 2, 5, 4, 2, 5, 1, 6, 2, 3, 109, 0, 0, 0, 0, 0, 0]",4,10.402611958275934,-1,1
512,"[1, 0, 1, 1, 2, 0, 1, 1, 0, 0, 0, 0, 0, 0, 0, 0, 2, 0, 1, 0, 0, 2, 0, 0, 0, 0, 1, 0, 0, 0, 0, 0, 0, 0, 0, 0, 0, 0, 0, 0, 2, 0, 0, 1, 0, 2, 0, 0, 2, 0, 0, 0, 0, 1, 1, 0, 0, 0, 0, 0, 0, 0, 0, 2, 2, 1, 3, 1, 1, 4, 0, 2, 5, 4, 2, 5, 1, 6, 2, 3, 109, 0, 1, 0, 0, 0, 0]",2,0.5948838423375984,-1,0
513,"[1, 0, 1, 1, 2, 0, 1, 1, 0, 0, 0, 0, 0, 0, 0, 0, 2, 0, 1, 0, 0, 2, 0, 0, 0, 0, 1, 0, 0, 0, 0, 0, 0, 0, 0, 0, 0, 0, 0, 0, 2, 0, 0, 1, 0, 2, 0, 0, 2, 0, 0, 0, 0, 1, 1, 0, 0, 0, 0, 0, 0, 0, 0, 2, 2, 1, 3, 1, 1, 4, 0, 2, 5, 4, 2, 5, 1, 6, 2, 3, 109, 0, 0, 0, 0, 0, 0]",-1,-0.016810824685336668,-1,0
514,"[1, 0, 1, 1, 2, 0, 1, 1, 0, 0, 0, 0, 0, 0, 0, 0, 2, 0, 1, 0, 0, 2, 0, 0, 0, 0, 1, 0, 0, 0, 0, 0, 0, 0, 0, 0, 0, 0, 0, 0, 2, 0, 0, 1, 0, 2, 0, 0, 2, 0, 0, 0, 0, 1, 1, 0, 0, 0, 0, 0, 0, 0, 0, 2, 2, 1, 3, 1, 1, 4, 0, 2, 5, 4, 2, 5, 1, 6, 2, 3, 109, 1, 0, 0, 0, 0, 0]",3,0.3948838423375985,-1,0
515,"[1, 0, 1, 1, 2, 0, 1, 1, 0, 0, 0, 0, 0, 0, 0, 0, 2, 0, 1, 0, 0, 2, 0, 0, 0, 0, 1, 0, 0, 0, 0, 0, 0, 0, 0, 0, 0, 0, 0, 0, 2, 0, 0, 1, 0, 2, 0, 0, 2, 0, 0, 0, 0, 1, 1, 0, 0, 0, 0, 0, 0, 0, 0, 2, 2, 1, 3, 1, 1, 4, 0, 2, 5, 4, 2, 5, 1, 6, 2, 3, 109, 0, 0, 0, 0, 0, 0]",-1,-0.016810824685336668,-1,0
516,"[1, 0, 1, 1, 2, 0, 1, 1, 0, 0, 0, 0, 0, 0, 0, 0, 2, 0, 1, 0, 0, 2, 0, 0, 0, 0, 1, 0, 0, 0, 0, 0, 0, 0, 0, 0, 0, 0, 0, 0, 2, 0, 0, 1, 0, 2, 0, 0, 2, 0, 0, 0, 0, 1, 1, 0, 0, 0, 0, 0, 0, 0, 0, 2, 2, 1, 3, 1, 1, 4, 0, 2, 5, 4, 2, 5, 1, 6, 2, 3, 109, 1, 0, 0, 0, 0, 0]",3,0.3948838423375985,-1,0
517,"[1, 0, 1, 1, 2, 0, 1, 1, 0, 0, 0, 0, 0, 0, 0, 0, 2, 0, 1, 0, 0, 2, 0, 0, 0, 0, 1, 0, 0, 0, 0, 0, 0, 0, 0, 0, 0, 0, 0, 0, 2, 0, 0, 1, 0, 2, 0, 0, 2, 0, 0, 0, 0, 1, 1, 0, 0, 0, 0, 0, 0, 0, 0, 2, 2, 1, 3, 1, 1, 4, 0, 2, 5, 4, 2, 5, 1, 6, 2, 3, 109, 0, 0, 0, 0, 0, 0]",-1,-0.016810824685336668,-1,0
518,"[1, 0, 2, 1, 2, 0, 1, 1, 0, 0, 0, 0, 0, 0, 0, 0, 2, 0, 1, 0, 0, 2, 0, 0, 0, 0, 1, 0, 0, 0, 0, 0, 0, 0, 0, 0, 0, 0, 0, 0, 2, 0, 0, 1, 0, 2, 0, 0, 2, 0, 0, 0, 0, 1, 1, 0, 0, 0, 0, 0, 0, 0, 0, 2, 2, 1, 3, 1, 1, 4, 0, 2, 5, 4, 2, 5, 1, 6, 2, 3, 110, 0, 0, 0, 0, 0, 0]",4,10.402070814029141,-1,0
519,"[1, 0, 2, 1, 2, 0, 1, 1, 0, 0, 0, 0, 0, 0, 0, 0, 2, 0, 1, 0, 0, 2, 0, 0, 0, 0, 1, 0, 0, 0, 0, 0, 0, 0, 0, 0, 0, 0, 0, 0, 2, 0, 0, 1, 0, 2, 0, 0, 2, 0, 0, 0, 0, 1, 1, 0, 0, 0, 0, 0, 0, 0, 0, 2, 2, 1, 3, 1, 1, 4, 0, 2, 5, 4, 2, 5, 1, 6, 2, 3, 110, 1, 0, 0, 0, 0, 0]",3,0.39468060128462684,-1,1
520,"[1, 0, 2, 1, 2, 0, 1, 1, 0, 0, 0, 0, 0, 0, 0, 0, 2, 0, 1, 0, 0, 2, 0, 0, 0, 0, 1, 0, 0, 0, 0, 0, 0, 0, 0, 0, 0, 0, 0, 0, 2, 0, 0, 1, 0, 2, 0, 0, 2, 0, 0, 0, 0, 1, 1, 0, 0, 0, 0, 0, 0, 0, 0, 2, 2, 1, 3, 1, 1, 4, 0, 2, 5, 4, 2, 5, 1, 6, 2, 3, 110, 0, 0, 0, 0, 0, 0]",-1,-0.01664355418490398,-1,1
521,"[1, 0, 2, 1, 2, 0, 1, 1, 0, 0, 0, 0, 0, 0, 0, 0, 2, 0, 1, 0, 0, 2, 0, 0, 0, 0, 1, 0, 0, 0, 0, 0, 0, 0, 0, 0, 0, 0, 0, 0, 2, 0, 0, 1, 0, 2, 0, 0, 2, 0, 0, 0, 0, 1, 1, 0, 0, 0, 0, 0, 0, 0, 0, 2, 2, 1, 3, 1, 1, 4, 0, 2, 5, 4, 2, 5, 1, 6, 2, 3, 111, 0, 0, 0, 0, 0, 0]",4,10.401525187279086,-1,1
522,"[1, 0, 2, 1, 2, 0, 1, 1, 0, 0, 0, 0, 0, 0, 0, 0, 2, 0, 1, 0, 0, 2, 0, 0, 0, 0, 1, 0, 0, 0, 0, 0, 0, 0, 0, 0, 0, 0, 0, 0, 2, 0, 0, 1, 0, 2, 0, 0, 2, 0, 0, 0, 0, 1, 1, 0, 0, 0, 0, 0, 0, 0, 0, 2, 2, 1, 3, 1, 1, 4, 0, 2, 5, 4, 2, 5, 1, 6, 2, 3, 111, 1, 0, 0, 0, 0, 0]",3,0.3944695155354354,-1,0
523,"[1, 0, 0, 2, 2, 0, 1, 1, 0, 0, 0, 0, 0, 0, 0, 0, 2, 0, 1, 0, 0, 2, 0, 0, 0, 0, 1, 0, 0, 0, 0, 0, 0, 0, 0, 0, 0, 0, 0, 0, 2, 0, 0, 1, 0, 2, 0, 0, 2, 0, 0, 0, 0, 1, 1, 0, 0, 0, 0, 0, 0, 0, 0, 2, 2, 1, 3, 1, 1, 4, 0, 2, 5, 4, 2, 5, 1, 6, 2, 3, 111, 0, 0, 0, 0, 0, 0]","[[0 0 2 0]
 [0 0 0 1]]",-0.004072802553523574,-1,0
524,"[1, 0, 0, 2, 2, 0, 1, 1, 0, 0, 0, 0, 0, 0, 0, 0, 2, 0, 1, 0, 0, 2, 0, 0, 0, 0, 1, 0, 0, 0, 0, 0, 0, 0, 0, 0, 0, 0, 0, 0, 2, 0, 0, 1, 0, 2, 0, 0, 2, 0, 0, 0, 0, 1, 1, 0, 0, 0, 0, 0, 0, 0, 0, 2, 2, 1, 3, 1, 1, 4, 0, 2, 5, 4, 2, 5, 1, 6, 2, 3, 111, 0, 1, 0, 0, 0, 0]",2,0.5944695155354354,-1,0
525,"[1, 0, 0, 2, 2, 0, 1, 1, 0, 0, 0, 0, 0, 0, 0, 0, 2, 0, 1, 0, 0, 2, 0, 0, 0, 0, 1, 0, 0, 0, 0, 0, 0, 0, 0, 0, 0, 0, 0, 0, 2, 0, 0, 1, 0, 2, 0, 0, 2, 0, 0, 0, 0, 1, 1, 0, 0, 0, 0, 0, 0, 0, 0, 2, 2, 1, 3, 1, 1, 4, 0, 2, 5, 4, 2, 5, 1, 6, 2, 3, 111, 0, 1, 0, 0, 1, 0]","[[1 0 0 0]
 [0 0 1 0]]",0.8448943805935263,-1,0
526,"[0, 0, 1, 2, 3, 0, 0, 1, 0, 0, 0, 0, 0, 0, 0, 0, 2, 0, 1, 0, 0, 2, 0, 0, 0, 0, 1, 0, 0, 0, 0, 0, 0, 0, 0, 0, 0, 0, 0, 0, 2, 0, 0, 1, 0, 2, 0, 0, 2, 0, 0, 0, 0, 1, 1, 0, 0, 0, 0, 0, 0, 0, 0, 2, 2, 1, 3, 1, 1, 4, 0, 2, 5, 4, 2, 5, 1, 6, 2, 3, 111, 0, 0, 0, 0, 0, 0]",0,-0.005530484464564627,-1,1
527,"[0, 0, 2, 2, 3, 0, 0, 1, 0, 0, 0, 0, 0, 0, 0, 0, 2, 0, 1, 0, 0, 2, 0, 0, 0, 0, 1, 0, 0, 0, 0, 0, 0, 0, 0, 0, 0, 0, 0, 0, 2, 0, 0, 1, 0, 2, 0, 0, 2, 0, 0, 0, 0, 1, 1, 0, 0, 0, 0, 0, 0, 0, 0, 2, 2, 1, 3, 1, 1, 4, 0, 2, 5, 4, 2, 5, 1, 6, 2, 3, 112, 0, 0, 0, 0, 0, 0]",4,10.043268865863388,-1,0
528,"[0, 0, 3, 2, 3, 0, 0, 1, 0, 0, 0, 0, 0, 0, 0, 0, 2, 0, 1, 0, 0, 2, 0, 0, 0, 0, 1, 0, 0, 0, 0, 0, 0, 0, 0, 0, 0, 0, 0, 0, 2, 0, 0, 1, 0, 2, 0, 0, 2, 0, 0, 0, 0, 1, 1, 0, 0, 0, 0, 0, 0, 0, 0, 2, 2, 1, 3, 1, 1, 4, 0, 2, 5, 4, 2, 5, 1, 6, 2, 3, 113, 0, 0, 0, 0, 0, 0]",4,9.920125200774615,-1,1
529,"[0, 0, 3, 2, 3, 0, 0, 1, 0, 0, 0, 0, 0, 0, 0, 0, 2, 0, 1, 0, 0, 2, 0, 0, 0, 0, 1, 0, 0, 0, 0, 0, 0, 0, 0, 0, 0, 0, 0, 0, 2, 0, 0, 1, 0, 2, 0, 0, 2, 0, 0, 0, 0, 1, 1, 0, 0, 0, 0, 0, 0, 0, 0, 2, 2, 1, 3, 1, 1, 4, 0, 2, 5, 4, 2, 5, 1, 6, 2, 3, 113, 1, 0, 0, 0, 0, 0]",3,0.3940226640392728,-1,0
530,"[0, 1, 1, 2, 3, 0, 0, 1, 0, 0, 0, 0, 0, 0, 0, 0, 2, 0, 1, 0, 0, 2, 0, 0, 0, 0, 1, 0, 0, 0, 0, 0, 0, 0, 0, 0, 0, 0, 0, 0, 2, 0, 0, 1, 0, 2, 0, 0, 2, 0, 0, 0, 0, 1, 1, 0, 0, 0, 0, 0, 0, 0, 0, 2, 2, 1, 3, 1, 1, 4, 0, 2, 5, 4, 2, 5, 1, 6, 2, 3, 113, 0, 0, 0, 0, 0, 0]","[[0 0 2 0]
 [0 1 0 0]]",-0.004519654049686195,-1,0
531,"[0, 1, 1, 2, 3, 0, 0, 1, 0, 0, 0, 0, 0, 0, 0, 0, 2, 0, 1, 0, 0, 2, 0, 0, 0, 0, 1, 0, 0, 0, 0, 0, 0, 0, 0, 0, 0, 0, 0, 0, 2, 0, 0, 1, 0, 2, 0, 0, 2, 0, 0, 0, 0, 1, 1, 0, 0, 0, 0, 0, 0, 0, 0, 2, 2, 1, 3, 1, 1, 4, 0, 2, 5, 4, 2, 5, 1, 6, 2, 3, 113, 1, 0, 0, 0, 0, 0]",3,0.3940226640392728,-1,0
532,"[0, 1, 2, 0, 3, 0, 0, 1, 0, 0, 0, 0, 0, 0, 0, 0, 2, 0, 1, 0, 0, 2, 0, 0, 0, 0, 1, 0, 0, 0, 0, 0, 0, 0, 0, 0, 0, 0, 0, 0, 2, 0, 0, 1, 0, 2, 0, 0, 2, 0, 0, 0, 0, 1, 1, 0, 0, 0, 0, 0, 0, 0, 0, 2, 2, 1, 3, 1, 1, 4, 0, 2, 5, 4, 2, 5, 1, 6, 2, 3, 113, 0, 0, 0, 0, 0, 0]","[[0 0 0 2]
 [0 0 1 0]]",-0.004519654049686195,-1,0
533,"[0, 1, 2, 0, 3, 0, 0, 1, 0, 0, 0, 0, 0, 0, 0, 0, 2, 0, 1, 0, 0, 2, 0, 0, 0, 0, 1, 0, 0, 0, 0, 0, 0, 0, 0, 0, 0, 0, 0, 0, 2, 0, 0, 1, 0, 2, 0, 0, 2, 0, 0, 0, 0, 1, 1, 0, 0, 0, 0, 0, 0, 0, 0, 2, 2, 1, 3, 1, 1, 4, 0, 2, 5, 4, 2, 5, 1, 6, 2, 3, 113, 0, 1, 0, 0, 0, 0]",2,0.5940226640392727,-1,0
534,"[0, 1, 2, 0, 3, 0, 0, 1, 0, 0, 0, 0, 0, 0, 0, 0, 2, 0, 1, 0, 0, 2, 0, 0, 0, 0, 1, 0, 0, 0, 0, 0, 0, 0, 0, 0, 0, 0, 0, 0, 2, 0, 0, 1, 0, 2, 0, 0, 2, 0, 0, 0, 0, 1, 1, 0, 0, 0, 0, 0, 0, 0, 0, 2, 2, 1, 3, 1, 1, 4, 0, 2, 5, 4, 2, 5, 1, 6, 2, 3, 113, 0, 1, 0, 0, 1, 0]","[[0 1 0 0]
 [0 0 0 1]]",0.8444475290973636,-1,0
535,"[0, 1, 2, 0, 3, 0, 0, 1, 0, 0, 0, 0, 0, 0, 0, 0, 2, 0, 1, 0, 0, 2, 0, 0, 0, 0, 1, 0, 0, 0, 0, 0, 0, 0, 0, 0, 0, 0, 0, 0, 2, 0, 0, 1, 0, 2, 0, 0, 2, 0, 0, 0, 0, 1, 1, 0, 0, 0, 0, 0, 0, 0, 0, 2, 2, 1, 3, 1, 1, 4, 0, 2, 5, 4, 2, 5, 1, 6, 2, 3, 113, 0, 0, 0, 0, 0, 0]",1,-1.4201908983338223,-1,1
536,"[0, 1, 2, 0, 3, 0, 0, 1, 0, 0, 0, 0, 0, 0, 0, 0, 2, 0, 1, 0, 0, 2, 0, 0, 0, 0, 1, 0, 0, 0, 0, 0, 0, 0, 0, 0, 0, 0, 0, 0, 2, 0, 0, 1, 0, 2, 0, 0, 2, 0, 0, 0, 0, 1, 1, 0, 0, 0, 0, 0, 0, 0, 0, 2, 2, 1, 3, 1, 1, 4, 0, 2, 5, 4, 2, 5, 1, 6, 2, 3, 113, 0, 1, 0, 0, 0, 0]",2,0.5940226640392727,-1,0
537,"[0, 1, 2, 0, 3, 0, 0, 1, 0, 0, 0, 0, 0, 0, 0, 0, 2, 0, 1, 0, 0, 2, 0, 0, 0, 0, 1, 0, 0, 0, 0, 0, 0, 0, 0, 0, 0, 0, 0, 0, 2, 0, 0, 1, 0, 2, 0, 0, 2, 0, 0, 0, 0, 1, 1, 0, 0, 0, 0, 0, 0, 0, 0, 2, 2, 1, 3, 1, 1, 4, 0, 2, 5, 4, 2, 5, 1, 6, 2, 3, 113, 0, 1, 0, 0, 1, 0]","[[0 1 0 0]
 [1 0 0 0]]",0.8444475290973636,-1,0
538,"[0, 1, 2, 0, 3, 0, 0, 1, 0, 0, 0, 0, 0, 0, 0, 0, 2, 0, 1, 0, 0, 2, 0, 0, 0, 0, 1, 0, 0, 0, 0, 0, 0, 0, 0, 0, 0, 0, 0, 0, 2, 0, 0, 1, 0, 2, 0, 0, 2, 0, 0, 0, 0, 1, 1, 0, 0, 0, 0, 0, 0, 0, 0, 2, 2, 1, 3, 1, 1, 4, 0, 2, 5, 4, 2, 5, 1, 6, 2, 3, 113, 0, 0, 0, 0, 0, 0]",1,-1.4201908983338223,-1,1
539,"[1, 1, 2, 0, 4, 0, 0, 1, 0, 0, 0, 0, 0, 0, 0, 0, 2, 0, 1, 0, 0, 2, 0, 0, 0, 0, 1, 0, 0, 0, 0, 0, 0, 0, 0, 0, 0, 0, 0, 0, 2, 0, 0, 1, 0, 2, 0, 0, 2, 0, 0, 0, 0, 1, 1, 0, 0, 0, 0, 0, 0, 0, 0, 2, 2, 1, 3, 1, 1, 4, 0, 2, 5, 4, 2, 5, 1, 6, 2, 3, 114, 0, 0, 0, 0, 0, 0]",4,10.399858192184134,-1,0
540,"[1, 1, 2, 0, 4, 0, 0, 1, 0, 0, 0, 0, 0, 0, 0, 0, 2, 0, 1, 0, 0, 2, 0, 0, 0, 0, 1, 0, 0, 0, 0, 0, 0, 0, 0, 0, 0, 0, 0, 0, 2, 0, 0, 1, 0, 2, 0, 0, 2, 0, 0, 0, 0, 1, 1, 0, 0, 0, 0, 0, 0, 0, 0, 2, 2, 1, 3, 1, 1, 4, 0, 2, 5, 4, 2, 5, 1, 6, 2, 3, 114, 0, 0, 0, 0, 0, 0]",-1,-0.015990951090815192,-1,1
541,"[1, 1, 2, 0, 4, 0, 0, 1, 0, 0, 0, 0, 0, 0, 0, 0, 2, 0, 1, 0, 0, 2, 0, 0, 0, 0, 1, 0, 0, 0, 0, 0, 0, 0, 0, 0, 0, 0, 0, 0, 2, 0, 0, 1, 0, 2, 0, 0, 2, 0, 0, 0, 0, 1, 1, 0, 0, 0, 0, 0, 0, 0, 0, 2, 2, 1, 3, 1, 1, 4, 0, 2, 5, 4, 2, 5, 1, 6, 2, 3, 114, 0, 1, 0, 0, 0, 0]",2,0.5937863031680665,-1,0
542,"[1, 1, 2, 0, 4, 0, 0, 1, 0, 0, 0, 0, 0, 0, 0, 0, 2, 0, 1, 0, 0, 2, 0, 0, 0, 0, 1, 0, 0, 0, 0, 0, 0, 0, 0, 0, 0, 0, 0, 0, 2, 0, 0, 1, 0, 2, 0, 0, 2, 0, 0, 0, 0, 1, 1, 0, 0, 0, 0, 0, 0, 0, 0, 2, 2, 1, 3, 1, 1, 4, 0, 2, 5, 4, 2, 5, 1, 6, 2, 3, 114, 0, 1, 0, 0, 1, 0]","[[0 1 0 0]
 [0 0 0 1]]",0.8442111682261574,-1,0
543,"[1, 0, 2, 1, 4, 1, 0, 0, 0, 0, 0, 0, 0, 0, 0, 0, 2, 0, 1, 0, 0, 2, 0, 0, 0, 0, 1, 0, 0, 0, 0, 0, 0, 0, 0, 0, 0, 0, 0, 0, 2, 0, 0, 1, 0, 2, 0, 0, 2, 0, 0, 0, 0, 1, 1, 0, 0, 0, 0, 0, 0, 0, 0, 2, 2, 1, 3, 1, 1, 4, 0, 2, 5, 4, 2, 5, 1, 6, 2, 3, 114, 0, 0, 0, 0, 0, 0]",0,-0.0062136968319334825,-1,1
544,"[1, 0, 2, 1, 4, 1, 0, 0, 0, 0, 0, 0, 0, 0, 0, 0, 2, 0, 1, 0, 0, 2, 0, 0, 0, 0, 1, 0, 0, 0, 0, 0, 0, 0, 0, 0, 0, 0, 0, 0, 2, 0, 0, 1, 0, 2, 0, 0, 2, 0, 0, 0, 0, 1, 1, 0, 0, 0, 0, 0, 0, 0, 0, 2, 2, 1, 3, 1, 1, 4, 0, 2, 5, 4, 2, 5, 1, 6, 2, 3, 114, 0, 1, 0, 0, 0, 0]",2,0.5937863031680665,-1,0
545,"[1, 0, 2, 1, 4, 1, 0, 0, 0, 0, 0, 0, 0, 0, 0, 0, 2, 0, 1, 0, 0, 2, 0, 0, 0, 0, 1, 0, 0, 0, 0, 0, 0, 0, 0, 0, 0, 0, 0, 0, 2, 0, 0, 1, 0, 2, 0, 0, 2, 0, 0, 0, 0, 1, 1, 0, 0, 0, 0, 0, 0, 0, 0, 2, 2, 1, 3, 1, 1, 4, 0, 2, 5, 4, 2, 5, 1, 6, 2, 3, 114, 0, 1, 0, 0, 1, 0]","[[1 0 0 0]
 [0 1 0 0]]",0.8442111682261574,-1,0
546,"[1, 0, 2, 1, 4, 1, 0, 0, 0, 0, 0, 0, 0, 0, 0, 0, 2, 0, 1, 0, 0, 2, 0, 0, 0, 0, 1, 0, 0, 0, 0, 0, 0, 0, 0, 0, 0, 0, 0, 0, 2, 0, 0, 1, 0, 2, 0, 0, 2, 0, 0, 0, 0, 1, 1, 0, 0, 0, 0, 0, 0, 0, 0, 2, 2, 1, 3, 1, 1, 4, 0, 2, 5, 4, 2, 5, 1, 6, 2, 3, 114, 0, 0, 0, 0, 0, 0]",1,-1.4204272592050287,-1,1
547,"[1, 0, 3, 1, 4, 1, 0, 0, 0, 0, 0, 0, 0, 0, 0, 0, 2, 0, 1, 0, 0, 2, 0, 0, 0, 0, 1, 0, 0, 0, 0, 0, 0, 0, 0, 0, 0, 0, 0, 0, 2, 0, 0, 1, 0, 2, 0, 0, 2, 0, 0, 0, 0, 1, 1, 0, 0, 0, 0, 0, 0, 0, 0, 2, 2, 1, 3, 1, 1, 4, 0, 2, 5, 4, 2, 5, 1, 6, 2, 3, 115, 0, 0, 0, 0, 0, 0]",4,10.138478275557372,-1,0
548,"[1, 0, 1, 1, 2, 1, 0, 0, 0, 0, 0, 0, 0, 0, 0, 0, 2, 0, 1, 0, 0, 2, 0, 0, 0, 0, 1, 0, 0, 0, 0, 0, 0, 0, 0, 0, 0, 0, 0, 0, 2, 0, 0, 1, 0, 2, 0, 0, 2, 0, 0, 0, 0, 1, 1, 0, 0, 0, 0, 0, 0, 0, 0, 2, 2, 1, 3, 1, 1, 4, 0, 2, 5, 4, 2, 5, 1, 6, 2, 0, 116, 0, 0, 0, 0, 0, 0]",4,10.080618474101591,-1,1
549,"[1, 0, 1, 1, 2, 1, 0, 0, 0, 0, 0, 0, 0, 0, 0, 0, 2, 0, 1, 0, 0, 2, 0, 0, 0, 0, 1, 0, 0, 0, 0, 0, 0, 0, 0, 0, 0, 0, 0, 0, 2, 0, 0, 1, 0, 2, 0, 0, 2, 0, 0, 0, 0, 1, 1, 0, 0, 0, 0, 0, 0, 0, 0, 2, 2, 1, 3, 1, 1, 4, 0, 2, 5, 4, 2, 5, 1, 6, 2, 0, 116, 0, 1, 0, 0, 0, 0]",2,0.5932861553437034,-1,0
550,"[1, 0, 1, 1, 2, 1, 0, 0, 0, 0, 0, 0, 0, 0, 0, 0, 2, 0, 1, 0, 0, 2, 0, 0, 0, 0, 1, 0, 0, 0, 0, 0, 0, 0, 0, 0, 0, 0, 0, 0, 2, 0, 0, 1, 0, 2, 0, 0, 2, 0, 0, 0, 0, 1, 1, 0, 0, 0, 0, 0, 0, 0, 0, 2, 2, 1, 3, 1, 1, 4, 0, 2, 5, 4, 2, 5, 1, 6, 2, 0, 116, 0, 1, 0, 0, 1, 0]","[[1 0 0 0]
 [0 1 0 0]]",0.8437110204017944,-1,0
551,"[1, 0, 1, 1, 2, 1, 0, 0, 0, 0, 0, 0, 0, 0, 0, 0, 2, 0, 1, 0, 0, 2, 0, 0, 0, 0, 1, 0, 0, 0, 0, 0, 0, 0, 0, 0, 0, 0, 0, 0, 2, 0, 0, 1, 0, 2, 0, 0, 2, 0, 0, 0, 0, 1, 1, 0, 0, 0, 0, 0, 0, 0, 0, 2, 2, 1, 3, 1, 1, 4, 0, 2, 5, 4, 2, 5, 1, 6, 2, 0, 116, 0, 1, 0, 0, 0, 1]",2,-0.006713844656296505,-1,1
552,"[1, 0, 1, 1, 2, 1, 0, 0, 0, 0, 0, 0, 0, 0, 0, 0, 2, 0, 1, 0, 0, 2, 0, 0, 0, 0, 1, 0, 0, 0, 0, 0, 0, 0, 0, 0, 0, 0, 0, 0, 2, 0, 0, 1, 0, 2, 0, 0, 2, 0, 0, 0, 0, 1, 1, 0, 0, 0, 0, 0, 0, 0, 0, 2, 2, 1, 3, 1, 1, 4, 0, 2, 5, 4, 2, 5, 1, 6, 2, 0, 116, 0, 0, 0, 0, 0, 0]",-1,-0.015674309044130266,-1,1
553,"[1, 0, 1, 1, 2, 1, 0, 0, 0, 0, 0, 0, 0, 0, 0, 0, 2, 0, 1, 0, 0, 2, 0, 0, 0, 0, 1, 0, 0, 0, 0, 0, 0, 0, 0, 0, 0, 0, 0, 0, 2, 0, 0, 1, 0, 2, 0, 0, 2, 0, 0, 0, 0, 1, 1, 0, 0, 0, 0, 0, 0, 0, 0, 2, 2, 1, 3, 1, 1, 4, 0, 2, 5, 4, 2, 5, 1, 6, 2, 0, 116, 1, 0, 0, 0, 0, 0]",3,0.39328615534370354,-1,0
554,"[1, 0, 1, 1, 2, 1, 0, 0, 0, 0, 0, 0, 0, 0, 0, 0, 2, 0, 1, 0, 0, 2, 0, 0, 0, 0, 1, 0, 0, 0, 0, 0, 0, 0, 0, 0, 0, 0, 0, 0, 2, 0, 0, 1, 0, 2, 0, 0, 2, 0, 0, 0, 0, 1, 1, 0, 0, 0, 0, 0, 0, 0, 0, 2, 2, 1, 3, 1, 1, 4, 0, 2, 5, 4, 2, 5, 1, 6, 2, 0, 116, 0, 0, 0, 0, 0, 0]",-1,-0.015674309044130266,-1,0
555,"[1, 0, 1, 1, 2, 1, 0, 0, 0, 0, 0, 0, 0, 0, 0, 0, 2, 0, 1, 0, 0, 2, 0, 0, 0, 0, 1, 0, 0, 0, 0, 0, 0, 0, 0, 0, 0, 0, 0, 0, 2, 0, 0, 1, 0, 2, 0, 0, 2, 0, 0, 0, 0, 1, 1, 0, 0, 0, 0, 0, 0, 0, 0, 2, 2, 1, 3, 1, 1, 4, 0, 2, 5, 4, 2, 5, 1, 6, 2, 0, 116, 0, 1, 0, 0, 0, 0]",2,0.5932861553437034,-1,0
556,"[1, 0, 1, 1, 2, 1, 0, 0, 0, 0, 0, 0, 0, 0, 0, 0, 2, 0, 1, 0, 0, 2, 0, 0, 0, 0, 1, 0, 0, 0, 0, 0, 0, 0, 0, 0, 0, 0, 0, 0, 2, 0, 0, 1, 0, 2, 0, 0, 2, 0, 0, 0, 0, 1, 1, 0, 0, 0, 0, 0, 0, 0, 0, 2, 2, 1, 3, 1, 1, 4, 0, 2, 5, 4, 2, 5, 1, 6, 2, 0, 116, 0, 1, 0, 0, 1, 0]","[[0 0 1 0]
 [0 1 0 0]]",0.8437110204017944,-1,0
557,"[1, 1, 0, 1, 2, 0, 1, 0, 0, 0, 0, 0, 0, 0, 0, 0, 2, 0, 1, 0, 0, 2, 0, 0, 0, 0, 1, 0, 0, 0, 0, 0, 0, 0, 0, 0, 0, 0, 0, 0, 2, 0, 0, 1, 0, 2, 0, 0, 2, 0, 0, 0, 0, 1, 1, 0, 0, 0, 0, 0, 0, 0, 0, 2, 2, 1, 3, 1, 1, 4, 0, 2, 5, 4, 2, 5, 1, 6, 2, 0, 116, 0, 0, 0, 0, 0, 0]",0,-0.006713844656296505,-1,1
558,"[1, 1, 0, 1, 2, 0, 1, 0, 0, 0, 0, 0, 0, 0, 0, 0, 2, 0, 1, 0, 0, 2, 0, 0, 0, 0, 1, 0, 0, 0, 0, 0, 0, 0, 0, 0, 0, 0, 0, 0, 2, 0, 0, 1, 0, 2, 0, 0, 2, 0, 0, 0, 0, 1, 1, 0, 0, 0, 0, 0, 0, 0, 0, 2, 2, 1, 3, 1, 1, 4, 0, 2, 5, 4, 2, 5, 1, 6, 2, 0, 117, 0, 0, 0, 0, 0, 0]",4,10.557763620392038,-1,0
559,"[1, 1, 0, 1, 2, 0, 1, 0, 0, 0, 0, 0, 0, 0, 0, 0, 2, 0, 1, 0, 0, 2, 0, 0, 0, 0, 1, 0, 0, 0, 0, 0, 0, 0, 0, 0, 0, 0, 0, 0, 2, 0, 0, 1, 0, 2, 0, 0, 2, 0, 0, 0, 0, 1, 1, 0, 0, 0, 0, 0, 0, 0, 0, 2, 2, 1, 3, 1, 1, 4, 0, 2, 5, 4, 2, 5, 1, 6, 2, 0, 117, 1, 0, 0, 0, 0, 0]",3,0.3930217182936527,-1,1
560,"[1, 1, 0, 1, 2, 0, 1, 0, 0, 0, 0, 0, 0, 0, 0, 0, 2, 0, 1, 0, 0, 2, 0, 0, 0, 0, 1, 0, 0, 0, 0, 0, 0, 0, 0, 0, 0, 0, 0, 0, 2, 0, 0, 1, 0, 2, 0, 0, 2, 0, 0, 0, 0, 1, 1, 0, 0, 0, 0, 0, 0, 0, 0, 2, 2, 1, 3, 1, 1, 4, 0, 2, 5, 4, 2, 5, 1, 6, 2, 0, 117, 0, 0, 0, 0, 0, 0]",-1,-0.015518347063274252,-1,1
561,"[1, 1, 0, 1, 2, 0, 1, 0, 0, 0, 0, 0, 0, 0, 0, 0, 2, 0, 1, 0, 0, 2, 0, 0, 0, 0, 1, 0, 0, 0, 0, 0, 0, 0, 0, 0, 0, 0, 0, 0, 2, 0, 0, 1, 0, 2, 0, 0, 2, 0, 0, 0, 0, 1, 1, 0, 0, 0, 0, 0, 0, 0, 0, 2, 2, 1, 3, 1, 1, 4, 0, 2, 5, 4, 2, 5, 1, 6, 2, 0, 117, 1, 0, 0, 0, 0, 0]",3,0.3930217182936527,-1,0
562,"[1, 1, 0, 1, 2, 0, 1, 0, 0, 0, 0, 0, 0, 0, 0, 0, 2, 0, 1, 0, 0, 2, 0, 0, 0, 0, 1, 0, 0, 0, 0, 0, 0, 0, 0, 0, 0, 0, 0, 0, 2, 0, 0, 1, 0, 2, 0, 0, 2, 0, 0, 0, 0, 1, 1, 0, 0, 0, 0, 0, 0, 0, 0, 2, 2, 1, 3, 1, 1, 4, 0, 2, 5, 4, 2, 5, 1, 6, 2, 0, 117, 0, 0, 0, 0, 0, 0]",-1,-0.015518347063274252,-1,0
563,"[1, 1, 0, 1, 2, 0, 1, 0, 0, 0, 0, 0, 0, 0, 0, 0, 2, 0, 1, 0, 0, 2, 0, 0, 0, 0, 1, 0, 0, 0, 0, 0, 0, 0, 0, 0, 0, 0, 0, 0, 2, 0, 0, 1, 0, 2, 0, 0, 2, 0, 0, 0, 0, 1, 1, 0, 0, 0, 0, 0, 0, 0, 0, 2, 2, 1, 3, 1, 1, 4, 0, 2, 5, 4, 2, 5, 1, 6, 2, 0, 117, 0, 1, 0, 0, 0, 0]",2,0.5930217182936526,-1,0
564,"[1, 1, 0, 1, 2, 0, 1, 0, 0, 0, 0, 0, 0, 0, 0, 0, 2, 0, 1, 0, 0, 2, 0, 0, 0, 0, 1, 0, 0, 0, 0, 0, 0, 0, 0, 0, 0, 0, 0, 0, 2, 0, 0, 1, 0, 2, 0, 0, 2, 0, 0, 0, 0, 1, 1, 0, 0, 0, 0, 0, 0, 0, 0, 2, 2, 1, 3, 1, 1, 4, 0, 2, 5, 4, 2, 5, 1, 6, 2, 0, 117, 0, 1, 0, 0, 1, 0]","[[0 0 0 1]
 [1 0 0 0]]",0.8434465833517435,-1,0
565,"[2, 1, 0, 0, 1, 0, 1, 1, 0, 0, 0, 0, 0, 0, 0, 0, 2, 0, 1, 0, 0, 2, 0, 0, 0, 0, 1, 0, 0, 0, 0, 0, 0, 0, 0, 0, 0, 0, 0, 0, 2, 0, 0, 1, 0, 2, 0, 0, 2, 0, 0, 0, 0, 1, 1, 0, 0, 0, 0, 0, 0, 0, 0, 2, 2, 1, 3, 1, 1, 4, 0, 2, 5, 4, 2, 5, 1, 6, 2, 0, 117, 0, 0, 0, 0, 0, 0]",0,-0.006978281706347366,-1,1
566,"[3, 1, 0, 0, 2, 0, 1, 1, 0, 0, 0, 0, 0, 0, 0, 0, 2, 0, 1, 0, 0, 2, 0, 0, 0, 0, 1, 0, 0, 0, 0, 0, 0, 0, 0, 0, 0, 0, 0, 0, 2, 0, 0, 1, 0, 2, 0, 0, 2, 0, 0, 0, 0, 1, 1, 0, 0, 0, 0, 0, 0, 0, 0, 2, 2, 1, 3, 1, 1, 4, 0, 2, 5, 4, 2, 5, 1, 6, 2, 0, 118, 0, 0, 0, 0, 0, 0]",4,9.917258508124657,-1,0
567,"[3, 1, 0, 0, 2, 0, 1, 1, 0, 0, 0, 0, 0, 0, 0, 0, 2, 0, 1, 0, 0, 2, 0, 0, 0, 0, 1, 0, 0, 0, 0, 0, 0, 0, 0, 0, 0, 0, 0, 0, 2, 0, 0, 1, 0, 2, 0, 0, 2, 0, 0, 0, 0, 1, 1, 0, 0, 0, 0, 0, 0, 0, 0, 2, 2, 1, 3, 1, 1, 4, 0, 2, 5, 4, 2, 5, 1, 6, 2, 0, 118, 0, 0, 0, 0, 0, 0]",-1,-0.015363936930056563,-1,1
568,"[3, 1, 0, 0, 2, 0, 1, 1, 0, 0, 0, 0, 0, 0, 0, 0, 2, 0, 1, 0, 0, 2, 0, 0, 0, 0, 1, 0, 0, 0, 0, 0, 0, 0, 0, 0, 0, 0, 0, 0, 2, 0, 0, 1, 0, 2, 0, 0, 2, 0, 0, 0, 0, 1, 1, 0, 0, 0, 0, 0, 0, 0, 0, 2, 2, 1, 3, 1, 1, 4, 0, 2, 5, 4, 2, 5, 1, 6, 2, 0, 118, 0, 0, 0, 0, 0, 0]",0,0.5784092752989232,-1,0
569,"[2, 0, 0, 0, 2, 0, 1, 1, 0, 0, 0, 0, 0, 0, 0, 0, 2, 0, 1, 0, 0, 2, 0, 0, 0, 0, 1, 0, 0, 0, 0, 0, 0, 0, 0, 0, 0, 0, 0, 0, 2, 0, 0, 1, 0, 2, 0, 1, 2, 0, 0, 0, 0, 1, 1, 0, 0, 0, 0, 0, 0, 0, 0, 2, 2, 1, 3, 1, 1, 4, 0, 2, 5, 4, 2, 5, 1, 6, 2, 0, 118, 0, 0, 0, 0, 0, 0]",15,0.7841387293990254,-1,0
570,"[2, 0, 0, 0, 2, 0, 1, 1, 0, 0, 0, 0, 0, 0, 0, 0, 2, 0, 1, 0, 0, 2, 0, 0, 0, 0, 1, 0, 0, 0, 0, 0, 0, 0, 0, 0, 0, 0, 0, 0, 2, 0, 0, 1, 0, 2, 0, 1, 2, 0, 0, 0, 0, 1, 1, 0, 0, 0, 0, 0, 0, 0, 0, 2, 2, 1, 3, 1, 1, 4, 0, 2, 5, 4, 2, 5, 1, 6, 2, 0, 118, 1, 0, 0, 0, 0, 0]",3,0.3927472567250704,-1,0
571,"[0, 1, 0, 0, 2, 0, 1, 1, 0, 0, 0, 0, 0, 0, 0, 0, 2, 0, 1, 0, 0, 2, 0, 0, 0, 0, 1, 0, 0, 0, 0, 0, 0, 0, 0, 0, 0, 0, 0, 0, 2, 0, 0, 1, 0, 2, 0, 1, 2, 0, 0, 0, 0, 1, 1, 0, 0, 0, 0, 0, 0, 0, 0, 2, 2, 1, 3, 1, 1, 4, 0, 2, 5, 4, 2, 5, 1, 6, 2, 0, 118, 0, 0, 0, 0, 0, 0]","[[2 0 0 0]
 [0 1 0 0]]",-0.005795061363888614,-1,0
572,"[0, 1, 0, 0, 2, 0, 1, 1, 0, 0, 0, 0, 0, 0, 0, 0, 2, 0, 1, 0, 0, 2, 0, 0, 0, 0, 1, 0, 0, 0, 0, 0, 0, 0, 0, 0, 0, 0, 0, 0, 2, 0, 0, 1, 0, 2, 0, 1, 2, 0, 0, 0, 0, 1, 1, 0, 0, 0, 0, 0, 0, 0, 0, 2, 2, 1, 3, 1, 1, 4, 0, 2, 5, 4, 2, 5, 1, 6, 2, 0, 118, 1, 0, 0, 0, 0, 0]",3,0.3927472567250704,-1,0
573,"[0, 1, 0, 0, 2, 0, 1, 1, 0, 0, 0, 0, 0, 0, 0, 0, 2, 0, 1, 0, 0, 2, 0, 0, 0, 0, 1, 0, 0, 0, 0, 0, 0, 0, 0, 0, 0, 0, 0, 0, 2, 0, 0, 1, 0, 2, 0, 1, 2, 0, 0, 0, 0, 1, 1, 0, 0, 0, 0, 0, 0, 0, 0, 2, 2, 1, 3, 1, 1, 4, 0, 2, 5, 4, 2, 5, 1, 6, 2, 0, 118, 0, 0, 0, 0, 0, 0]",-1,-0.015363936930056563,-1,0
574,"[0, 1, 0, 0, 2, 0, 1, 1, 0, 0, 0, 0, 0, 0, 0, 0, 2, 0, 1, 0, 0, 2, 0, 0, 0, 0, 1, 0, 0, 0, 0, 0, 0, 0, 0, 0, 0, 0, 0, 0, 2, 0, 0, 1, 0, 2, 0, 1, 2, 0, 0, 0, 0, 1, 1, 0, 0, 0, 0, 0, 0, 0, 0, 2, 2, 1, 3, 1, 1, 4, 0, 2, 5, 4, 2, 5, 1, 6, 2, 0, 118, 0, 1, 0, 0, 0, 0]",2,0.5927472567250703,-1,0
575,"[0, 1, 0, 0, 2, 0, 1, 1, 0, 0, 0, 0, 0, 0, 0, 0, 2, 0, 1, 0, 0, 2, 0, 0, 0, 0, 1, 0, 0, 0, 0, 0, 0, 0, 0, 0, 0, 0, 0, 0, 2, 0, 0, 1, 0, 2, 0, 1, 2, 0, 0, 0, 0, 1, 1, 0, 0, 0, 0, 0, 0, 0, 0, 2, 2, 1, 3, 1, 1, 4, 0, 2, 5, 4, 2, 5, 1, 6, 2, 0, 118, 0, 1, 0, 0, 1, 0]","[[0 1 0 0]
 [0 0 1 0]]",0.8431721217831613,-1,0
576,"[0, 1, 0, 0, 2, 0, 1, 1, 0, 0, 0, 0, 0, 0, 0, 0, 2, 0, 1, 0, 0, 2, 0, 0, 0, 0, 1, 0, 0, 0, 0, 0, 0, 0, 0, 0, 0, 0, 0, 0, 2, 0, 0, 1, 0, 2, 0, 1, 2, 0, 0, 0, 0, 1, 1, 0, 0, 0, 0, 0, 0, 0, 0, 2, 2, 1, 3, 1, 1, 4, 0, 2, 5, 4, 2, 5, 1, 6, 2, 0, 118, 0, 0, 0, 0, 0, 0]",1,-1.4214663056480248,-1,1
577,"[0, 1, 0, 0, 2, 0, 1, 1, 0, 0, 0, 0, 0, 0, 0, 0, 2, 0, 1, 0, 0, 2, 0, 0, 0, 0, 1, 0, 0, 0, 0, 0, 0, 0, 0, 0, 0, 0, 0, 0, 2, 0, 0, 1, 0, 2, 0, 1, 2, 0, 0, 0, 0, 1, 1, 0, 0, 0, 0, 0, 0, 0, 0, 2, 2, 1, 3, 1, 1, 4, 0, 2, 5, 4, 2, 5, 1, 6, 2, 0, 118, 0, 1, 0, 0, 0, 0]",2,0.5927472567250703,-1,0
578,"[0, 1, 0, 0, 2, 0, 1, 1, 0, 0, 0, 0, 0, 0, 0, 0, 2, 0, 1, 0, 0, 2, 0, 0, 0, 0, 1, 0, 0, 0, 0, 0, 0, 0, 0, 0, 0, 0, 0, 0, 2, 0, 0, 1, 0, 2, 0, 1, 2, 0, 0, 0, 0, 1, 1, 0, 0, 0, 0, 0, 0, 0, 0, 2, 2, 1, 3, 1, 1, 4, 0, 2, 5, 4, 2, 5, 1, 6, 2, 0, 118, 0, 1, 0, 0, 1, 0]","[[0 1 0 0]
 [0 0 1 0]]",0.8431721217831613,-1,0
579,"[0, 0, 1, 0, 2, 1, 0, 1, 0, 0, 0, 0, 0, 0, 0, 0, 2, 0, 1, 0, 0, 2, 0, 0, 0, 0, 1, 0, 0, 0, 0, 0, 0, 0, 0, 0, 0, 0, 0, 0, 2, 0, 0, 1, 0, 2, 0, 1, 2, 0, 0, 0, 0, 1, 1, 0, 0, 0, 0, 0, 0, 0, 0, 2, 2, 1, 3, 1, 1, 4, 0, 2, 5, 4, 2, 5, 1, 6, 2, 0, 118, 0, 0, 0, 0, 0, 0]",0,-0.0072527432749296674,-1,1
580,"[0, 0, 1, 0, 3, 1, 0, 1, 0, 0, 0, 0, 0, 0, 0, 0, 2, 0, 1, 0, 0, 2, 0, 0, 0, 0, 1, 0, 0, 0, 0, 0, 0, 0, 0, 0, 0, 0, 0, 0, 2, 0, 0, 1, 0, 2, 0, 1, 2, 0, 0, 0, 0, 1, 1, 0, 0, 0, 0, 0, 0, 0, 0, 2, 2, 1, 3, 1, 1, 4, 0, 2, 5, 4, 2, 5, 1, 6, 2, 0, 119, 0, 0, 0, 0, 0, 0]",4,11.519932115675523,-1,0
581,"[0, 0, 1, 0, 3, 1, 0, 1, 0, 0, 0, 0, 0, 0, 0, 0, 2, 0, 1, 0, 0, 2, 0, 0, 0, 0, 1, 0, 0, 0, 0, 0, 0, 0, 0, 0, 0, 0, 0, 0, 2, 0, 0, 1, 0, 2, 0, 1, 2, 0, 0, 0, 0, 1, 1, 0, 0, 0, 0, 0, 0, 0, 0, 2, 2, 1, 3, 1, 1, 4, 0, 2, 5, 4, 2, 5, 1, 6, 2, 0, 119, 0, 0, 0, 0, 0, 0]",-1,-0.015211063203335205,-1,1
582,"[0, 0, 2, 0, 3, 1, 0, 1, 0, 0, 0, 0, 0, 0, 0, 0, 2, 0, 1, 0, 0, 2, 0, 0, 0, 0, 1, 0, 0, 0, 0, 0, 0, 0, 0, 0, 0, 0, 0, 0, 2, 0, 0, 1, 0, 2, 0, 1, 2, 0, 0, 0, 0, 1, 1, 0, 0, 0, 0, 0, 0, 0, 0, 2, 2, 1, 3, 1, 1, 4, 0, 2, 5, 4, 2, 5, 1, 6, 2, 0, 120, 0, 0, 0, 0, 0, 0]",4,11.19751894759264,-1,0
583,"[0, 0, 3, 0, 3, 1, 0, 1, 0, 0, 0, 0, 0, 0, 0, 0, 2, 0, 1, 0, 0, 2, 0, 0, 0, 0, 1, 0, 0, 0, 0, 0, 0, 0, 0, 0, 0, 0, 0, 0, 2, 0, 0, 1, 0, 2, 0, 1, 2, 0, 0, 0, 0, 1, 1, 0, 0, 0, 0, 0, 0, 0, 0, 2, 2, 1, 3, 1, 1, 4, 0, 2, 5, 4, 2, 5, 1, 6, 2, 0, 121, 0, 0, 0, 0, 0, 0]",4,10.134935076792356,-1,1
584,"[0, 0, 3, 0, 3, 1, 0, 1, 0, 0, 0, 0, 0, 0, 0, 0, 2, 0, 1, 0, 0, 2, 0, 0, 0, 0, 1, 0, 0, 0, 0, 0, 0, 0, 0, 0, 0, 0, 0, 0, 2, 0, 0, 1, 0, 2, 0, 1, 2, 0, 0, 0, 0, 1, 1, 0, 0, 0, 0, 0, 0, 0, 0, 2, 2, 1, 3, 1, 1, 4, 0, 2, 5, 4, 2, 5, 1, 6, 2, 0, 121, 0, 1, 0, 0, 0, 0]",2,0.5918601892857067,-1,0
585,"[0, 0, 3, 0, 3, 1, 0, 1, 0, 0, 0, 0, 0, 0, 0, 0, 2, 0, 1, 0, 0, 2, 0, 0, 0, 0, 1, 0, 0, 0, 0, 0, 0, 0, 0, 0, 0, 0, 0, 0, 2, 0, 0, 1, 0, 2, 0, 1, 2, 0, 0, 0, 0, 1, 1, 0, 0, 0, 0, 0, 0, 0, 0, 2, 2, 1, 3, 1, 1, 4, 0, 2, 5, 4, 2, 5, 1, 6, 2, 0, 121, 0, 1, 0, 0, 1, 0]","[[0 0 1 0]
 [0 1 0 0]]",0.8422850543437976,-1,0
586,"[0, 1, 2, 0, 3, 0, 1, 1, 0, 0, 0, 0, 0, 0, 0, 0, 2, 0, 1, 0, 0, 2, 0, 0, 0, 0, 1, 0, 0, 0, 0, 0, 0, 0, 0, 0, 0, 0, 0, 0, 2, 0, 0, 1, 0, 2, 0, 1, 2, 0, 0, 0, 0, 1, 1, 0, 0, 0, 0, 0, 0, 0, 0, 2, 2, 1, 3, 1, 1, 4, 0, 2, 5, 4, 2, 5, 1, 6, 2, 0, 121, 0, 0, 0, 0, 0, 0]",0,-0.008139810714293297,-1,1
587,"[0, 1, 2, 0, 3, 0, 1, 1, 0, 0, 0, 0, 0, 0, 0, 0, 2, 0, 1, 0, 0, 2, 0, 0, 0, 0, 1, 0, 0, 0, 0, 0, 0, 0, 0, 0, 0, 0, 0, 0, 2, 0, 0, 1, 0, 2, 0, 1, 2, 0, 0, 0, 0, 1, 1, 0, 0, 0, 0, 0, 0, 0, 0, 2, 2, 1, 3, 1, 1, 4, 0, 2, 5, 4, 2, 5, 1, 6, 2, 0, 121, 1, 0, 0, 0, 0, 0]",3,0.3918601892857067,-1,0
588,"[1, 1, 0, 0, 3, 0, 1, 1, 0, 0, 0, 0, 0, 0, 0, 0, 2, 0, 1, 0, 0, 2, 0, 0, 0, 0, 1, 0, 0, 0, 0, 0, 0, 0, 0, 0, 0, 0, 0, 0, 2, 0, 0, 1, 0, 2, 0, 1, 2, 0, 0, 0, 0, 1, 1, 0, 0, 0, 0, 0, 0, 0, 0, 2, 2, 1, 3, 1, 1, 4, 0, 2, 5, 4, 2, 5, 1, 6, 2, 0, 121, 0, 0, 0, 0, 0, 0]","[[0 0 2 0]
 [1 0 0 0]]",-0.006682128803252244,-1,0
589,"[1, 1, 0, 0, 3, 0, 1, 1, 0, 0, 0, 0, 0, 0, 0, 0, 2, 0, 1, 0, 0, 2, 0, 0, 0, 0, 1, 0, 0, 0, 0, 0, 0, 0, 0, 0, 0, 0, 0, 0, 2, 0, 0, 1, 0, 2, 0, 1, 2, 0, 0, 0, 0, 1, 1, 0, 0, 0, 0, 0, 0, 0, 0, 2, 2, 1, 3, 1, 1, 4, 0, 2, 5, 4, 2, 5, 1, 6, 2, 0, 121, 1, 0, 0, 0, 0, 0]",3,0.3918601892857067,-1,0
590,"[1, 1, 0, 0, 3, 0, 1, 1, 0, 0, 0, 0, 0, 0, 0, 0, 2, 0, 1, 0, 0, 2, 0, 0, 0, 0, 1, 0, 0, 0, 0, 0, 0, 0, 0, 0, 0, 0, 0, 0, 2, 0, 0, 1, 0, 2, 0, 1, 2, 0, 0, 0, 0, 1, 1, 0, 0, 0, 0, 0, 0, 0, 0, 2, 2, 1, 3, 1, 1, 4, 0, 2, 5, 4, 2, 5, 1, 6, 2, 0, 121, 0, 0, 0, 0, 0, 0]",-1,-0.01490986397149437,-1,0
591,"[2, 1, 0, 0, 4, 0, 1, 1, 0, 0, 0, 0, 0, 0, 0, 0, 2, 0, 1, 0, 0, 2, 0, 0, 0, 0, 1, 0, 0, 0, 0, 0, 0, 0, 0, 0, 0, 0, 0, 0, 2, 0, 0, 1, 0, 2, 0, 1, 2, 0, 0, 0, 0, 1, 1, 0, 0, 0, 0, 0, 0, 0, 0, 2, 2, 1, 3, 1, 1, 4, 0, 2, 5, 4, 2, 5, 1, 6, 2, 0, 122, 0, 0, 0, 0, 0, 0]",4,11.477030415394566,-1,0
592,"[2, 1, 0, 0, 4, 0, 1, 1, 0, 0, 0, 0, 0, 0, 0, 0, 2, 0, 1, 0, 0, 2, 0, 0, 0, 0, 1, 0, 0, 0, 0, 0, 0, 0, 0, 0, 0, 0, 0, 0, 2, 0, 0, 1, 0, 2, 0, 1, 2, 0, 0, 0, 0, 1, 1, 0, 0, 0, 0, 0, 0, 0, 0, 2, 2, 1, 3, 1, 1, 4, 0, 2, 5, 4, 2, 5, 1, 6, 2, 0, 122, 0, 0, 0, 0, 0, 0]",-1,-0.014761508346200712,-1,1
593,"[2, 1, 0, 0, 4, 0, 1, 1, 0, 0, 0, 0, 0, 0, 0, 0, 2, 0, 1, 0, 0, 2, 0, 0, 0, 0, 1, 0, 0, 0, 0, 0, 0, 0, 0, 0, 0, 0, 0, 0, 2, 0, 0, 1, 0, 2, 0, 1, 2, 0, 0, 0, 0, 1, 1, 0, 0, 0, 0, 0, 0, 0, 0, 2, 2, 1, 3, 1, 1, 4, 0, 2, 5, 4, 2, 5, 1, 6, 2, 0, 122, 0, 0, 0, 0, 0, 0]",0,0.577204064205446,-1,1
594,"[2, 1, 0, 0, 4, 0, 1, 1, 0, 0, 0, 0, 0, 0, 0, 0, 2, 0, 1, 0, 0, 2, 0, 0, 0, 0, 1, 0, 0, 0, 0, 0, 0, 0, 0, 0, 0, 0, 0, 0, 2, 0, 0, 1, 0, 2, 0, 1, 2, 0, 0, 0, 0, 1, 1, 0, 0, 0, 0, 0, 0, 0, 0, 2, 2, 1, 3, 1, 1, 4, 0, 2, 5, 4, 2, 5, 1, 6, 2, 0, 122, 0, 0, 0, 0, 0, 0]",-1,-0.014761508346200712,-1,1
595,"[2, 1, 0, 0, 4, 0, 1, 1, 0, 0, 0, 0, 0, 0, 0, 0, 2, 0, 1, 0, 0, 2, 0, 0, 0, 0, 1, 0, 0, 0, 0, 0, 0, 0, 0, 0, 0, 0, 0, 0, 2, 0, 0, 1, 0, 2, 0, 1, 2, 0, 0, 0, 0, 1, 1, 0, 0, 0, 0, 0, 0, 0, 0, 2, 2, 1, 3, 1, 1, 4, 0, 2, 5, 4, 2, 5, 1, 6, 2, 0, 123, 0, 0, 0, 0, 0, 0]",4,9.966503280202462,-1,1
596,"[2, 1, 0, 0, 4, 0, 1, 1, 0, 0, 0, 0, 0, 0, 0, 0, 2, 0, 1, 0, 0, 2, 0, 0, 0, 0, 1, 0, 0, 0, 0, 0, 0, 0, 0, 0, 0, 0, 0, 0, 2, 0, 0, 1, 0, 2, 0, 1, 2, 0, 0, 0, 0, 1, 1, 0, 0, 0, 0, 0, 0, 0, 0, 2, 2, 1, 3, 1, 1, 4, 0, 2, 5, 4, 2, 5, 1, 6, 2, 0, 123, 0, 1, 0, 0, 0, 0]",2,0.5912120369207717,-1,0
597,"[2, 1, 0, 0, 4, 0, 1, 1, 0, 0, 0, 0, 0, 0, 0, 0, 2, 0, 1, 0, 0, 2, 0, 0, 0, 0, 1, 0, 0, 0, 0, 0, 0, 0, 0, 0, 0, 0, 0, 0, 2, 0, 0, 1, 0, 2, 0, 1, 2, 0, 0, 0, 0, 1, 1, 0, 0, 0, 0, 0, 0, 0, 0, 2, 2, 1, 3, 1, 1, 4, 0, 2, 5, 4, 2, 5, 1, 6, 2, 0, 123, 0, 1, 0, 0, 1, 0]","[[1 0 0 0]
 [0 0 0 1]]",0.8416369019788627,-1,0
598,"[2, 1, 0, 0, 4, 0, 1, 1, 0, 0, 0, 0, 0, 0, 0, 0, 2, 0, 1, 0, 0, 2, 0, 0, 0, 0, 1, 0, 0, 0, 0, 0, 0, 0, 0, 0, 0, 0, 0, 0, 2, 0, 0, 1, 0, 2, 0, 1, 2, 0, 0, 0, 0, 1, 1, 0, 0, 0, 0, 0, 0, 0, 0, 2, 2, 1, 3, 1, 1, 4, 0, 2, 5, 4, 2, 5, 1, 6, 2, 0, 123, 0, 0, 0, 0, 0, 0]",1,-1.4230015254523234,-1,1
599,"[2, 1, 0, 0, 4, 0, 1, 2, 0, 0, 0, 0, 0, 0, 0, 0, 2, 0, 1, 0, 0, 2, 0, 0, 0, 0, 1, 0, 0, 0, 0, 0, 0, 0, 0, 0, 0, 0, 0, 0, 2, 0, 0, 1, 0, 2, 0, 1, 2, 0, 0, 0, 0, 1, 1, 0, 0, 0, 0, 0, 0, 0, 0, 2, 2, 1, 3, 1, 1, 4, 0, 2, 5, 4, 2, 5, 1, 6, 2, 0, 124, 0, 0, 0, 0, 0, 0]",4,11.475767665431182,-1,0
600,"[2, 1, 0, 0, 4, 0, 1, 2, 0, 0, 0, 0, 0, 0, 0, 0, 2, 0, 1, 0, 0, 2, 0, 0, 0, 0, 1, 0, 0, 0, 0, 0, 0, 0, 0, 0, 0, 0, 0, 0, 2, 0, 0, 1, 0, 2, 0, 1, 2, 0, 0, 0, 0, 1, 1, 0, 0, 0, 0, 0, 0, 0, 0, 2, 2, 1, 3, 1, 1, 4, 0, 2, 5, 4, 2, 5, 1, 6, 2, 0, 124, 1, 0, 0, 0, 0, 0]",3,0.3908697658431113,-1,1
601,"[2, 1, 0, 0, 4, 0, 1, 2, 0, 0, 0, 0, 0, 0, 0, 0, 2, 0, 1, 0, 0, 2, 0, 0, 0, 0, 1, 0, 0, 0, 0, 0, 0, 0, 0, 0, 0, 0, 0, 0, 2, 0, 0, 1, 0, 2, 0, 1, 2, 0, 0, 0, 0, 1, 1, 0, 0, 0, 0, 0, 0, 0, 0, 2, 2, 1, 3, 1, 1, 4, 0, 2, 5, 4, 2, 5, 1, 6, 2, 0, 124, 0, 0, 0, 0, 0, 0]",-1,-0.014469210896952531,-1,1
602,"[2, 1, 0, 0, 4, 0, 1, 2, 0, 0, 0, 0, 0, 0, 0, 0, 2, 0, 1, 0, 0, 2, 0, 0, 0, 0, 1, 0, 0, 0, 0, 0, 0, 0, 0, 0, 0, 0, 0, 0, 2, 0, 0, 1, 0, 2, 0, 1, 2, 0, 0, 0, 0, 1, 1, 0, 0, 0, 0, 0, 0, 0, 0, 2, 2, 1, 3, 1, 1, 4, 0, 2, 5, 4, 2, 5, 1, 6, 2, 0, 124, 1, 0, 0, 0, 0, 0]",3,0.3908697658431113,-1,0
603,"[0, 1, 1, 0, 4, 0, 1, 2, 0, 0, 0, 0, 0, 0, 0, 0, 2, 0, 1, 0, 0, 2, 0, 0, 0, 0, 1, 0, 0, 0, 0, 0, 0, 0, 0, 0, 0, 0, 0, 0, 2, 0, 0, 1, 0, 2, 0, 1, 2, 0, 0, 0, 0, 1, 1, 0, 0, 0, 0, 0, 0, 0, 0, 2, 2, 1, 3, 1, 1, 4, 0, 2, 5, 4, 2, 5, 1, 6, 2, 0, 124, 0, 0, 0, 0, 0, 0]","[[2 0 0 0]
 [0 0 1 0]]",-0.007672552245847691,-1,0
604,"[0, 1, 1, 0, 4, 0, 1, 2, 0, 0, 0, 0, 0, 0, 0, 0, 2, 0, 1, 0, 0, 2, 0, 0, 0, 0, 1, 0, 0, 0, 0, 0, 0, 0, 0, 0, 0, 0, 0, 0, 2, 0, 0, 1, 0, 2, 0, 1, 2, 0, 0, 0, 0, 1, 1, 0, 0, 0, 0, 0, 0, 0, 0, 2, 2, 1, 3, 1, 1, 4, 0, 2, 5, 4, 2, 5, 1, 6, 2, 0, 124, 0, 0, 0, 0, 0, 0]",0,0.5330874343121496,-1,0
605,"[0, 1, 1, 0, 4, 0, 1, 2, 0, 0, 0, 0, 0, 0, 0, 0, 2, 0, 1, 0, 0, 2, 0, 0, 0, 0, 1, 0, 0, 0, 0, 0, 0, 0, 0, 0, 0, 0, 0, 0, 2, 0, 0, 1, 0, 2, 0, 1, 2, 0, 0, 0, 0, 1, 1, 0, 0, 0, 0, 0, 0, 0, 0, 2, 2, 1, 3, 1, 1, 4, 0, 2, 5, 4, 2, 5, 1, 6, 2, 0, 124, 0, 0, 0, 0, 0, 0]",-1,-0.014469210896952531,-1,0
606,"[0, 1, 1, 0, 4, 0, 1, 2, 0, 0, 0, 0, 0, 0, 0, 0, 2, 0, 1, 0, 0, 2, 0, 0, 0, 0, 1, 0, 0, 0, 0, 0, 0, 0, 0, 0, 0, 0, 0, 0, 2, 0, 0, 1, 0, 2, 0, 1, 2, 0, 0, 0, 0, 1, 1, 0, 0, 0, 0, 0, 0, 0, 0, 2, 2, 1, 3, 1, 1, 4, 0, 2, 5, 4, 2, 5, 1, 6, 2, 0, 124, 0, 1, 0, 0, 0, 0]",2,0.5908697658431112,-1,0
607,"[0, 1, 1, 0, 4, 0, 1, 2, 0, 0, 0, 0, 0, 0, 0, 0, 2, 0, 1, 0, 0, 2, 0, 0, 0, 0, 1, 0, 0, 0, 0, 0, 0, 0, 0, 0, 0, 0, 0, 0, 2, 0, 0, 1, 0, 2, 0, 1, 2, 0, 0, 0, 0, 1, 1, 0, 0, 0, 0, 0, 0, 0, 0, 2, 2, 1, 3, 1, 1, 4, 0, 2, 5, 4, 2, 5, 1, 6, 2, 0, 124, 0, 1, 0, 0, 1, 0]","[[0 1 0 0]
 [1 0 0 0]]",0.8412946309012022,-1,0
608,"[1, 0, 1, 0, 3, 1, 1, 2, 0, 0, 0, 0, 0, 0, 0, 0, 2, 0, 1, 0, 0, 2, 0, 0, 0, 0, 1, 0, 0, 0, 0, 0, 0, 0, 0, 0, 0, 0, 0, 0, 2, 0, 0, 1, 0, 2, 0, 1, 2, 0, 0, 0, 0, 1, 1, 0, 0, 0, 0, 0, 0, 0, 0, 2, 2, 1, 3, 1, 1, 4, 0, 2, 5, 4, 2, 5, 1, 6, 2, 0, 124, 0, 0, 0, 0, 0, 0]",0,-0.009130234156888744,-1,1
609,"[1, 0, 2, 0, 3, 1, 1, 2, 0, 0, 0, 0, 0, 0, 0, 0, 2, 0, 1, 0, 0, 2, 0, 0, 0, 0, 1, 0, 0, 0, 0, 0, 0, 0, 0, 0, 0, 0, 0, 0, 2, 0, 0, 1, 0, 2, 0, 1, 2, 0, 0, 0, 0, 1, 1, 0, 0, 0, 0, 0, 0, 0, 0, 2, 2, 1, 3, 1, 1, 4, 0, 2, 5, 4, 2, 5, 1, 6, 2, 0, 125, 0, 0, 0, 0, 0, 0]",4,11.475121888978375,-1,0
610,"[1, 0, 2, 0, 3, 1, 1, 2, 0, 0, 0, 0, 0, 0, 0, 0, 2, 0, 1, 0, 0, 2, 0, 0, 0, 0, 1, 0, 0, 0, 0, 0, 0, 0, 0, 0, 0, 0, 0, 0, 2, 0, 0, 1, 0, 2, 0, 1, 2, 0, 0, 0, 0, 1, 1, 0, 0, 0, 0, 0, 0, 0, 0, 2, 2, 1, 3, 1, 1, 4, 0, 2, 5, 4, 2, 5, 1, 6, 2, 0, 125, 0, 0, 0, 0, 0, 0]",1,0.8001389404641034,-1,1
611,"[1, 0, 2, 0, 2, 0, 0, 1, 0, 0, 0, 0, 0, 0, 2, 0, 2, 0, 1, 0, 0, 2, 0, 0, 0, 0, 1, 0, 0, 0, 0, 0, 0, 0, 0, 0, 0, 0, 0, 0, 2, 0, 0, 1, 0, 2, 0, 1, 2, 0, 0, 0, 0, 1, 1, 0, 0, 0, 0, 0, 0, 0, 0, 2, 3, 1, 3, 1, 1, 4, 0, 2, 5, 4, 2, 5, 1, 6, 2, 0, 125, 0, 0, 0, 0, 0, 0]",6,6.63693218962788,-1,1
612,"[1, 0, 2, 0, 2, 0, 0, 1, 0, 0, 0, 0, 0, 0, 2, 0, 2, 0, 1, 0, 0, 2, 0, 0, 0, 0, 1, 0, 0, 0, 0, 0, 0, 0, 0, 0, 0, 0, 0, 0, 2, 0, 0, 1, 0, 2, 0, 1, 2, 0, 0, 0, 0, 1, 1, 0, 0, 0, 0, 0, 0, 0, 0, 2, 3, 1, 3, 1, 1, 4, 0, 2, 5, 4, 2, 5, 1, 6, 2, 0, 125, 0, 0, 0, 0, 0, 0]",-1,-0.014325239843009506,-1,1
613,"[1, 0, 2, 0, 2, 0, 0, 1, 0, 0, 0, 0, 0, 0, 2, 0, 2, 0, 1, 0, 0, 2, 0, 0, 0, 0, 1, 0, 0, 0, 0, 0, 0, 0, 0, 0, 0, 0, 0, 0, 2, 0, 0, 1, 0, 2, 0, 1, 2, 0, 0, 0, 0, 1, 1, 0, 0, 0, 0, 0, 0, 0, 0, 2, 3, 1, 3, 1, 1, 4, 0, 2, 5, 4, 2, 5, 1, 6, 2, 0, 126, 0, 0, 0, 0, 0, 0]",4,11.474465920289198,-1,0
614,"[2, 0, 2, 0, 3, 0, 0, 1, 0, 0, 0, 0, 0, 0, 2, 0, 2, 0, 1, 0, 0, 2, 0, 0, 0, 0, 1, 0, 0, 0, 0, 0, 0, 0, 0, 0, 0, 0, 0, 0, 2, 0, 0, 1, 0, 2, 0, 1, 2, 0, 0, 0, 0, 1, 1, 0, 0, 0, 0, 0, 0, 0, 0, 2, 3, 1, 3, 1, 1, 4, 0, 2, 5, 4, 2, 5, 1, 6, 2, 0, 127, 0, 0, 0, 0, 0, 0]",4,11.451605219739594,-1,1
615,"[2, 0, 2, 0, 3, 0, 0, 1, 0, 0, 0, 0, 0, 0, 2, 0, 2, 0, 1, 0, 0, 2, 0, 0, 0, 0, 1, 0, 0, 0, 0, 0, 0, 0, 0, 0, 0, 0, 0, 0, 2, 0, 0, 1, 0, 2, 0, 1, 2, 0, 0, 0, 0, 1, 1, 0, 0, 0, 0, 0, 0, 0, 0, 2, 3, 1, 3, 1, 1, 4, 0, 2, 5, 4, 2, 5, 1, 6, 2, 0, 128, 0, 0, 0, 0, 0, 0]",4,11.433515603839403,-1,0
616,"[2, 0, 2, 0, 3, 0, 0, 1, 0, 0, 0, 0, 0, 0, 2, 0, 2, 0, 1, 0, 0, 2, 0, 0, 0, 0, 1, 0, 0, 0, 0, 0, 0, 0, 0, 0, 0, 0, 0, 0, 2, 0, 0, 1, 0, 2, 0, 1, 2, 0, 0, 0, 0, 1, 1, 0, 0, 0, 0, 0, 0, 0, 0, 2, 3, 1, 3, 1, 1, 4, 0, 2, 5, 4, 2, 5, 1, 6, 2, 0, 128, 1, 0, 0, 0, 0, 0]",3,0.38936977272038725,-1,1
617,"[2, 0, 2, 0, 3, 0, 0, 1, 0, 0, 0, 0, 0, 0, 2, 0, 2, 0, 1, 0, 0, 2, 0, 0, 0, 0, 1, 0, 0, 0, 0, 0, 0, 0, 0, 0, 0, 0, 0, 0, 2, 0, 0, 1, 0, 2, 0, 1, 2, 0, 0, 0, 0, 1, 1, 0, 0, 0, 0, 0, 0, 0, 0, 2, 3, 1, 3, 1, 1, 4, 0, 2, 5, 4, 2, 5, 1, 6, 2, 0, 128, 0, 0, 0, 0, 0, 0]",-1,-0.013901865022659707,-1,1
618,"[3, 0, 2, 0, 4, 0, 0, 1, 0, 0, 0, 0, 0, 0, 2, 0, 2, 0, 1, 0, 0, 2, 0, 0, 0, 0, 1, 0, 0, 0, 0, 0, 0, 0, 0, 0, 0, 0, 0, 0, 2, 0, 0, 1, 0, 2, 0, 1, 2, 0, 0, 0, 0, 1, 1, 0, 0, 0, 0, 0, 0, 0, 0, 2, 3, 1, 3, 1, 1, 4, 0, 2, 5, 4, 2, 5, 1, 6, 2, 0, 129, 0, 0, 0, 0, 0, 0]",4,11.316801868700598,-1,1
619,"[1, 0, 1, 0, 2, 0, 0, 1, 0, 0, 0, 0, 0, 0, 2, 0, 2, 0, 1, 0, 0, 2, 0, 0, 0, 0, 1, 0, 0, 0, 0, 0, 0, 0, 0, 0, 0, 0, 0, 0, 2, 0, 0, 1, 0, 2, 0, 1, 2, 0, 0, 0, 0, 1, 1, 0, 0, 0, 0, 0, 0, 0, 0, 2, 3, 1, 3, 1, 1, 4, 0, 2, 5, 4, 2, 5, 1, 6, 2, 4, 130, 0, 0, 0, 0, 0, 0]",4,11.675525414422976,-1,0
620,"[1, 0, 1, 0, 2, 0, 0, 1, 0, 0, 0, 0, 0, 0, 2, 0, 2, 0, 1, 0, 0, 2, 0, 0, 0, 0, 1, 0, 0, 0, 0, 0, 0, 0, 0, 0, 0, 0, 0, 0, 2, 0, 0, 1, 0, 2, 0, 1, 2, 0, 0, 0, 0, 1, 1, 0, 0, 0, 0, 0, 0, 0, 0, 2, 3, 1, 3, 1, 1, 4, 0, 2, 5, 4, 2, 5, 1, 6, 2, 4, 130, 1, 0, 0, 0, 0, 0]",3,0.38853516482022626,-1,1
621,"[1, 0, 1, 0, 2, 0, 0, 1, 0, 0, 0, 0, 0, 0, 2, 0, 2, 0, 1, 0, 0, 2, 0, 0, 0, 0, 1, 0, 0, 0, 0, 0, 0, 0, 0, 0, 0, 0, 0, 0, 2, 0, 0, 1, 0, 2, 0, 1, 2, 0, 0, 0, 0, 1, 1, 0, 0, 0, 0, 0, 0, 0, 0, 2, 3, 1, 3, 1, 1, 4, 0, 2, 5, 4, 2, 5, 1, 6, 2, 4, 130, 0, 0, 0, 0, 0, 0]",-1,-0.01362658965170063,-1,1
622,"[1, 0, 1, 0, 2, 0, 0, 1, 0, 0, 0, 0, 0, 0, 2, 0, 2, 0, 1, 0, 0, 2, 0, 0, 0, 0, 1, 0, 0, 0, 0, 0, 0, 0, 0, 0, 0, 0, 0, 0, 2, 0, 0, 1, 0, 2, 0, 1, 2, 0, 0, 0, 0, 1, 1, 0, 0, 0, 0, 0, 0, 0, 0, 2, 3, 1, 3, 1, 1, 4, 0, 2, 5, 4, 2, 5, 1, 6, 2, 4, 131, 0, 0, 0, 0, 0, 0]",4,11.611016947928082,-1,1
623,"[1, 0, 1, 0, 2, 0, 0, 1, 0, 0, 0, 0, 0, 0, 2, 0, 2, 0, 1, 0, 0, 2, 0, 0, 0, 0, 1, 0, 0, 0, 0, 0, 0, 0, 0, 0, 0, 0, 0, 0, 2, 0, 0, 1, 0, 2, 0, 1, 2, 0, 0, 0, 0, 1, 1, 0, 0, 0, 0, 0, 0, 0, 0, 2, 3, 1, 3, 1, 1, 4, 0, 2, 5, 4, 2, 5, 1, 6, 2, 4, 131, 1, 0, 0, 0, 0, 0]",3,0.3880951268046997,-1,0
624,"[1, 0, 1, 0, 2, 0, 0, 1, 0, 0, 0, 0, 0, 0, 2, 0, 2, 0, 1, 0, 0, 2, 0, 0, 0, 0, 1, 0, 0, 0, 0, 0, 0, 0, 0, 0, 0, 0, 0, 0, 2, 0, 0, 1, 0, 2, 0, 1, 2, 0, 0, 0, 0, 1, 1, 0, 0, 0, 0, 0, 0, 0, 0, 2, 3, 1, 3, 1, 1, 4, 0, 2, 5, 4, 2, 5, 1, 6, 2, 4, 131, 0, 0, 0, 0, 0, 0]",-1,-0.013491002819234342,-1,0
625,"[1, 0, 1, 0, 2, 0, 0, 1, 0, 0, 0, 0, 0, 0, 2, 0, 2, 0, 1, 0, 0, 2, 0, 0, 0, 0, 1, 0, 0, 0, 0, 0, 0, 0, 0, 0, 0, 0, 0, 0, 2, 0, 0, 1, 0, 2, 0, 1, 2, 0, 0, 0, 0, 1, 1, 0, 0, 0, 0, 0, 0, 0, 0, 2, 3, 1, 3, 1, 1, 4, 0, 2, 5, 4, 2, 5, 1, 6, 2, 4, 131, 1, 0, 0, 0, 0, 0]",3,0.3880951268046997,-1,0
626,"[1, 0, 1, 0, 2, 0, 0, 1, 0, 0, 0, 0, 0, 0, 2, 0, 2, 0, 1, 0, 0, 2, 0, 0, 0, 0, 1, 0, 0, 0, 0, 0, 0, 0, 0, 0, 0, 0, 0, 0, 2, 0, 0, 1, 0, 2, 0, 1, 2, 0, 0, 0, 0, 1, 1, 0, 0, 0, 0, 0, 0, 0, 0, 2, 3, 1, 3, 1, 1, 4, 0, 2, 5, 4, 2, 5, 1, 6, 2, 4, 131, 0, 0, 0, 0, 0, 0]",-1,-0.013491002819234342,-1,0
627,"[1, 0, 1, 0, 1, 0, 0, 1, 0, 0, 0, 0, 0, 0, 2, 0, 2, 0, 1, 0, 0, 2, 0, 0, 0, 0, 1, 0, 0, 0, 0, 0, 0, 0, 0, 0, 0, 0, 0, 0, 2, 0, 0, 1, 0, 2, 0, 1, 2, 0, 0, 0, 0, 1, 1, 0, 0, 0, 0, 0, 0, 0, 0, 2, 3, 1, 3, 1, 1, 4, 0, 2, 5, 4, 2, 5, 1, 6, 2, 4, 132, 0, 0, 0, 0, 0, 0]",4,11.674084483679527,-1,0
628,"[1, 0, 1, 0, 1, 0, 0, 1, 0, 0, 0, 0, 0, 0, 2, 0, 2, 0, 1, 0, 0, 2, 0, 0, 0, 0, 1, 0, 0, 0, 0, 0, 0, 0, 0, 0, 0, 0, 0, 0, 2, 0, 0, 1, 0, 2, 0, 1, 2, 0, 0, 0, 0, 1, 1, 0, 0, 0, 0, 0, 0, 0, 0, 2, 3, 1, 3, 1, 1, 4, 0, 2, 5, 4, 2, 5, 1, 6, 2, 4, 132, 0, 0, 0, 0, 0, 0]",-1,-0.013356765098292518,-1,1
629,"[1, 0, 1, 0, 1, 0, 0, 1, 0, 0, 0, 0, 0, 0, 2, 0, 2, 0, 1, 0, 0, 2, 0, 0, 0, 0, 1, 0, 0, 0, 0, 0, 0, 0, 0, 0, 0, 0, 0, 0, 2, 0, 0, 1, 0, 2, 0, 1, 2, 0, 0, 0, 0, 1, 1, 0, 0, 0, 0, 0, 0, 0, 0, 2, 3, 1, 3, 1, 1, 4, 0, 2, 5, 4, 2, 5, 1, 6, 2, 4, 132, 0, 0, 0, 0, 0, 0]",0,0.5733013253211351,-1,1
630,"[1, 0, 1, 0, 1, 0, 0, 1, 0, 0, 0, 0, 0, 0, 2, 0, 2, 0, 1, 0, 0, 2, 0, 0, 0, 0, 1, 0, 0, 0, 0, 0, 0, 0, 0, 0, 0, 0, 0, 0, 2, 0, 0, 1, 0, 2, 0, 1, 2, 0, 0, 0, 0, 1, 1, 0, 0, 0, 0, 0, 0, 0, 0, 2, 3, 1, 3, 1, 1, 4, 0, 2, 5, 4, 2, 5, 1, 6, 2, 4, 132, 0, 0, 0, 0, 0, 0]",-1,-0.013356765098292518,-1,1
631,"[1, 0, 1, 0, 1, 0, 0, 1, 0, 0, 0, 0, 0, 0, 2, 0, 2, 0, 1, 0, 0, 2, 0, 0, 0, 0, 1, 0, 0, 0, 0, 0, 0, 0, 0, 0, 0, 0, 0, 0, 2, 0, 0, 1, 0, 2, 0, 1, 2, 0, 0, 0, 0, 1, 1, 0, 0, 0, 0, 0, 0, 0, 0, 2, 3, 1, 3, 1, 1, 4, 0, 2, 5, 4, 2, 5, 1, 6, 2, 4, 133, 0, 0, 0, 0, 0, 0]",4,11.813343926209324,-1,1
632,"[1, 0, 1, 0, 1, 0, 0, 1, 0, 0, 0, 0, 0, 0, 2, 0, 2, 0, 1, 0, 0, 2, 0, 0, 0, 0, 1, 0, 0, 0, 0, 0, 0, 0, 0, 0, 0, 0, 0, 0, 2, 0, 0, 1, 0, 2, 0, 1, 2, 0, 0, 0, 0, 1, 1, 0, 0, 0, 0, 0, 0, 0, 0, 2, 3, 1, 3, 1, 1, 4, 0, 2, 5, 4, 2, 5, 1, 6, 2, 4, 133, 1, 0, 0, 0, 0, 0]",3,0.38716722471896525,-1,0
633,"[1, 0, 1, 0, 1, 0, 0, 1, 0, 0, 0, 0, 0, 0, 2, 0, 2, 0, 1, 0, 0, 2, 0, 0, 0, 0, 1, 0, 0, 0, 0, 0, 0, 0, 0, 0, 0, 0, 0, 0, 2, 0, 0, 1, 0, 2, 0, 1, 2, 0, 0, 0, 0, 1, 1, 0, 0, 0, 0, 0, 0, 0, 0, 2, 3, 1, 3, 1, 1, 4, 0, 2, 5, 4, 2, 5, 1, 6, 2, 4, 133, 0, 0, 0, 0, 0, 0]",-1,-0.013223863064991199,-1,0
634,"[1, 0, 1, 0, 1, 0, 0, 1, 0, 0, 0, 0, 0, 0, 2, 0, 2, 0, 1, 0, 0, 2, 0, 0, 0, 0, 1, 0, 0, 0, 0, 0, 0, 0, 0, 0, 0, 0, 0, 0, 2, 0, 0, 1, 0, 2, 0, 1, 2, 0, 0, 0, 0, 1, 1, 0, 0, 0, 0, 0, 0, 0, 0, 2, 3, 1, 3, 1, 1, 4, 0, 2, 5, 4, 2, 5, 1, 6, 2, 4, 134, 0, 0, 0, 0, 0, 0]",4,11.672589290308741,-1,0
635,"[1, 0, 1, 0, 1, 0, 0, 1, 0, 0, 0, 0, 0, 0, 2, 0, 2, 0, 1, 0, 0, 2, 0, 0, 0, 0, 1, 0, 0, 0, 0, 0, 0, 0, 0, 0, 0, 0, 0, 0, 2, 0, 0, 1, 0, 2, 0, 1, 2, 0, 0, 0, 0, 1, 1, 0, 0, 0, 0, 0, 0, 0, 0, 2, 3, 1, 3, 1, 1, 4, 0, 2, 5, 4, 2, 5, 1, 6, 2, 4, 135, 0, 0, 0, 0, 0, 0]",4,11.811820054083139,-1,1
636,"[1, 0, 1, 0, 1, 0, 0, 1, 0, 0, 0, 0, 0, 0, 2, 0, 2, 0, 1, 0, 0, 2, 0, 0, 0, 0, 1, 0, 0, 0, 0, 0, 0, 0, 0, 0, 0, 0, 0, 0, 2, 0, 0, 1, 0, 2, 0, 1, 2, 0, 0, 0, 0, 1, 1, 0, 0, 0, 0, 0, 0, 0, 0, 2, 3, 1, 3, 1, 1, 4, 0, 2, 5, 4, 2, 5, 1, 6, 2, 4, 135, 0, 0, 0, 0, 0, 0]",0,0.5283899844003689,-1,0
637,"[1, 0, 1, 0, 1, 0, 0, 1, 0, 0, 0, 0, 0, 0, 2, 0, 2, 0, 1, 0, 0, 2, 0, 0, 0, 0, 1, 0, 0, 0, 0, 0, 0, 0, 0, 0, 0, 0, 0, 0, 2, 0, 0, 1, 0, 2, 0, 1, 2, 0, 0, 0, 0, 1, 1, 0, 0, 0, 0, 0, 0, 0, 0, 2, 3, 1, 3, 1, 1, 4, 0, 2, 5, 4, 2, 5, 1, 6, 2, 4, 135, 0, 0, 0, 0, 0, 0]",-1,-0.012962013032294576,-1,0
638,"[1, 0, 1, 0, 1, 0, 0, 1, 0, 0, 0, 0, 0, 0, 2, 0, 2, 0, 1, 0, 0, 2, 0, 0, 0, 0, 1, 0, 0, 0, 0, 0, 0, 0, 0, 0, 0, 0, 0, 0, 2, 0, 0, 1, 0, 2, 0, 1, 2, 0, 0, 0, 0, 1, 1, 0, 0, 0, 0, 0, 0, 0, 0, 2, 3, 1, 3, 1, 1, 4, 0, 2, 5, 4, 2, 5, 1, 6, 2, 4, 135, 0, 0, 0, 0, 0, 0]",1,0.7957964310309473,-1,0
639,"[1, 0, 1, 0, 1, 0, 0, 1, 0, 0, 0, 0, 0, 0, 2, 0, 2, 0, 1, 0, 0, 2, 0, 0, 0, 0, 1, 0, 0, 0, 0, 0, 0, 0, 0, 0, 0, 0, 0, 0, 2, 0, 0, 1, 0, 2, 0, 1, 2, 0, 0, 0, 0, 1, 1, 0, 0, 0, 0, 0, 0, 0, 0, 2, 3, 1, 3, 1, 1, 4, 0, 2, 5, 4, 2, 5, 1, 6, 2, 4, 135, 0, 0, 0, 0, 0, 0]",-1,-0.012962013032294576,-1,0
640,"[1, 0, 1, 0, 1, 0, 0, 1, 0, 0, 0, 0, 0, 0, 2, 0, 2, 0, 1, 0, 0, 2, 0, 0, 0, 0, 1, 0, 0, 0, 0, 0, 0, 0, 0, 0, 0, 0, 0, 0, 2, 0, 0, 1, 0, 2, 0, 1, 2, 0, 0, 0, 0, 1, 1, 0, 0, 0, 0, 0, 0, 0, 0, 2, 3, 1, 3, 1, 1, 4, 0, 2, 5, 4, 2, 5, 1, 6, 2, 4, 135, 0, 1, 0, 0, 0, 0]",2,0.5861723159313306,-1,0
641,"[1, 0, 1, 0, 1, 0, 0, 1, 0, 0, 0, 0, 0, 0, 2, 0, 2, 0, 1, 0, 0, 2, 0, 0, 0, 0, 1, 0, 0, 0, 0, 0, 0, 0, 0, 0, 0, 0, 0, 0, 2, 0, 0, 1, 0, 2, 0, 1, 2, 0, 0, 0, 0, 1, 1, 0, 0, 0, 0, 0, 0, 0, 0, 2, 3, 1, 3, 1, 1, 4, 0, 2, 5, 4, 2, 5, 1, 6, 2, 4, 135, 0, 1, 0, 0, 1, 0]","[[1 0 0 0]
 [0 0 0 1]]",0.8365971809894215,-1,0
642,"[0, 0, 1, 1, 2, 0, 0, 0, 0, 0, 0, 0, 0, 0, 2, 0, 2, 0, 1, 0, 0, 2, 0, 0, 0, 0, 1, 0, 0, 0, 0, 0, 0, 0, 0, 0, 0, 0, 0, 0, 2, 0, 0, 1, 0, 2, 0, 1, 2, 0, 0, 0, 0, 1, 1, 0, 0, 0, 0, 0, 0, 0, 0, 2, 3, 1, 3, 1, 1, 4, 0, 2, 5, 4, 2, 5, 1, 6, 2, 4, 135, 0, 0, 0, 0, 0, 0]",0,-0.013827684068669363,-1,1
643,"[0, 0, 1, 1, 2, 0, 0, 0, 0, 0, 0, 0, 0, 0, 2, 0, 2, 0, 1, 0, 0, 2, 0, 0, 0, 0, 1, 0, 0, 0, 0, 0, 0, 0, 0, 0, 0, 0, 0, 0, 2, 0, 0, 1, 0, 2, 0, 1, 2, 0, 0, 0, 0, 1, 1, 0, 0, 0, 0, 0, 0, 0, 0, 2, 3, 1, 3, 1, 1, 4, 0, 2, 5, 4, 2, 5, 1, 6, 2, 4, 136, 0, 0, 0, 0, 0, 0]",4,11.671035688905615,-1,0
644,"[0, 0, 1, 1, 2, 0, 0, 0, 0, 0, 0, 0, 0, 0, 2, 0, 2, 0, 1, 0, 0, 2, 0, 0, 0, 0, 1, 0, 0, 0, 0, 0, 0, 0, 0, 0, 0, 0, 0, 0, 2, 0, 0, 1, 0, 2, 0, 1, 2, 0, 0, 0, 0, 1, 1, 0, 0, 0, 0, 0, 0, 0, 0, 2, 3, 1, 3, 1, 1, 4, 0, 2, 5, 4, 2, 5, 1, 6, 2, 4, 136, 0, 1, 0, 0, 0, 0]",2,0.5856484915472497,-1,1
645,"[0, 0, 1, 1, 2, 0, 0, 0, 0, 0, 0, 0, 0, 0, 2, 0, 2, 0, 1, 0, 0, 2, 0, 0, 0, 0, 1, 0, 0, 0, 0, 0, 0, 0, 0, 0, 0, 0, 0, 0, 2, 0, 0, 1, 0, 2, 0, 1, 2, 0, 0, 0, 0, 1, 1, 0, 0, 0, 0, 0, 0, 0, 0, 2, 3, 1, 3, 1, 1, 4, 0, 2, 5, 4, 2, 5, 1, 6, 2, 4, 136, 0, 1, 0, 0, 1, 0]","[[1 0 0 0]
 [0 0 1 1]]",1.9108898240878456,-1,1
646,"[1, 0, 0, 0, 1, 0, 1, 1, 0, 0, 0, 0, 0, 0, 2, 0, 2, 0, 1, 0, 0, 2, 0, 0, 0, 0, 1, 0, 0, 0, 0, 0, 0, 0, 0, 0, 0, 0, 0, 0, 2, 0, 0, 1, 0, 2, 0, 1, 2, 0, 0, 0, 0, 1, 1, 0, 0, 0, 0, 0, 0, 0, 0, 2, 3, 1, 3, 1, 1, 4, 0, 2, 5, 4, 2, 5, 1, 6, 2, 4, 136, 0, 0, 0, 0, 0, 0]",0,-0.014351508452750268,-1,0
647,"[1, 0, 0, 0, 1, 0, 1, 1, 0, 0, 0, 0, 0, 0, 2, 0, 2, 0, 1, 0, 0, 2, 0, 0, 0, 0, 1, 0, 0, 0, 0, 0, 0, 0, 0, 0, 0, 0, 0, 0, 2, 0, 0, 1, 0, 2, 0, 1, 2, 0, 0, 0, 0, 1, 1, 0, 0, 0, 0, 0, 0, 0, 0, 2, 3, 1, 3, 1, 1, 4, 0, 2, 5, 4, 2, 5, 1, 6, 2, 4, 136, 0, 0, 0, 0, 0, 0]",-1,-0.012833038847677794,-1,1
648,"[1, 0, 0, 0, 1, 0, 1, 1, 0, 0, 0, 0, 0, 0, 2, 0, 2, 0, 1, 0, 0, 2, 0, 0, 0, 0, 1, 0, 0, 0, 0, 0, 0, 0, 0, 0, 0, 0, 0, 0, 2, 0, 0, 1, 0, 2, 0, 1, 2, 0, 0, 0, 0, 1, 1, 0, 0, 0, 0, 0, 0, 0, 0, 2, 3, 1, 3, 1, 1, 4, 0, 2, 5, 4, 2, 5, 1, 6, 2, 4, 137, 0, 0, 0, 0, 0, 0]",4,12.084165772672273,-1,1
649,"[1, 0, 0, 0, 1, 0, 1, 1, 0, 0, 0, 0, 0, 0, 2, 0, 2, 0, 1, 0, 0, 2, 0, 0, 0, 0, 1, 0, 0, 0, 0, 0, 0, 0, 0, 0, 0, 0, 0, 0, 2, 0, 0, 1, 0, 2, 0, 1, 2, 0, 0, 0, 0, 1, 1, 0, 0, 0, 0, 0, 0, 0, 0, 2, 3, 1, 3, 1, 1, 4, 0, 2, 5, 4, 2, 5, 1, 6, 2, 4, 137, 1, 0, 0, 0, 0, 0]",3,0.38510641096679443,-1,0
650,"[1, 0, 0, 0, 1, 0, 1, 1, 0, 0, 0, 0, 0, 0, 2, 0, 2, 0, 1, 0, 0, 2, 0, 0, 0, 0, 1, 0, 0, 0, 0, 0, 0, 0, 0, 0, 0, 0, 0, 0, 2, 0, 0, 1, 0, 2, 0, 1, 2, 0, 0, 0, 0, 1, 1, 0, 0, 0, 0, 0, 0, 0, 0, 2, 3, 1, 3, 1, 1, 4, 0, 2, 5, 4, 2, 5, 1, 6, 2, 4, 137, 0, 0, 0, 0, 0, 0]",-1,-0.012705347977640015,-1,0
651,"[1, 0, 0, 0, 3, 0, 1, 1, 0, 0, 0, 0, 0, 0, 2, 0, 2, 0, 1, 0, 0, 2, 0, 0, 0, 0, 1, 0, 0, 0, 0, 0, 0, 0, 0, 0, 0, 0, 0, 0, 2, 0, 0, 1, 0, 2, 0, 1, 2, 0, 0, 0, 0, 1, 1, 0, 0, 0, 0, 0, 0, 0, 0, 2, 3, 1, 3, 1, 1, 4, 0, 2, 5, 4, 2, 5, 1, 6, 2, 4, 138, 0, 0, 0, 0, 0, 0]",4,11.506698075445078,-1,0
652,"[1, 0, 0, 0, 3, 0, 1, 1, 0, 0, 0, 0, 0, 0, 2, 0, 2, 0, 1, 0, 0, 2, 0, 0, 0, 0, 1, 0, 0, 0, 0, 0, 0, 0, 0, 0, 0, 0, 0, 0, 2, 0, 0, 1, 0, 2, 0, 1, 2, 0, 0, 0, 0, 1, 1, 0, 0, 0, 0, 0, 0, 0, 0, 2, 3, 1, 3, 1, 1, 4, 0, 2, 5, 4, 2, 5, 1, 6, 2, 4, 138, 0, 0, 0, 0, 0, 0]",-1,-0.012578927652987824,-1,1
653,"[2, 0, 0, 0, 4, 0, 1, 1, 0, 0, 0, 0, 0, 0, 2, 0, 2, 0, 1, 0, 0, 2, 0, 0, 0, 0, 1, 0, 0, 0, 0, 0, 0, 0, 0, 0, 0, 0, 0, 0, 2, 0, 0, 1, 0, 2, 0, 1, 2, 0, 0, 0, 0, 1, 1, 0, 0, 0, 0, 0, 0, 0, 0, 2, 3, 1, 3, 1, 1, 4, 0, 2, 5, 4, 2, 5, 1, 6, 2, 4, 139, 0, 0, 0, 0, 0, 0]",4,11.494891499460701,-1,1
654,"[3, 0, 0, 0, 5, 0, 1, 1, 0, 0, 0, 0, 0, 0, 2, 0, 2, 0, 1, 0, 0, 2, 0, 0, 0, 0, 1, 0, 0, 0, 0, 0, 0, 0, 0, 0, 0, 0, 0, 0, 2, 0, 0, 1, 0, 2, 0, 1, 2, 0, 0, 0, 0, 1, 1, 0, 0, 0, 0, 0, 0, 0, 0, 2, 3, 1, 3, 1, 1, 4, 0, 2, 5, 4, 2, 5, 1, 6, 2, 4, 140, 0, 0, 0, 0, 0, 0]",4,11.023544027146363,-1,0
655,"[3, 0, 0, 0, 5, 0, 1, 1, 0, 0, 0, 0, 0, 0, 2, 0, 2, 0, 1, 0, 0, 2, 0, 0, 0, 0, 1, 0, 0, 0, 0, 0, 0, 0, 0, 0, 0, 0, 0, 0, 2, 0, 0, 1, 0, 2, 0, 1, 2, 0, 0, 0, 0, 1, 1, 0, 0, 0, 0, 0, 0, 0, 0, 2, 3, 1, 3, 1, 1, 4, 0, 2, 5, 4, 2, 5, 1, 6, 2, 4, 140, 0, 0, 0, 0, 0, 0]",-1,-0.012329848197080322,-1,1
656,"[3, 0, 0, 0, 7, 0, 1, 1, 0, 0, 0, 0, 0, 0, 2, 0, 2, 0, 1, 0, 0, 2, 0, 0, 0, 0, 1, 0, 0, 0, 0, 0, 0, 0, 0, 0, 0, 0, 0, 0, 2, 0, 0, 1, 0, 2, 0, 1, 2, 0, 0, 0, 0, 1, 1, 0, 0, 0, 0, 0, 0, 0, 0, 2, 3, 1, 3, 1, 1, 4, 0, 2, 5, 4, 2, 5, 1, 6, 2, 4, 141, 0, 0, 0, 0, 0, 0]",4,11.257394889464411,-1,1
657,"[4, 0, 0, 0, 8, 0, 1, 1, 0, 0, 0, 0, 0, 0, 2, 0, 2, 0, 1, 0, 0, 2, 0, 0, 0, 0, 1, 0, 0, 0, 0, 0, 0, 0, 0, 0, 0, 0, 0, 0, 2, 0, 0, 1, 0, 2, 0, 1, 2, 0, 0, 0, 0, 1, 1, 0, 0, 0, 0, 0, 0, 0, 0, 2, 3, 1, 3, 1, 1, 4, 0, 2, 5, 4, 2, 5, 1, 6, 2, 4, 142, 0, 0, 0, 0, 0, 0]",4,10.9343376931335,-1,0
658,"[4, 0, 0, 0, 8, 0, 1, 1, 0, 0, 0, 0, 0, 0, 2, 0, 2, 0, 1, 0, 0, 2, 0, 0, 0, 0, 1, 0, 0, 0, 0, 0, 0, 0, 0, 0, 0, 0, 0, 0, 2, 0, 0, 1, 0, 2, 0, 1, 2, 0, 0, 0, 0, 1, 1, 0, 0, 0, 0, 0, 0, 0, 0, 2, 3, 1, 3, 1, 1, 4, 0, 2, 5, 4, 2, 5, 1, 6, 2, 4, 142, 0, 0, 0, 0, 0, 0]",-1,-0.012085700844851823,-1,1
659,"[4, 0, 0, 0, 8, 0, 1, 1, 0, 0, 0, 0, 0, 0, 2, 0, 2, 0, 1, 0, 0, 2, 0, 0, 0, 0, 1, 0, 0, 0, 0, 0, 0, 0, 0, 0, 0, 0, 0, 0, 2, 0, 0, 1, 0, 2, 0, 1, 2, 0, 0, 0, 0, 1, 1, 0, 0, 0, 0, 0, 0, 0, 0, 2, 3, 1, 3, 1, 1, 4, 0, 2, 5, 4, 2, 5, 1, 6, 2, 4, 142, 0, 0, 0, 0, 0, 0]",-1,-0.012085700844851823,-1,1
660,"[2, 0, 0, 0, 4, 0, 1, 1, 0, 0, 0, 0, 0, 0, 2, 0, 2, 0, 1, 0, 0, 2, 0, 0, 0, 0, 1, 0, 0, 0, 0, 0, 0, 0, 0, 0, 0, 0, 0, 0, 2, 0, 0, 1, 0, 2, 0, 1, 2, 0, 0, 0, 0, 1, 1, 0, 0, 0, 0, 0, 0, 0, 0, 2, 3, 1, 3, 1, 1, 4, 0, 2, 5, 4, 2, 5, 1, 6, 2, 2, 143, 0, 0, 0, 0, 0, 0]",4,11.49138103765556,-1,1
661,"[2, 0, 0, 0, 4, 0, 1, 1, 0, 0, 0, 0, 0, 0, 2, 0, 2, 0, 1, 0, 0, 2, 0, 0, 0, 0, 1, 0, 0, 0, 0, 0, 0, 0, 0, 0, 0, 0, 0, 0, 2, 0, 0, 1, 0, 2, 0, 1, 2, 0, 0, 0, 0, 1, 1, 0, 0, 0, 0, 0, 0, 0, 0, 2, 3, 1, 3, 1, 1, 4, 0, 2, 5, 4, 2, 5, 1, 6, 2, 2, 143, 0, 1, 0, 0, 0, 0]",2,0.5814414093765686,-1,0
662,"[2, 0, 0, 0, 4, 0, 1, 1, 0, 0, 0, 0, 0, 0, 2, 0, 2, 0, 1, 0, 0, 2, 0, 0, 0, 0, 1, 0, 0, 0, 0, 0, 0, 0, 0, 0, 0, 0, 0, 0, 2, 0, 0, 1, 0, 2, 0, 1, 2, 0, 0, 0, 0, 1, 1, 0, 0, 0, 0, 0, 0, 0, 0, 2, 3, 1, 3, 1, 1, 4, 0, 2, 5, 4, 2, 5, 1, 6, 2, 2, 143, 0, 1, 0, 0, 1, 0]","[[1 0 0 0]
 [0 0 1 0]]",0.8318662744346595,-1,0
663,"[2, 0, 0, 0, 4, 0, 1, 1, 0, 0, 0, 0, 0, 0, 2, 0, 2, 0, 1, 0, 0, 2, 0, 0, 0, 0, 1, 0, 0, 0, 0, 0, 0, 0, 0, 0, 0, 0, 0, 0, 2, 0, 0, 1, 0, 2, 0, 1, 2, 0, 0, 0, 0, 1, 1, 0, 0, 0, 0, 0, 0, 0, 0, 2, 3, 1, 3, 1, 1, 4, 0, 2, 5, 4, 2, 5, 1, 6, 2, 2, 143, 0, 1, 0, 0, 0, 1]",2,-0.018558590623431397,-1,1
664,"[2, 0, 0, 0, 4, 0, 1, 1, 0, 0, 0, 0, 0, 0, 2, 0, 2, 0, 1, 0, 0, 2, 0, 0, 0, 0, 1, 0, 0, 0, 0, 0, 0, 0, 0, 0, 0, 0, 0, 0, 2, 0, 0, 1, 0, 2, 0, 1, 2, 0, 0, 0, 0, 1, 1, 0, 0, 0, 0, 0, 0, 0, 0, 2, 3, 1, 3, 1, 1, 4, 0, 2, 5, 4, 2, 5, 1, 6, 2, 2, 143, 0, 0, 1, 0, 0, 0]","[[1 0 0 0]
 [1 0 0 0]]",-0.018558590623431397,-1,1
665,"[2, 0, 0, 0, 4, 0, 1, 1, 0, 0, 0, 0, 0, 0, 2, 0, 2, 0, 1, 0, 0, 2, 0, 0, 0, 0, 1, 0, 0, 0, 0, 0, 0, 0, 0, 0, 0, 0, 0, 0, 2, 0, 0, 1, 0, 2, 0, 1, 2, 0, 0, 0, 0, 1, 1, 0, 0, 0, 0, 0, 0, 0, 0, 2, 3, 1, 3, 1, 1, 4, 0, 2, 5, 4, 2, 5, 1, 6, 2, 2, 143, 0, 0, 0, 0, 0, 0]",1,-1.1397164362773968,-1,0
666,"[2, 0, 0, 0, 6, 0, 1, 1, 0, 0, 0, 0, 0, 0, 2, 0, 2, 0, 1, 0, 0, 2, 0, 0, 0, 0, 1, 0, 0, 0, 0, 0, 0, 0, 0, 0, 0, 0, 0, 0, 2, 0, 0, 1, 0, 2, 0, 1, 2, 0, 0, 0, 0, 1, 1, 0, 0, 0, 0, 0, 0, 0, 0, 2, 3, 1, 3, 1, 1, 4, 0, 2, 5, 4, 2, 5, 1, 6, 2, 2, 144, 0, 0, 0, 0, 0, 0]",4,11.17961774962756,-1,0
667,"[2, 0, 0, 0, 6, 0, 1, 1, 0, 0, 0, 0, 0, 0, 2, 0, 2, 0, 1, 0, 0, 2, 0, 0, 0, 0, 1, 0, 0, 0, 0, 0, 0, 0, 0, 0, 0, 0, 0, 0, 2, 0, 0, 1, 0, 2, 0, 1, 2, 0, 0, 0, 0, 1, 1, 0, 0, 0, 0, 0, 0, 0, 0, 2, 3, 1, 3, 1, 1, 4, 0, 2, 5, 4, 2, 5, 1, 6, 2, 2, 144, 0, 0, 0, 0, 0, 0]",-1,-0.01184638793410609,-1,1
668,"[2, 0, 0, 0, 6, 0, 1, 1, 0, 0, 0, 0, 0, 0, 2, 0, 2, 0, 1, 0, 0, 2, 0, 0, 0, 0, 1, 0, 0, 0, 0, 0, 0, 0, 0, 0, 0, 0, 0, 0, 2, 0, 0, 1, 0, 2, 0, 1, 2, 0, 0, 0, 0, 1, 1, 0, 0, 0, 0, 0, 0, 0, 0, 2, 3, 1, 3, 1, 1, 4, 0, 2, 5, 4, 2, 5, 1, 6, 2, 2, 144, 0, 1, 0, 0, 0, 0]",2,0.5807568916578614,-1,0
669,"[2, 0, 0, 0, 6, 0, 1, 1, 0, 0, 0, 0, 0, 0, 2, 0, 2, 0, 1, 0, 0, 2, 0, 0, 0, 0, 1, 0, 0, 0, 0, 0, 0, 0, 0, 0, 0, 0, 0, 0, 2, 0, 0, 1, 0, 2, 0, 1, 2, 0, 0, 0, 0, 1, 1, 0, 0, 0, 0, 0, 0, 0, 0, 2, 3, 1, 3, 1, 1, 4, 0, 2, 5, 4, 2, 5, 1, 6, 2, 2, 144, 0, 1, 0, 0, 1, 0]","[[1 0 0 0]
 [0 0 1 0]]",0.8311817567159523,-1,0
670,"[2, 0, 0, 0, 6, 0, 1, 1, 0, 0, 0, 0, 0, 0, 2, 0, 2, 0, 1, 0, 0, 2, 0, 0, 0, 0, 1, 0, 0, 0, 0, 0, 0, 0, 0, 0, 0, 0, 0, 0, 2, 0, 0, 1, 0, 2, 0, 1, 2, 0, 0, 0, 0, 1, 1, 0, 0, 0, 0, 0, 0, 0, 0, 2, 3, 1, 3, 1, 1, 4, 0, 2, 5, 4, 2, 5, 1, 6, 2, 2, 144, 0, 1, 0, 0, 0, 1]",2,-0.019243108342138566,-1,1
671,"[2, 0, 0, 0, 6, 0, 1, 1, 0, 0, 0, 0, 0, 0, 2, 0, 2, 0, 1, 0, 0, 2, 0, 0, 0, 0, 1, 0, 0, 0, 0, 0, 0, 0, 0, 0, 0, 0, 0, 0, 2, 0, 0, 1, 0, 2, 0, 1, 2, 0, 0, 0, 0, 1, 1, 0, 0, 0, 0, 0, 0, 0, 0, 2, 3, 1, 3, 1, 1, 4, 0, 2, 5, 4, 2, 5, 1, 6, 2, 2, 144, 0, 0, 0, 0, 0, 0]",-1,-0.01184638793410609,-1,1
672,"[2, 0, 0, 0, 6, 0, 1, 1, 0, 0, 0, 0, 0, 0, 2, 0, 2, 0, 1, 0, 0, 2, 0, 0, 0, 0, 1, 0, 0, 0, 0, 0, 0, 0, 0, 0, 0, 0, 0, 0, 2, 0, 0, 1, 0, 2, 0, 1, 2, 0, 0, 0, 0, 1, 1, 0, 0, 0, 0, 0, 0, 0, 0, 2, 3, 1, 3, 1, 1, 4, 0, 2, 5, 4, 2, 5, 1, 6, 2, 2, 145, 0, 0, 0, 0, 0, 0]",4,11.178672643789598,-1,0
673,"[2, 0, 0, 0, 8, 0, 1, 1, 0, 0, 0, 0, 0, 0, 2, 0, 2, 0, 1, 0, 0, 2, 0, 0, 0, 0, 1, 0, 0, 0, 0, 0, 0, 0, 0, 0, 0, 0, 0, 0, 2, 0, 0, 1, 0, 2, 0, 1, 2, 0, 0, 0, 0, 1, 1, 0, 0, 0, 0, 0, 0, 0, 0, 2, 3, 1, 3, 1, 1, 4, 0, 2, 5, 4, 2, 5, 1, 6, 2, 2, 146, 0, 0, 0, 0, 0, 0]",4,11.213776783044086,-1,1
674,"[2, 0, 0, 0, 8, 0, 1, 1, 0, 0, 0, 0, 0, 0, 2, 0, 2, 0, 1, 0, 0, 2, 0, 0, 0, 0, 1, 0, 0, 0, 0, 0, 0, 0, 0, 0, 0, 0, 0, 0, 2, 0, 0, 1, 0, 2, 0, 1, 2, 0, 0, 0, 0, 1, 1, 0, 0, 0, 0, 0, 0, 0, 0, 2, 3, 1, 3, 1, 1, 4, 0, 2, 5, 4, 2, 5, 1, 6, 2, 2, 147, 0, 0, 0, 0, 0, 0]",4,11.176719979120993,-1,0
675,"[2, 0, 0, 0, 10, 0, 1, 1, 0, 0, 0, 0, 0, 0, 2, 0, 2, 0, 1, 0, 0, 2, 0, 0, 0, 0, 1, 0, 0, 0, 0, 0, 0, 0, 0, 0, 0, 0, 0, 0, 2, 0, 0, 1, 0, 2, 0, 1, 2, 0, 0, 0, 0, 1, 1, 0, 0, 0, 0, 0, 0, 0, 0, 2, 3, 1, 3, 1, 1, 4, 0, 2, 5, 4, 2, 5, 1, 6, 2, 2, 148, 0, 0, 0, 0, 0, 0]",4,11.157542381184806,-1,1
676,"[2, 0, 0, 0, 12, 0, 1, 1, 0, 0, 0, 0, 0, 0, 2, 0, 2, 0, 1, 0, 0, 2, 0, 0, 0, 0, 1, 0, 0, 0, 0, 0, 0, 0, 0, 0, 0, 0, 0, 0, 2, 0, 0, 1, 0, 2, 0, 1, 2, 0, 0, 0, 0, 1, 1, 0, 0, 0, 0, 0, 0, 0, 0, 2, 3, 1, 3, 1, 1, 4, 0, 2, 5, 4, 2, 5, 1, 6, 2, 2, 149, 0, 0, 0, 0, 0, 0]",4,11.174680388174593,-1,0
677,"[2, 0, 0, 0, 12, 0, 1, 1, 0, 0, 0, 0, 0, 0, 2, 0, 2, 0, 1, 0, 0, 2, 0, 0, 0, 0, 1, 0, 0, 0, 0, 0, 0, 0, 0, 0, 0, 0, 0, 0, 2, 0, 0, 1, 0, 2, 0, 1, 2, 0, 0, 0, 0, 1, 1, 0, 0, 0, 0, 0, 0, 0, 0, 2, 3, 1, 3, 1, 1, 4, 0, 2, 5, 4, 2, 5, 1, 6, 2, 2, 149, 0, 0, 0, 0, 0, 0]",-1,-0.011268632776971937,-1,1
678,"[2, 0, 0, 0, 12, 0, 1, 1, 0, 0, 0, 0, 0, 0, 2, 0, 2, 0, 1, 0, 0, 2, 0, 0, 0, 0, 1, 0, 0, 0, 0, 0, 0, 0, 0, 0, 0, 0, 0, 0, 2, 0, 0, 1, 0, 2, 0, 1, 2, 0, 0, 0, 0, 1, 1, 0, 0, 0, 0, 0, 0, 0, 0, 2, 3, 1, 3, 1, 1, 4, 0, 2, 5, 4, 2, 5, 1, 6, 2, 2, 149, 0, 0, 0, 0, 0, 0]",-1,-0.011268632776971937,-1,1
679,"[2, 0, 0, 0, 14, 0, 1, 1, 0, 0, 0, 0, 0, 0, 2, 0, 2, 0, 1, 0, 0, 2, 0, 0, 0, 0, 1, 0, 0, 0, 0, 0, 0, 0, 0, 0, 0, 0, 0, 0, 2, 0, 0, 1, 0, 2, 0, 1, 2, 0, 0, 0, 0, 1, 1, 0, 0, 0, 0, 0, 0, 0, 0, 2, 3, 1, 3, 1, 1, 4, 0, 2, 5, 4, 2, 5, 1, 6, 2, 2, 150, 0, 0, 0, 0, 0, 0]",4,11.091952594950117,-1,1
680,"[2, 0, 0, 0, 14, 0, 1, 1, 0, 0, 0, 0, 0, 0, 2, 0, 2, 0, 1, 0, 0, 2, 0, 0, 0, 0, 1, 0, 0, 0, 0, 0, 0, 0, 0, 0, 0, 0, 0, 0, 2, 0, 0, 1, 0, 2, 0, 1, 2, 0, 0, 0, 0, 1, 1, 0, 0, 0, 0, 0, 0, 0, 0, 2, 3, 1, 3, 1, 1, 4, 0, 2, 5, 4, 2, 5, 1, 6, 2, 2, 150, 1, 0, 0, 0, 0, 0]",3,0.37615941559557653,-1,0
681,"[2, 0, 0, 0, 14, 0, 1, 1, 0, 0, 0, 0, 0, 0, 2, 0, 2, 0, 1, 0, 0, 2, 0, 0, 0, 0, 1, 0, 0, 0, 0, 0, 0, 0, 0, 0, 0, 0, 0, 0, 2, 0, 0, 1, 0, 2, 0, 1, 2, 0, 0, 0, 0, 1, 1, 0, 0, 0, 0, 0, 0, 0, 0, 2, 3, 1, 3, 1, 1, 4, 0, 2, 5, 4, 2, 5, 1, 6, 2, 2, 150, 0, 0, 0, 0, 0, 0]",-1,-0.011156508007421491,-1,0
682,"[2, 0, 0, 0, 14, 0, 1, 1, 0, 0, 0, 0, 0, 0, 2, 0, 2, 0, 1, 0, 0, 2, 0, 0, 0, 0, 1, 0, 0, 0, 0, 0, 0, 0, 0, 0, 0, 0, 0, 0, 2, 0, 0, 1, 0, 2, 0, 1, 2, 0, 0, 0, 0, 1, 1, 0, 0, 0, 0, 0, 0, 0, 0, 2, 3, 1, 3, 1, 1, 4, 0, 2, 5, 4, 2, 5, 1, 6, 2, 2, 150, 0, 0, 0, 0, 0, 0]",1,0.7857835306951932,-1,0
683,"[2, 0, 0, 0, 14, 0, 1, 1, 0, 0, 0, 0, 0, 0, 2, 0, 2, 0, 1, 0, 0, 2, 0, 0, 0, 0, 1, 0, 0, 0, 0, 0, 0, 0, 0, 0, 0, 0, 0, 0, 2, 0, 0, 1, 0, 2, 0, 1, 2, 0, 0, 0, 0, 1, 1, 0, 0, 0, 0, 0, 0, 0, 0, 2, 3, 1, 3, 1, 1, 4, 0, 2, 5, 4, 2, 5, 1, 6, 2, 2, 150, 0, 0, 0, 0, 0, 0]",-1,-0.011156508007421491,-1,0
684,"[2, 0, 0, 0, 14, 0, 1, 1, 0, 0, 0, 0, 0, 0, 2, 0, 2, 0, 1, 0, 0, 2, 0, 0, 0, 0, 1, 0, 0, 0, 0, 0, 0, 0, 0, 0, 0, 0, 0, 0, 2, 0, 0, 1, 0, 2, 0, 1, 2, 0, 0, 0, 0, 1, 1, 0, 0, 0, 0, 0, 0, 0, 0, 2, 3, 1, 3, 1, 1, 4, 0, 2, 5, 4, 2, 5, 1, 6, 2, 2, 150, 0, 0, 0, 0, 0, 0]",0,0.5183770840646148,-1,0
685,"[2, 0, 0, 0, 14, 0, 1, 1, 0, 0, 0, 0, 0, 0, 2, 0, 2, 0, 1, 0, 0, 2, 0, 0, 0, 0, 1, 0, 0, 0, 0, 0, 0, 0, 0, 0, 0, 0, 0, 0, 2, 0, 0, 1, 0, 2, 0, 1, 2, 0, 0, 0, 0, 1, 1, 0, 0, 0, 0, 0, 0, 0, 0, 2, 3, 1, 3, 1, 1, 4, 0, 2, 5, 4, 2, 5, 1, 6, 2, 2, 150, 0, 0, 0, 0, 0, 0]",-1,-0.011156508007421491,-1,0
686,"[2, 0, 0, 0, 14, 0, 1, 1, 0, 0, 0, 0, 0, 0, 2, 0, 2, 0, 1, 0, 0, 2, 0, 0, 0, 0, 1, 0, 0, 0, 0, 0, 0, 0, 0, 0, 0, 0, 0, 0, 2, 0, 0, 1, 0, 2, 0, 1, 2, 0, 0, 0, 0, 1, 1, 0, 0, 0, 0, 0, 0, 0, 0, 2, 3, 1, 3, 1, 1, 4, 0, 2, 5, 4, 2, 5, 1, 6, 2, 2, 150, 1, 0, 0, 0, 0, 0]",3,0.37615941559557653,-1,0
687,"[0, 1, 0, 0, 14, 0, 1, 1, 0, 0, 0, 0, 0, 0, 2, 0, 2, 0, 1, 0, 0, 2, 0, 0, 0, 0, 1, 0, 0, 0, 0, 0, 0, 0, 0, 0, 0, 0, 0, 0, 2, 0, 0, 1, 0, 2, 0, 1, 2, 0, 0, 0, 0, 1, 1, 0, 0, 0, 0, 0, 0, 0, 0, 2, 3, 1, 3, 1, 1, 4, 0, 2, 5, 4, 2, 5, 1, 6, 2, 2, 150, 0, 0, 0, 0, 0, 0]","[[2 0 0 0]
 [0 1 0 0]]",-0.02238290249338246,-1,0
688,"[0, 1, 0, 0, 14, 0, 1, 1, 0, 0, 0, 0, 0, 0, 2, 0, 2, 0, 1, 0, 0, 2, 0, 0, 0, 0, 1, 0, 0, 0, 0, 0, 0, 0, 0, 0, 0, 0, 0, 0, 2, 0, 0, 1, 0, 2, 0, 1, 2, 0, 0, 0, 0, 1, 1, 0, 0, 0, 0, 0, 0, 0, 0, 2, 3, 1, 3, 1, 1, 4, 0, 2, 5, 4, 2, 5, 1, 6, 2, 2, 150, 1, 0, 0, 0, 0, 0]",3,0.37615941559557653,-1,0
689,"[0, 1, 0, 0, 14, 0, 1, 1, 0, 0, 0, 0, 0, 0, 2, 0, 2, 0, 1, 0, 0, 2, 0, 0, 0, 0, 1, 0, 0, 0, 0, 0, 0, 0, 0, 0, 0, 0, 0, 0, 2, 0, 0, 1, 0, 2, 0, 1, 2, 0, 0, 0, 0, 1, 1, 0, 0, 0, 0, 0, 0, 0, 0, 2, 3, 1, 3, 1, 1, 4, 0, 2, 5, 4, 2, 5, 1, 6, 2, 2, 150, 0, 0, 0, 0, 0, 0]",-1,-0.011156508007421491,-1,0
690,"[0, 1, 0, 0, 14, 0, 1, 1, 0, 0, 0, 0, 0, 0, 2, 0, 2, 0, 1, 0, 0, 2, 0, 0, 0, 0, 1, 0, 0, 0, 0, 0, 0, 0, 0, 0, 0, 0, 0, 0, 2, 0, 0, 1, 0, 2, 0, 1, 2, 0, 0, 0, 0, 1, 1, 0, 0, 0, 0, 0, 0, 0, 0, 2, 3, 1, 3, 1, 1, 4, 0, 2, 5, 4, 2, 5, 1, 6, 2, 2, 150, 1, 0, 0, 0, 0, 0]",3,0.37615941559557653,-1,0
691,"[0, 1, 0, 0, 14, 0, 1, 1, 0, 0, 0, 0, 0, 0, 2, 0, 2, 0, 1, 0, 0, 2, 0, 0, 0, 0, 1, 0, 0, 0, 0, 0, 0, 0, 0, 0, 0, 0, 0, 0, 2, 0, 0, 1, 0, 2, 0, 1, 2, 0, 0, 0, 0, 1, 1, 0, 0, 0, 0, 0, 0, 0, 0, 2, 3, 1, 3, 1, 1, 4, 0, 2, 5, 4, 2, 5, 1, 6, 2, 2, 150, 0, 0, 0, 0, 0, 0]",-1,-0.011156508007421491,-1,0
692,"[0, 1, 0, 0, 16, 0, 1, 1, 0, 0, 0, 0, 0, 0, 2, 0, 2, 0, 1, 0, 0, 2, 0, 0, 0, 0, 1, 0, 0, 0, 0, 0, 0, 0, 0, 0, 0, 0, 0, 0, 2, 0, 0, 1, 0, 2, 0, 1, 2, 0, 0, 0, 0, 1, 1, 0, 0, 0, 0, 0, 0, 0, 0, 2, 3, 1, 3, 1, 1, 4, 0, 2, 5, 4, 2, 5, 1, 6, 2, 2, 151, 0, 0, 0, 0, 0, 0]",4,11.494361426418928,-1,0
693,"[0, 1, 0, 0, 16, 0, 1, 1, 0, 0, 0, 0, 0, 0, 2, 0, 2, 0, 1, 0, 0, 2, 0, 0, 0, 0, 1, 0, 0, 0, 0, 0, 0, 0, 0, 0, 0, 0, 0, 0, 2, 0, 0, 1, 0, 2, 0, 1, 2, 0, 0, 0, 0, 1, 1, 0, 0, 0, 0, 0, 0, 0, 0, 2, 3, 1, 3, 1, 1, 4, 0, 2, 5, 4, 2, 5, 1, 6, 2, 2, 151, 1, 0, 0, 0, 0, 0]",3,0.37530659048695525,-1,1
694,"[0, 1, 0, 0, 16, 0, 1, 1, 0, 0, 0, 0, 0, 0, 2, 0, 2, 0, 1, 0, 0, 2, 0, 0, 0, 0, 1, 0, 0, 0, 0, 0, 0, 0, 0, 0, 0, 0, 0, 0, 2, 0, 0, 1, 0, 2, 0, 1, 2, 0, 0, 0, 0, 1, 1, 0, 0, 0, 0, 0, 0, 0, 0, 2, 3, 1, 3, 1, 1, 4, 0, 2, 5, 4, 2, 5, 1, 6, 2, 2, 151, 0, 0, 0, 0, 0, 0]",-1,-0.01104549889796891,-1,1
695,"[0, 1, 1, 0, 16, 0, 2, 1, 0, 0, 0, 0, 0, 0, 2, 0, 2, 0, 1, 0, 0, 2, 0, 0, 0, 0, 1, 0, 0, 0, 0, 0, 0, 0, 0, 0, 0, 0, 0, 0, 2, 0, 0, 1, 0, 2, 0, 1, 2, 0, 0, 0, 0, 1, 1, 0, 0, 0, 0, 0, 0, 0, 0, 2, 3, 1, 3, 1, 1, 4, 0, 2, 5, 4, 2, 5, 1, 6, 2, 2, 152, 0, 0, 0, 0, 0, 0]",4,11.128341061115266,-1,1
696,"[0, 1, 1, 0, 16, 0, 2, 1, 0, 0, 0, 0, 0, 0, 2, 0, 2, 0, 1, 0, 0, 2, 0, 0, 0, 0, 1, 0, 0, 0, 0, 0, 0, 0, 0, 0, 0, 0, 0, 0, 2, 0, 0, 1, 0, 2, 0, 1, 2, 0, 0, 0, 0, 1, 1, 0, 0, 0, 0, 0, 0, 0, 0, 2, 3, 1, 3, 1, 1, 4, 0, 2, 5, 4, 2, 5, 1, 6, 2, 2, 152, 0, 1, 0, 0, 0, 0]",2,0.5744276867361837,-1,0
697,"[0, 1, 1, 0, 16, 0, 2, 1, 0, 0, 0, 0, 0, 0, 2, 0, 2, 0, 1, 0, 0, 2, 0, 0, 0, 0, 1, 0, 0, 0, 0, 0, 0, 0, 0, 0, 0, 0, 0, 0, 2, 0, 0, 1, 0, 2, 0, 1, 2, 0, 0, 0, 0, 1, 1, 0, 0, 0, 0, 0, 0, 0, 0, 2, 3, 1, 3, 1, 1, 4, 0, 2, 5, 4, 2, 5, 1, 6, 2, 2, 152, 0, 1, 0, 0, 1, 0]","[[0 1 0 0]
 [0 0 0 1]]",0.8248525517942746,-1,0
698,"[0, 1, 1, 0, 16, 0, 2, 1, 0, 0, 0, 0, 0, 0, 2, 0, 2, 0, 1, 0, 0, 2, 0, 0, 0, 0, 1, 0, 0, 0, 0, 0, 0, 0, 0, 0, 0, 0, 0, 0, 2, 0, 0, 1, 0, 2, 0, 1, 2, 0, 0, 0, 0, 1, 1, 0, 0, 0, 0, 0, 0, 0, 0, 2, 3, 1, 3, 1, 1, 4, 0, 2, 5, 4, 2, 5, 1, 6, 2, 2, 152, 0, 1, 0, 0, 0, 1]",2,-0.025572313263816267,-1,1
699,"[0, 1, 1, 0, 16, 0, 2, 1, 0, 0, 0, 0, 0, 0, 2, 0, 2, 0, 1, 0, 0, 2, 0, 0, 0, 0, 1, 0, 0, 0, 0, 0, 0, 0, 0, 0, 0, 0, 0, 0, 2, 0, 0, 1, 0, 2, 0, 1, 2, 0, 0, 0, 0, 1, 1, 0, 0, 0, 0, 0, 0, 0, 0, 2, 3, 1, 3, 1, 1, 4, 0, 2, 5, 4, 2, 5, 1, 6, 2, 2, 152, 0, 0, 1, 0, 0, 0]","[[2 0 1 0]
 [0 1 1 0]]",-0.025572313263816267,-1,1
700,"[2, 0, 1, 0, 14, 1, 2, 1, 0, 0, 0, 0, 0, 0, 2, 0, 2, 0, 1, 0, 0, 2, 0, 0, 0, 0, 1, 0, 0, 0, 0, 0, 0, 0, 0, 0, 0, 0, 0, 0, 2, 0, 0, 1, 0, 2, 0, 1, 2, 0, 0, 0, 0, 1, 1, 0, 0, 0, 0, 0, 0, 0, 0, 2, 3, 1, 3, 1, 1, 4, 0, 2, 5, 4, 2, 5, 1, 6, 2, 2, 152, 0, 0, 0, 0, 0, 0]",0,-0.025572313263816267,-1,0
701,"[2, 0, 1, 0, 14, 1, 2, 1, 0, 0, 0, 0, 0, 0, 2, 0, 2, 0, 1, 0, 0, 2, 0, 0, 0, 0, 1, 0, 0, 0, 0, 0, 0, 0, 0, 0, 0, 0, 0, 0, 2, 0, 0, 1, 0, 2, 0, 1, 2, 0, 0, 0, 0, 1, 1, 0, 0, 0, 0, 0, 0, 0, 0, 2, 3, 1, 3, 1, 1, 4, 0, 2, 5, 4, 2, 5, 1, 6, 2, 2, 152, 1, 0, 0, 0, 0, 0]",3,0.37442768673618376,-1,0
702,"[0, 0, 2, 0, 14, 1, 2, 1, 0, 0, 0, 0, 0, 0, 2, 0, 2, 0, 1, 0, 0, 2, 0, 0, 0, 0, 1, 0, 0, 0, 0, 0, 0, 0, 0, 0, 0, 0, 0, 0, 2, 0, 0, 1, 0, 2, 0, 1, 2, 0, 0, 0, 0, 1, 1, 0, 0, 0, 0, 0, 0, 0, 0, 2, 3, 1, 3, 1, 1, 4, 0, 2, 5, 4, 2, 5, 1, 6, 2, 2, 152, 0, 0, 0, 0, 0, 0]","[[2 0 0 0]
 [0 0 1 0]]",-0.024114631352775213,-1,0
703,"[0, 0, 2, 0, 14, 1, 2, 1, 0, 0, 0, 0, 0, 0, 2, 0, 2, 0, 1, 0, 0, 2, 0, 0, 0, 0, 1, 0, 0, 0, 0, 0, 0, 0, 0, 0, 0, 0, 0, 0, 2, 0, 0, 1, 0, 2, 0, 1, 2, 0, 0, 0, 0, 1, 1, 0, 0, 0, 0, 0, 0, 0, 0, 2, 3, 1, 3, 1, 1, 4, 0, 2, 5, 4, 2, 5, 1, 6, 2, 2, 152, 1, 0, 0, 0, 0, 0]",3,0.37442768673618376,-1,0
704,"[0, 1, 0, 0, 14, 1, 2, 1, 0, 0, 0, 0, 0, 0, 2, 0, 2, 0, 1, 0, 0, 2, 0, 0, 0, 0, 1, 0, 0, 0, 0, 0, 0, 0, 0, 0, 0, 0, 0, 0, 2, 0, 0, 1, 0, 2, 0, 1, 2, 0, 0, 0, 0, 1, 1, 0, 0, 0, 0, 0, 0, 0, 0, 2, 3, 1, 3, 1, 1, 4, 0, 2, 5, 4, 2, 5, 1, 6, 2, 2, 152, 0, 0, 0, 0, 0, 0]","[[0 0 2 0]
 [0 1 0 0]]",-0.024114631352775213,-1,0
705,"[0, 1, 0, 0, 7, 1, 1, 1, 0, 0, 0, 0, 0, 0, 2, 0, 2, 0, 1, 0, 0, 2, 0, 0, 0, 0, 1, 0, 0, 0, 0, 0, 0, 0, 0, 0, 0, 0, 0, 0, 2, 0, 0, 1, 0, 2, 0, 1, 2, 0, 0, 0, 0, 1, 1, 0, 0, 0, 0, 0, 0, 0, 0, 2, 3, 1, 3, 1, 1, 4, 0, 2, 5, 4, 2, 5, 1, 6, 2, 0, 153, 0, 0, 0, 0, 0, 0]",4,11.492135233903939,-1,0
706,"[0, 1, 0, 0, 7, 1, 1, 1, 0, 0, 0, 0, 0, 0, 2, 0, 2, 0, 1, 0, 0, 2, 0, 0, 0, 0, 1, 0, 0, 0, 0, 0, 0, 0, 0, 0, 0, 0, 0, 0, 2, 0, 0, 1, 0, 2, 0, 1, 2, 0, 0, 0, 0, 1, 1, 0, 0, 0, 0, 0, 0, 0, 0, 2, 3, 1, 3, 1, 1, 4, 0, 2, 5, 4, 2, 5, 1, 6, 2, 0, 153, 0, 1, 0, 0, 0, 0]",2,0.5735222252915869,-1,1
707,"[0, 1, 0, 0, 7, 1, 1, 1, 0, 0, 0, 0, 0, 0, 2, 0, 2, 0, 1, 0, 0, 2, 0, 0, 0, 0, 1, 0, 0, 0, 0, 0, 0, 0, 0, 0, 0, 0, 0, 0, 2, 0, 0, 1, 0, 2, 0, 1, 2, 0, 0, 0, 0, 1, 1, 0, 0, 0, 0, 0, 0, 0, 0, 2, 3, 1, 3, 1, 1, 4, 0, 2, 5, 4, 2, 5, 1, 6, 2, 0, 153, 0, 1, 0, 0, 1, 0]","[[3 0 0 0]
 [0 1 0 0]]",-0.0025934502278427383,-1,1
708,"[0, 1, 0, 0, 7, 1, 1, 1, 0, 0, 0, 0, 0, 0, 2, 0, 2, 0, 1, 0, 0, 2, 0, 0, 0, 0, 1, 0, 0, 0, 0, 0, 0, 0, 0, 0, 0, 0, 0, 0, 2, 0, 0, 1, 0, 2, 0, 1, 2, 0, 0, 0, 0, 1, 1, 0, 0, 0, 0, 0, 0, 0, 0, 2, 3, 1, 3, 1, 1, 4, 0, 2, 5, 4, 2, 5, 1, 6, 2, 0, 153, 0, 0, 0, 0, 0, 0]",1,-0.026477774708413077,-1,0
709,"[0, 1, 0, 0, 7, 1, 1, 1, 0, 0, 0, 0, 0, 0, 2, 0, 2, 0, 1, 0, 0, 2, 0, 0, 0, 0, 1, 0, 0, 0, 0, 0, 0, 0, 0, 0, 0, 0, 0, 0, 2, 0, 0, 1, 0, 2, 0, 1, 2, 0, 0, 0, 0, 1, 1, 0, 0, 0, 0, 0, 0, 0, 0, 2, 3, 1, 3, 1, 1, 4, 0, 2, 5, 4, 2, 5, 1, 6, 2, 0, 153, 0, 0, 0, 0, 0, 0]",-1,-0.010826783365800355,-1,1
710,"[0, 1, 0, 0, 9, 1, 1, 1, 0, 0, 0, 0, 0, 0, 2, 0, 2, 0, 1, 0, 0, 2, 0, 0, 0, 0, 1, 0, 0, 0, 0, 0, 0, 0, 0, 0, 0, 0, 0, 0, 2, 0, 0, 1, 0, 2, 0, 1, 2, 0, 0, 0, 0, 1, 1, 0, 0, 0, 0, 0, 0, 0, 0, 2, 3, 1, 3, 1, 1, 4, 0, 2, 5, 4, 2, 5, 1, 6, 2, 0, 154, 0, 0, 0, 0, 0, 0]",4,11.270355825506481,-1,1
711,"[0, 1, 0, 0, 9, 1, 1, 1, 0, 0, 0, 0, 0, 0, 2, 0, 2, 0, 1, 0, 0, 2, 0, 0, 0, 0, 1, 0, 0, 0, 0, 0, 0, 0, 0, 0, 0, 0, 0, 0, 2, 0, 0, 1, 0, 2, 0, 1, 2, 0, 0, 0, 0, 1, 1, 0, 0, 0, 0, 0, 0, 0, 0, 2, 3, 1, 3, 1, 1, 4, 0, 2, 5, 4, 2, 5, 1, 6, 2, 0, 154, 0, 1, 0, 0, 0, 0]",2,0.572589741484908,-1,0
712,"[0, 1, 0, 0, 9, 1, 1, 1, 0, 0, 0, 0, 0, 0, 2, 0, 2, 0, 1, 0, 0, 2, 0, 0, 0, 0, 1, 0, 0, 0, 0, 0, 0, 0, 0, 0, 0, 0, 0, 0, 2, 0, 0, 1, 0, 2, 0, 1, 2, 0, 0, 0, 0, 1, 1, 0, 0, 0, 0, 0, 0, 0, 0, 2, 3, 1, 3, 1, 1, 4, 0, 2, 5, 4, 2, 5, 1, 6, 2, 0, 154, 0, 1, 0, 0, 1, 0]","[[0 1 0 0]
 [0 0 0 1]]",0.823014606542999,-1,0
713,"[0, 1, 0, 0, 9, 1, 1, 1, 0, 0, 0, 0, 0, 0, 2, 0, 2, 0, 1, 0, 0, 2, 0, 0, 0, 0, 1, 0, 0, 0, 0, 0, 0, 0, 0, 0, 0, 0, 0, 0, 2, 0, 0, 1, 0, 2, 0, 1, 2, 0, 0, 0, 0, 1, 1, 0, 0, 0, 0, 0, 0, 0, 0, 2, 3, 1, 3, 1, 1, 4, 0, 2, 5, 4, 2, 5, 1, 6, 2, 0, 154, 0, 1, 0, 0, 0, 1]",2,-0.027410258515091934,-1,1
714,"[0, 1, 0, 0, 9, 1, 1, 1, 0, 0, 0, 0, 0, 0, 2, 0, 2, 0, 1, 0, 0, 2, 0, 0, 0, 0, 1, 0, 0, 0, 0, 0, 0, 0, 0, 0, 0, 0, 0, 0, 2, 0, 0, 1, 0, 2, 0, 1, 2, 0, 0, 0, 0, 1, 1, 0, 0, 0, 0, 0, 0, 0, 0, 2, 3, 1, 3, 1, 1, 4, 0, 2, 5, 4, 2, 5, 1, 6, 2, 0, 154, 0, 0, 1, 0, 0, 0]","[[4 0 0 0]
 [0 1 0 0]]",-0.027410258515091934,-1,1
715,"[0, 1, 0, 0, 9, 1, 1, 1, 0, 0, 0, 0, 0, 0, 2, 0, 2, 0, 1, 0, 0, 2, 0, 0, 0, 0, 1, 0, 0, 0, 0, 0, 0, 0, 0, 0, 0, 0, 0, 0, 2, 0, 0, 1, 0, 2, 0, 1, 2, 0, 0, 0, 0, 1, 1, 0, 0, 0, 0, 0, 0, 0, 0, 2, 3, 1, 3, 1, 1, 4, 0, 2, 5, 4, 2, 5, 1, 6, 2, 0, 154, 0, 0, 0, 0, 0, 0]",1,-1.6108197514425648,-1,0
716,"[0, 1, 0, 0, 9, 1, 1, 1, 0, 0, 0, 0, 0, 0, 2, 0, 2, 0, 1, 0, 0, 2, 0, 0, 0, 0, 1, 0, 0, 0, 0, 0, 0, 0, 0, 0, 0, 0, 0, 0, 2, 0, 0, 1, 0, 2, 0, 1, 2, 0, 0, 0, 0, 1, 1, 0, 0, 0, 0, 0, 0, 0, 0, 2, 3, 1, 3, 1, 1, 4, 0, 2, 5, 4, 2, 5, 1, 6, 2, 0, 154, 1, 0, 0, 0, 0, 0]",3,0.3725897414849081,-1,0
717,"[0, 1, 0, 0, 9, 1, 1, 1, 0, 0, 0, 0, 0, 0, 2, 0, 2, 0, 1, 0, 0, 2, 0, 0, 0, 0, 1, 0, 0, 0, 0, 0, 0, 0, 0, 0, 0, 0, 0, 0, 2, 0, 0, 1, 0, 2, 0, 1, 2, 0, 0, 0, 0, 1, 1, 0, 0, 0, 0, 0, 0, 0, 0, 2, 3, 1, 3, 1, 1, 4, 0, 2, 5, 4, 2, 5, 1, 6, 2, 0, 154, 0, 0, 0, 0, 0, 0]",-1,-0.010719055071348897,-1,0
718,"[0, 1, 0, 0, 9, 1, 1, 1, 0, 0, 0, 0, 0, 0, 2, 0, 2, 0, 1, 0, 0, 2, 0, 0, 0, 0, 1, 0, 0, 0, 0, 0, 0, 0, 0, 0, 0, 0, 0, 0, 2, 0, 0, 1, 0, 2, 0, 1, 2, 0, 0, 0, 0, 1, 1, 0, 0, 0, 0, 0, 0, 0, 0, 2, 3, 1, 3, 1, 1, 4, 0, 2, 5, 4, 2, 5, 1, 6, 2, 0, 154, 0, 1, 0, 0, 0, 0]",2,0.572589741484908,-1,0
719,"[0, 1, 0, 0, 9, 1, 1, 1, 0, 0, 0, 0, 0, 0, 2, 0, 2, 0, 1, 0, 0, 2, 0, 0, 0, 0, 1, 0, 0, 0, 0, 0, 0, 0, 0, 0, 0, 0, 0, 0, 2, 0, 0, 1, 0, 2, 0, 1, 2, 0, 0, 0, 0, 1, 1, 0, 0, 0, 0, 0, 0, 0, 0, 2, 3, 1, 3, 1, 1, 4, 0, 2, 5, 4, 2, 5, 1, 6, 2, 0, 154, 0, 1, 0, 0, 1, 0]","[[0 1 0 0]
 [1 0 0 0]]",0.823014606542999,-1,0
720,"[0, 1, 0, 0, 9, 1, 1, 1, 0, 0, 0, 0, 0, 0, 2, 0, 2, 0, 1, 0, 0, 2, 0, 0, 0, 0, 1, 0, 0, 0, 0, 0, 0, 0, 0, 0, 0, 0, 0, 0, 2, 0, 0, 1, 0, 2, 0, 1, 2, 0, 0, 0, 0, 1, 1, 0, 0, 0, 0, 0, 0, 0, 0, 2, 3, 1, 3, 1, 1, 4, 0, 2, 5, 4, 2, 5, 1, 6, 2, 0, 154, 0, 0, 0, 0, 0, 0]",1,-4.027410258515092,-1,1
721,"[0, 1, 0, 0, 11, 1, 1, 1, 0, 0, 0, 0, 0, 0, 2, 0, 2, 0, 1, 0, 0, 2, 0, 0, 0, 0, 1, 0, 0, 0, 0, 0, 0, 0, 0, 0, 0, 0, 0, 0, 2, 0, 0, 1, 0, 2, 0, 1, 2, 0, 0, 0, 0, 1, 1, 0, 0, 0, 0, 0, 0, 0, 0, 2, 3, 1, 3, 1, 1, 4, 0, 2, 5, 4, 2, 5, 1, 6, 2, 0, 155, 0, 0, 0, 0, 0, 0]",4,11.48980971707973,-1,0
722,"[0, 1, 0, 0, 11, 1, 1, 1, 0, 0, 0, 0, 0, 0, 2, 0, 2, 0, 1, 0, 0, 2, 0, 0, 0, 0, 1, 0, 0, 0, 0, 0, 0, 0, 0, 0, 0, 0, 0, 0, 2, 0, 0, 1, 0, 2, 0, 1, 2, 0, 0, 0, 0, 1, 1, 0, 0, 0, 0, 0, 0, 0, 0, 2, 3, 1, 3, 1, 1, 4, 0, 2, 5, 4, 2, 5, 1, 6, 2, 0, 155, 0, 1, 0, 0, 0, 0]",2,0.5716297870199024,-1,1
723,"[0, 1, 0, 0, 11, 1, 1, 1, 0, 0, 0, 0, 0, 0, 2, 0, 2, 0, 1, 0, 0, 2, 0, 0, 0, 0, 1, 0, 0, 0, 0, 0, 0, 0, 0, 0, 0, 0, 0, 0, 2, 0, 0, 1, 0, 2, 0, 1, 2, 0, 0, 0, 0, 1, 1, 0, 0, 0, 0, 0, 0, 0, 0, 2, 3, 1, 3, 1, 1, 4, 0, 2, 5, 4, 2, 5, 1, 6, 2, 0, 155, 0, 0, 0, 0, 0, 0]",-1,-0.010612398691337153,-1,1
724,"[1, 1, 0, 0, 12, 1, 1, 1, 0, 0, 0, 0, 0, 0, 2, 0, 2, 0, 1, 0, 0, 2, 0, 0, 0, 0, 1, 0, 0, 0, 0, 0, 0, 0, 0, 0, 0, 0, 0, 0, 2, 0, 0, 1, 0, 2, 0, 1, 2, 0, 0, 0, 0, 1, 1, 0, 0, 0, 0, 0, 0, 0, 0, 2, 3, 1, 3, 1, 1, 4, 0, 2, 5, 4, 2, 5, 1, 6, 2, 0, 156, 0, 0, 0, 0, 0, 0]",4,11.190647534894344,-1,1
725,"[1, 1, 0, 0, 12, 1, 1, 1, 0, 0, 0, 0, 0, 0, 2, 0, 2, 0, 1, 0, 0, 2, 0, 0, 0, 0, 1, 0, 0, 0, 0, 0, 0, 0, 0, 0, 0, 0, 0, 0, 2, 0, 0, 1, 0, 2, 0, 1, 2, 0, 0, 0, 0, 1, 1, 0, 0, 0, 0, 0, 0, 0, 0, 2, 3, 1, 3, 1, 1, 4, 0, 2, 5, 4, 2, 5, 1, 6, 2, 0, 156, 0, 0, 0, 0, 0, 0]",0,0.5128596005087618,-1,0
726,"[1, 1, 0, 0, 12, 1, 1, 1, 0, 0, 0, 0, 0, 0, 2, 0, 2, 0, 1, 0, 0, 2, 0, 0, 0, 0, 1, 0, 0, 0, 0, 0, 0, 0, 0, 0, 0, 0, 0, 0, 2, 0, 0, 1, 0, 2, 0, 1, 2, 0, 0, 0, 0, 1, 1, 0, 0, 0, 0, 0, 0, 0, 0, 2, 3, 1, 3, 1, 1, 4, 0, 2, 5, 4, 2, 5, 1, 6, 2, 0, 156, 0, 0, 0, 0, 0, 0]",-1,-0.010506803560038237,-1,0
727,"[1, 1, 1, 0, 12, 1, 2, 1, 0, 0, 0, 0, 0, 0, 2, 0, 2, 0, 1, 0, 0, 2, 0, 0, 0, 0, 1, 0, 0, 0, 0, 0, 0, 0, 0, 0, 0, 0, 0, 0, 2, 0, 0, 1, 0, 2, 0, 1, 2, 0, 0, 0, 0, 1, 1, 0, 0, 0, 0, 0, 0, 0, 0, 2, 3, 1, 3, 1, 1, 4, 0, 2, 5, 4, 2, 5, 1, 6, 2, 0, 157, 0, 0, 0, 0, 0, 0]",4,11.92403265839887,-1,0
728,"[1, 1, 1, 0, 12, 1, 2, 1, 0, 0, 0, 0, 0, 0, 2, 0, 2, 0, 1, 0, 0, 2, 0, 0, 0, 0, 1, 0, 0, 0, 0, 0, 0, 0, 0, 0, 0, 0, 0, 0, 2, 0, 0, 1, 0, 2, 0, 1, 2, 0, 0, 0, 0, 1, 1, 0, 0, 0, 0, 0, 0, 0, 0, 2, 3, 1, 3, 1, 1, 4, 0, 2, 5, 4, 2, 5, 1, 6, 2, 0, 157, 1, 0, 0, 0, 0, 0]",3,0.36962576726866814,-1,1
729,"[1, 1, 1, 0, 12, 1, 2, 1, 0, 0, 0, 0, 0, 0, 2, 0, 2, 0, 1, 0, 0, 2, 0, 0, 0, 0, 1, 0, 0, 0, 0, 0, 0, 0, 0, 0, 0, 0, 0, 0, 2, 0, 0, 1, 0, 2, 0, 1, 2, 0, 0, 0, 0, 1, 1, 0, 0, 0, 0, 0, 0, 0, 0, 2, 3, 1, 3, 1, 1, 4, 0, 2, 5, 4, 2, 5, 1, 6, 2, 0, 157, 0, 0, 0, 0, 0, 0]",-1,-0.010402259117851025,-1,1
730,"[1, 1, 1, 0, 12, 1, 2, 1, 0, 0, 0, 0, 0, 0, 2, 0, 2, 0, 1, 0, 0, 2, 0, 0, 0, 0, 1, 0, 0, 0, 0, 0, 0, 0, 0, 0, 0, 0, 0, 0, 2, 0, 0, 1, 0, 2, 0, 1, 2, 0, 0, 0, 0, 1, 1, 0, 0, 0, 0, 0, 0, 0, 0, 2, 3, 1, 3, 1, 1, 4, 0, 2, 5, 4, 2, 5, 1, 6, 2, 0, 158, 0, 0, 0, 0, 0, 0]",4,11.252157219387218,-1,1
731,"[1, 1, 1, 0, 12, 1, 2, 1, 0, 0, 0, 0, 0, 0, 2, 0, 2, 0, 1, 0, 0, 2, 0, 0, 0, 0, 1, 0, 0, 0, 0, 0, 0, 0, 0, 0, 0, 0, 0, 0, 2, 0, 0, 1, 0, 2, 0, 1, 2, 0, 0, 0, 0, 1, 1, 0, 0, 0, 0, 0, 0, 0, 0, 2, 3, 1, 3, 1, 1, 4, 0, 2, 5, 4, 2, 5, 1, 6, 2, 0, 158, 0, 1, 0, 0, 0, 0]",2,0.5685809062229095,-1,0
732,"[1, 1, 1, 0, 12, 1, 2, 1, 0, 0, 0, 0, 0, 0, 2, 0, 2, 0, 1, 0, 0, 2, 0, 0, 0, 0, 1, 0, 0, 0, 0, 0, 0, 0, 0, 0, 0, 0, 0, 0, 2, 0, 0, 1, 0, 2, 0, 1, 2, 0, 0, 0, 0, 1, 1, 0, 0, 0, 0, 0, 0, 0, 0, 2, 3, 1, 3, 1, 1, 4, 0, 2, 5, 4, 2, 5, 1, 6, 2, 0, 158, 0, 1, 0, 0, 1, 0]","[[0 0 1 0]
 [0 0 0 1]]",0.8190057712810004,-1,0
733,"[1, 1, 1, 0, 12, 1, 2, 1, 0, 0, 0, 0, 0, 0, 2, 0, 2, 0, 1, 0, 0, 2, 0, 0, 0, 0, 1, 0, 0, 0, 0, 0, 0, 0, 0, 0, 0, 0, 0, 0, 2, 0, 0, 1, 0, 2, 0, 1, 2, 0, 0, 0, 0, 1, 1, 0, 0, 0, 0, 0, 0, 0, 0, 2, 3, 1, 3, 1, 1, 4, 0, 2, 5, 4, 2, 5, 1, 6, 2, 0, 158, 0, 1, 0, 0, 0, 1]",2,-0.03141909377709055,-1,1
734,"[1, 1, 1, 0, 12, 1, 2, 1, 0, 0, 0, 0, 0, 0, 2, 0, 2, 0, 1, 0, 0, 2, 0, 0, 0, 0, 1, 0, 0, 0, 0, 0, 0, 0, 0, 0, 0, 0, 0, 0, 2, 0, 0, 1, 0, 2, 0, 1, 2, 0, 0, 0, 0, 1, 1, 0, 0, 0, 0, 0, 0, 0, 0, 2, 3, 1, 3, 1, 1, 4, 0, 2, 5, 4, 2, 5, 1, 6, 2, 0, 158, 0, 0, 1, 0, 0, 0]","[[1 0 1 0]
 [1 1 1 0]]",-0.03141909377709055,-1,1
735,"[1, 1, 1, 0, 12, 1, 2, 1, 0, 0, 0, 0, 0, 0, 2, 0, 2, 0, 1, 0, 0, 2, 0, 0, 0, 0, 1, 0, 0, 0, 0, 0, 0, 0, 0, 0, 0, 0, 0, 0, 2, 0, 0, 1, 0, 2, 0, 1, 2, 0, 0, 0, 0, 1, 1, 0, 0, 0, 0, 0, 0, 0, 0, 2, 3, 1, 3, 1, 1, 4, 0, 2, 5, 4, 2, 5, 1, 6, 2, 0, 158, 0, 0, 0, 0, 0, 0]",1,-2.1010135859689125,-1,0
736,"[1, 1, 1, 0, 12, 1, 2, 1, 0, 0, 0, 0, 0, 0, 2, 0, 2, 0, 1, 0, 0, 2, 0, 0, 0, 0, 1, 0, 0, 0, 0, 0, 0, 0, 0, 0, 0, 0, 0, 0, 2, 0, 0, 1, 0, 2, 0, 1, 2, 0, 0, 0, 0, 1, 1, 0, 0, 0, 0, 0, 0, 0, 0, 2, 3, 1, 3, 1, 1, 4, 0, 2, 5, 4, 2, 5, 1, 6, 2, 0, 158, 0, 1, 0, 0, 0, 0]",2,0.5685809062229095,-1,0
737,"[1, 1, 1, 0, 12, 1, 2, 1, 0, 0, 0, 0, 0, 0, 2, 0, 2, 0, 1, 0, 0, 2, 0, 0, 0, 0, 1, 0, 0, 0, 0, 0, 0, 0, 0, 0, 0, 0, 0, 0, 2, 0, 0, 1, 0, 2, 0, 1, 2, 0, 0, 0, 0, 1, 1, 0, 0, 0, 0, 0, 0, 0, 0, 2, 3, 1, 3, 1, 1, 4, 0, 2, 5, 4, 2, 5, 1, 6, 2, 0, 158, 0, 1, 0, 0, 1, 0]","[[0 0 1 0]
 [0 0 0 1]]",0.8190057712810004,-1,0
738,"[1, 1, 0, 1, 12, 1, 3, 0, 0, 0, 0, 0, 0, 0, 2, 0, 2, 0, 1, 0, 0, 2, 0, 0, 0, 0, 1, 0, 0, 0, 0, 0, 0, 0, 0, 0, 0, 0, 0, 0, 2, 0, 0, 1, 0, 2, 0, 1, 2, 0, 0, 0, 0, 1, 1, 0, 0, 0, 0, 0, 0, 0, 0, 2, 3, 1, 3, 1, 1, 4, 0, 2, 5, 4, 2, 5, 1, 6, 2, 0, 158, 0, 0, 0, 0, 0, 0]",0,-0.03141909377709055,-1,1
739,"[1, 1, 0, 1, 12, 1, 3, 0, 0, 0, 0, 0, 0, 0, 2, 0, 2, 0, 1, 0, 0, 2, 0, 0, 0, 0, 1, 0, 0, 0, 0, 0, 0, 0, 0, 0, 0, 0, 0, 0, 2, 0, 0, 1, 0, 2, 0, 1, 2, 0, 0, 0, 0, 1, 1, 0, 0, 0, 0, 0, 0, 0, 0, 2, 3, 1, 3, 1, 1, 4, 0, 2, 5, 4, 2, 5, 1, 6, 2, 0, 158, 0, 0, 0, 0, 0, 0]",0,0.5107985746919478,-1,0
740,"[1, 1, 0, 1, 12, 1, 3, 0, 0, 0, 0, 0, 0, 0, 2, 0, 2, 0, 1, 0, 0, 2, 0, 0, 0, 0, 1, 0, 0, 0, 0, 0, 0, 0, 0, 0, 0, 0, 0, 0, 2, 0, 0, 1, 0, 2, 0, 1, 2, 0, 0, 0, 0, 1, 1, 0, 0, 0, 0, 0, 0, 0, 0, 2, 3, 1, 3, 1, 1, 4, 0, 2, 5, 4, 2, 5, 1, 6, 2, 0, 158, 0, 0, 0, 0, 0, 0]",-1,-0.010298754910244172,-1,0
741,"[1, 1, 0, 1, 12, 1, 3, 0, 0, 0, 0, 0, 0, 0, 2, 0, 2, 0, 1, 0, 0, 2, 0, 0, 0, 0, 1, 0, 0, 0, 0, 0, 0, 0, 0, 0, 0, 0, 0, 0, 2, 0, 0, 1, 0, 2, 0, 1, 2, 0, 0, 0, 0, 1, 1, 0, 0, 0, 0, 0, 0, 0, 0, 2, 3, 1, 3, 1, 1, 4, 0, 2, 5, 4, 2, 5, 1, 6, 2, 0, 158, 1, 0, 0, 0, 0, 0]",3,0.36858090622290945,-1,0
742,"[1, 1, 0, 1, 12, 1, 3, 0, 0, 0, 0, 0, 0, 0, 2, 0, 2, 0, 1, 0, 0, 2, 0, 0, 0, 0, 1, 0, 0, 0, 0, 0, 0, 0, 0, 0, 0, 0, 0, 0, 2, 0, 0, 1, 0, 2, 0, 1, 2, 0, 0, 0, 0, 1, 1, 0, 0, 0, 0, 0, 0, 0, 0, 2, 3, 1, 3, 1, 1, 4, 0, 2, 5, 4, 2, 5, 1, 6, 2, 0, 158, 0, 0, 0, 0, 0, 0]",-1,-0.010298754910244172,-1,0
743,"[2, 1, 0, 1, 13, 1, 3, 0, 0, 0, 0, 0, 0, 0, 2, 0, 2, 0, 1, 0, 0, 2, 0, 0, 0, 0, 1, 0, 0, 0, 0, 0, 0, 0, 0, 0, 0, 0, 0, 0, 2, 0, 0, 1, 0, 2, 0, 1, 2, 0, 0, 0, 0, 1, 1, 0, 0, 0, 0, 0, 0, 0, 0, 2, 3, 1, 3, 1, 1, 4, 0, 2, 5, 4, 2, 5, 1, 6, 2, 0, 159, 0, 0, 0, 0, 0, 0]",4,11.761873060678191,-1,0
744,"[2, 1, 0, 1, 13, 1, 3, 0, 0, 0, 0, 0, 0, 0, 2, 0, 2, 0, 1, 0, 0, 2, 0, 0, 0, 0, 1, 0, 0, 0, 0, 0, 0, 0, 0, 0, 0, 0, 0, 0, 2, 0, 0, 1, 0, 2, 0, 1, 2, 0, 0, 0, 0, 1, 1, 0, 0, 0, 0, 0, 0, 0, 0, 2, 3, 1, 3, 1, 1, 4, 0, 2, 5, 4, 2, 5, 1, 6, 2, 0, 159, 0, 0, 0, 0, 0, 0]",-1,-0.010196280586710672,-1,1
745,"[2, 1, 0, 1, 13, 1, 3, 0, 0, 0, 0, 0, 0, 0, 2, 0, 2, 0, 1, 0, 0, 2, 0, 0, 0, 0, 1, 0, 0, 0, 0, 0, 0, 0, 0, 0, 0, 0, 0, 0, 2, 0, 0, 1, 0, 2, 0, 1, 2, 0, 0, 0, 0, 1, 1, 0, 0, 0, 0, 0, 0, 0, 0, 2, 3, 1, 3, 1, 1, 4, 0, 2, 5, 4, 2, 5, 1, 6, 2, 0, 159, 0, 0, 0, 0, 0, 0]",-1,-0.010196280586710672,-1,1
746,"[2, 1, 0, 1, 13, 1, 3, 0, 0, 0, 0, 0, 0, 0, 2, 0, 2, 0, 1, 0, 0, 2, 0, 0, 0, 0, 1, 0, 0, 0, 0, 0, 0, 0, 0, 0, 0, 0, 0, 0, 2, 0, 0, 1, 0, 2, 0, 1, 2, 0, 0, 0, 0, 1, 1, 0, 0, 0, 0, 0, 0, 0, 0, 2, 3, 1, 3, 1, 1, 4, 0, 2, 5, 4, 2, 5, 1, 6, 2, 0, 160, 0, 0, 0, 0, 0, 0]",4,11.214974767228792,-1,1
747,"[2, 1, 0, 1, 13, 1, 3, 0, 0, 0, 0, 0, 0, 0, 2, 0, 2, 0, 1, 0, 0, 2, 0, 0, 0, 0, 1, 0, 0, 0, 0, 0, 0, 0, 0, 0, 0, 0, 0, 0, 2, 0, 0, 1, 0, 2, 0, 1, 2, 0, 0, 0, 0, 1, 1, 0, 0, 0, 0, 0, 0, 0, 0, 2, 3, 1, 3, 1, 1, 4, 0, 2, 5, 4, 2, 5, 1, 6, 2, 0, 161, 0, 0, 0, 0, 0, 0]",4,11.759228885769508,-1,0
748,"[2, 1, 0, 1, 13, 1, 3, 0, 0, 0, 0, 0, 0, 0, 2, 0, 2, 0, 1, 0, 0, 2, 0, 0, 0, 0, 1, 0, 0, 0, 0, 0, 0, 0, 0, 0, 0, 0, 0, 0, 2, 0, 0, 1, 0, 2, 0, 1, 2, 0, 0, 0, 0, 1, 1, 0, 0, 0, 0, 0, 0, 0, 0, 2, 3, 1, 3, 1, 1, 4, 0, 2, 5, 4, 2, 5, 1, 6, 2, 0, 161, 0, 1, 0, 0, 0, 0]",2,0.565270670596199,-1,1
749,"[2, 1, 0, 1, 13, 1, 3, 0, 0, 0, 0, 0, 0, 0, 2, 0, 2, 0, 1, 0, 0, 2, 0, 0, 0, 0, 1, 0, 0, 0, 0, 0, 0, 0, 0, 0, 0, 0, 0, 0, 2, 0, 0, 1, 0, 2, 0, 1, 2, 0, 0, 0, 0, 1, 1, 0, 0, 0, 0, 0, 0, 0, 0, 2, 3, 1, 3, 1, 1, 4, 0, 2, 5, 4, 2, 5, 1, 6, 2, 0, 161, 0, 1, 0, 0, 1, 0]","[[5 0 1 0]
 [2 1 0 1]]",-0.01084500492323067,-1,1
750,"[2, 1, 0, 1, 13, 1, 3, 0, 0, 0, 0, 0, 0, 0, 2, 0, 2, 0, 1, 0, 0, 2, 0, 0, 0, 0, 1, 0, 0, 0, 0, 0, 0, 0, 0, 0, 0, 0, 0, 0, 2, 0, 0, 1, 0, 2, 0, 1, 2, 0, 0, 0, 0, 1, 1, 0, 0, 0, 0, 0, 0, 0, 0, 2, 3, 1, 3, 1, 1, 4, 0, 2, 5, 4, 2, 5, 1, 6, 2, 0, 161, 0, 0, 0, 0, 0, 0]",1,-0.03472932940380101,-1,0
751,"[2, 1, 0, 1, 13, 1, 3, 0, 0, 0, 0, 0, 0, 0, 2, 0, 2, 0, 1, 0, 0, 2, 0, 0, 0, 0, 1, 0, 0, 0, 0, 0, 0, 0, 0, 0, 0, 0, 0, 0, 2, 0, 0, 1, 0, 2, 0, 1, 2, 0, 0, 0, 0, 1, 1, 0, 0, 0, 0, 0, 0, 0, 0, 2, 3, 1, 3, 1, 1, 4, 0, 2, 5, 4, 2, 5, 1, 6, 2, 0, 161, 0, 0, 0, 0, 0, 0]",0,0.5509326891700518,-1,1
752,"[2, 1, 0, 1, 13, 1, 3, 0, 0, 0, 0, 0, 0, 0, 2, 0, 2, 0, 1, 0, 0, 2, 0, 0, 0, 0, 1, 0, 0, 0, 0, 0, 0, 0, 0, 0, 0, 0, 0, 0, 2, 0, 0, 1, 0, 2, 0, 1, 2, 0, 0, 0, 0, 1, 1, 0, 0, 0, 0, 0, 0, 0, 0, 2, 3, 1, 3, 1, 1, 4, 0, 2, 5, 4, 2, 5, 1, 6, 2, 0, 161, 0, 0, 0, 0, 0, 0]",-1,-0.009994380703757225,-1,1
753,"[2, 1, 0, 1, 15, 1, 3, 0, 0, 0, 0, 0, 0, 0, 2, 0, 2, 0, 1, 0, 0, 2, 0, 0, 0, 0, 1, 0, 0, 0, 0, 0, 0, 0, 0, 0, 0, 0, 0, 0, 2, 0, 0, 1, 0, 2, 0, 1, 2, 0, 0, 0, 0, 1, 1, 0, 0, 0, 0, 0, 0, 0, 0, 2, 3, 1, 3, 1, 1, 4, 0, 2, 5, 4, 2, 5, 1, 6, 2, 0, 162, 0, 0, 0, 0, 0, 0]",4,11.180117659834645,-1,1
754,"[2, 1, 0, 1, 15, 1, 3, 0, 0, 0, 0, 0, 0, 0, 2, 0, 2, 0, 1, 0, 0, 2, 0, 0, 0, 0, 1, 0, 0, 0, 0, 0, 0, 0, 0, 0, 0, 0, 0, 0, 2, 0, 0, 1, 0, 2, 0, 1, 2, 0, 0, 0, 0, 1, 1, 0, 0, 0, 0, 0, 0, 0, 0, 2, 3, 1, 3, 1, 1, 4, 0, 2, 5, 4, 2, 5, 1, 6, 2, 0, 162, 0, 1, 0, 0, 0, 0]",2,0.5641076961185346,-1,0
755,"[2, 1, 0, 1, 15, 1, 3, 0, 0, 0, 0, 0, 0, 0, 2, 0, 2, 0, 1, 0, 0, 2, 0, 0, 0, 0, 1, 0, 0, 0, 0, 0, 0, 0, 0, 0, 0, 0, 0, 0, 2, 0, 0, 1, 0, 2, 0, 1, 2, 0, 0, 0, 0, 1, 1, 0, 0, 0, 0, 0, 0, 0, 0, 2, 3, 1, 3, 1, 1, 4, 0, 2, 5, 4, 2, 5, 1, 6, 2, 0, 162, 0, 1, 0, 0, 1, 0]","[[1 0 0 0]
 [0 0 1 0]]",0.8145325611766255,-1,0
756,"[1, 1, 1, 1, 16, 1, 2, 0, 0, 0, 0, 0, 0, 0, 2, 0, 2, 0, 1, 0, 0, 2, 0, 0, 0, 0, 1, 0, 0, 0, 0, 0, 0, 0, 0, 0, 0, 0, 0, 0, 2, 0, 0, 1, 0, 2, 0, 1, 2, 0, 0, 0, 0, 1, 1, 0, 0, 0, 0, 0, 0, 0, 0, 2, 3, 1, 3, 1, 1, 4, 0, 2, 5, 4, 2, 5, 1, 6, 2, 0, 162, 0, 0, 0, 0, 0, 0]",0,-0.035892303881465366,-1,1
757,"[1, 1, 1, 1, 16, 1, 2, 0, 0, 0, 0, 0, 0, 0, 2, 0, 2, 0, 1, 0, 0, 2, 0, 0, 0, 0, 1, 0, 0, 0, 0, 0, 0, 0, 0, 0, 0, 0, 0, 0, 2, 0, 0, 1, 0, 2, 0, 1, 2, 0, 0, 0, 0, 1, 1, 0, 0, 0, 0, 0, 0, 0, 0, 2, 3, 1, 3, 1, 1, 4, 0, 2, 5, 4, 2, 5, 1, 6, 2, 0, 162, 0, 0, 0, 0, 0, 0]",0,0.5063253645875729,-1,0
758,"[1, 1, 1, 1, 16, 1, 2, 0, 0, 0, 0, 0, 0, 0, 2, 0, 2, 0, 1, 0, 0, 2, 0, 0, 0, 0, 1, 0, 0, 0, 0, 0, 0, 0, 0, 0, 0, 0, 0, 0, 2, 0, 0, 1, 0, 2, 0, 1, 2, 0, 0, 0, 0, 1, 1, 0, 0, 0, 0, 0, 0, 0, 0, 2, 3, 1, 3, 1, 1, 4, 0, 2, 5, 4, 2, 5, 1, 6, 2, 0, 162, 0, 0, 0, 0, 0, 0]",-1,-0.009894934954180734,-1,0
759,"[1, 1, 1, 1, 16, 1, 2, 2, 0, 0, 0, 0, 0, 0, 2, 0, 2, 0, 1, 0, 0, 2, 0, 0, 0, 0, 1, 0, 0, 0, 0, 0, 0, 0, 0, 0, 0, 0, 0, 0, 2, 0, 0, 1, 0, 2, 0, 1, 2, 0, 0, 0, 0, 1, 1, 0, 0, 0, 0, 0, 0, 0, 0, 2, 3, 1, 3, 1, 1, 4, 0, 2, 5, 4, 2, 5, 1, 6, 2, 0, 163, 0, 0, 0, 0, 0, 0]",4,12.582704386049764,-1,0
760,"[1, 1, 1, 1, 16, 1, 2, 2, 0, 0, 0, 0, 0, 0, 2, 0, 2, 0, 1, 0, 0, 2, 0, 0, 0, 0, 1, 0, 0, 0, 0, 0, 0, 0, 0, 0, 0, 0, 0, 0, 2, 0, 0, 1, 0, 2, 0, 1, 2, 0, 0, 0, 0, 1, 1, 0, 0, 0, 0, 0, 0, 0, 0, 2, 3, 1, 3, 1, 1, 4, 0, 2, 5, 4, 2, 5, 1, 6, 2, 0, 163, 0, 0, 0, 0, 0, 0]",0,0.5485765347152564,-1,1
761,"[1, 1, 1, 1, 15, 0, 2, 2, 0, 0, 0, 0, 0, 0, 2, 0, 2, 0, 1, 0, 0, 2, 0, 0, 0, 0, 1, 0, 0, 0, 0, 0, 0, 0, 0, 0, 0, 0, 0, 0, 2, 0, 0, 1, 0, 2, 2, 1, 2, 0, 0, 0, 0, 1, 1, 0, 0, 0, 0, 0, 0, 0, 0, 2, 3, 1, 3, 1, 1, 4, 0, 2, 5, 4, 2, 5, 1, 6, 2, 0, 163, 0, 0, 0, 0, 0, 0]",14,0.5853738473432581,-1,1
762,"[1, 1, 1, 1, 15, 0, 2, 2, 0, 0, 0, 0, 0, 0, 2, 0, 2, 0, 1, 0, 0, 2, 0, 0, 0, 0, 1, 0, 0, 0, 0, 0, 0, 0, 0, 0, 0, 0, 0, 0, 2, 0, 0, 1, 0, 2, 2, 1, 2, 0, 0, 0, 0, 1, 1, 0, 0, 0, 0, 0, 0, 0, 0, 2, 3, 1, 3, 1, 1, 4, 0, 2, 5, 4, 2, 5, 1, 6, 2, 0, 163, 0, 0, 0, 0, 0, 0]",-1,-0.009796478706345467,-1,1
763,"[1, 1, 1, 1, 15, 0, 2, 2, 0, 0, 0, 0, 0, 0, 2, 0, 2, 0, 1, 0, 0, 2, 0, 0, 0, 0, 1, 0, 0, 0, 0, 0, 0, 0, 0, 0, 0, 0, 0, 0, 2, 0, 0, 1, 0, 2, 2, 1, 2, 0, 0, 0, 0, 1, 1, 0, 0, 0, 0, 0, 0, 0, 0, 2, 3, 1, 3, 1, 1, 4, 0, 2, 5, 4, 2, 5, 1, 6, 2, 0, 164, 0, 0, 0, 0, 0, 0]",4,12.442464240741002,-1,1
764,"[1, 1, 1, 1, 15, 0, 2, 2, 0, 0, 0, 0, 0, 0, 2, 0, 2, 0, 1, 0, 0, 2, 0, 0, 0, 0, 1, 0, 0, 0, 0, 0, 0, 0, 0, 0, 0, 0, 0, 0, 2, 0, 0, 1, 0, 2, 2, 1, 2, 0, 0, 0, 0, 1, 1, 0, 0, 0, 0, 0, 0, 0, 0, 2, 3, 1, 3, 1, 1, 4, 0, 2, 5, 4, 2, 5, 1, 6, 2, 0, 164, 0, 0, 0, 0, 0, 0]",1,0.7713150453873232,-1,0
765,"[0, 0, 0, 0, 15, 0, 2, 2, 0, 0, 0, 0, 0, 0, 2, 0, 2, 0, 1, 0, 0, 2, 0, 0, 1, 0, 1, 0, 0, 0, 0, 0, 0, 0, 0, 0, 0, 0, 0, 0, 2, 0, 0, 1, 0, 2, 2, 1, 2, 0, 0, 0, 0, 1, 1, 0, 0, 0, 0, 0, 0, 0, 0, 3, 3, 1, 3, 1, 1, 4, 0, 2, 5, 4, 2, 5, 1, 6, 2, 0, 164, 0, 0, 0, 0, 0, 0]",16,5.349774961217767,-1,0
766,"[0, 0, 0, 0, 15, 0, 2, 2, 0, 0, 0, 0, 0, 0, 2, 0, 2, 0, 1, 0, 0, 2, 0, 0, 1, 0, 1, 0, 0, 0, 0, 0, 0, 0, 0, 0, 0, 0, 0, 0, 2, 0, 0, 1, 0, 2, 2, 1, 2, 0, 0, 0, 0, 1, 1, 0, 0, 0, 0, 0, 0, 0, 0, 3, 3, 1, 3, 1, 1, 4, 0, 2, 5, 4, 2, 5, 1, 6, 2, 0, 164, 1, 0, 0, 0, 0, 0]",3,0.3616909302877065,-1,0
767,"[0, 0, 0, 0, 15, 0, 2, 2, 0, 0, 0, 0, 0, 0, 2, 0, 2, 0, 1, 0, 0, 2, 0, 0, 1, 0, 1, 0, 0, 0, 0, 0, 0, 0, 0, 0, 0, 0, 0, 0, 2, 0, 0, 1, 0, 2, 2, 1, 2, 0, 0, 0, 0, 1, 1, 0, 0, 0, 0, 0, 0, 0, 0, 3, 3, 1, 3, 1, 1, 4, 0, 2, 5, 4, 2, 5, 1, 6, 2, 0, 164, 0, 0, 0, 0, 0, 0]",-1,-0.009699002114544594,-1,0
768,"[0, 0, 0, 0, 15, 0, 2, 2, 0, 0, 0, 0, 0, 0, 2, 0, 2, 0, 1, 0, 0, 2, 0, 0, 1, 0, 1, 0, 0, 0, 0, 0, 0, 0, 0, 0, 0, 0, 0, 0, 2, 0, 0, 1, 0, 2, 2, 1, 2, 0, 0, 0, 0, 1, 1, 0, 0, 0, 0, 0, 0, 0, 0, 3, 3, 1, 3, 1, 1, 4, 0, 2, 5, 4, 2, 5, 1, 6, 2, 0, 165, 0, 0, 0, 0, 0, 0]",4,13.979834781940806,-1,0
769,"[0, 0, 0, 0, 7, 0, 1, 1, 0, 0, 0, 0, 0, 0, 2, 0, 2, 0, 1, 0, 0, 2, 0, 0, 1, 0, 1, 0, 0, 0, 0, 0, 0, 0, 0, 0, 0, 0, 0, 0, 2, 0, 0, 1, 0, 2, 2, 1, 2, 0, 0, 0, 0, 1, 1, 0, 0, 0, 0, 0, 0, 0, 0, 3, 3, 1, 3, 1, 1, 4, 0, 2, 5, 4, 2, 5, 1, 6, 2, 5, 166, 0, 0, 0, 0, 0, 0]",4,12.488346962374694,-1,1
770,"[0, 0, 0, 0, 7, 0, 1, 1, 0, 0, 0, 0, 0, 0, 2, 0, 2, 0, 1, 0, 0, 2, 0, 0, 1, 0, 1, 0, 0, 0, 0, 0, 0, 0, 0, 0, 0, 0, 0, 0, 2, 0, 0, 1, 0, 2, 2, 1, 2, 0, 0, 0, 0, 1, 1, 0, 0, 0, 0, 0, 0, 0, 0, 3, 3, 1, 3, 1, 1, 4, 0, 2, 5, 4, 2, 5, 1, 6, 2, 5, 166, 0, 1, 0, 0, 0, 0]",2,0.5591519395431817,-1,0
771,"[0, 0, 0, 0, 7, 0, 1, 1, 0, 0, 0, 0, 0, 0, 2, 0, 2, 0, 1, 0, 0, 2, 0, 0, 1, 0, 1, 0, 0, 0, 0, 0, 0, 0, 0, 0, 0, 0, 0, 0, 2, 0, 0, 1, 0, 2, 2, 1, 2, 0, 0, 0, 0, 1, 1, 0, 0, 0, 0, 0, 0, 0, 0, 3, 3, 1, 3, 1, 1, 4, 0, 2, 5, 4, 2, 5, 1, 6, 2, 5, 166, 0, 0, 0, 0, 0, 0]",-1,-0.009506949005076025,-1,0
772,"[0, 0, 0, 0, 7, 0, 1, 1, 0, 0, 0, 0, 0, 0, 2, 0, 2, 0, 1, 0, 0, 2, 0, 0, 1, 0, 1, 0, 0, 0, 0, 0, 0, 0, 0, 0, 0, 0, 0, 0, 2, 0, 0, 1, 0, 2, 2, 1, 2, 0, 0, 0, 0, 1, 1, 0, 0, 0, 0, 0, 0, 0, 0, 3, 3, 1, 3, 1, 1, 4, 0, 2, 5, 4, 2, 5, 1, 6, 2, 5, 166, 1, 0, 0, 0, 0, 0]",3,0.3591519395431817,-1,0
773,"[0, 0, 0, 0, 7, 0, 1, 1, 0, 0, 0, 0, 0, 0, 2, 0, 2, 0, 1, 0, 0, 2, 0, 0, 1, 0, 1, 0, 0, 0, 0, 0, 0, 0, 0, 0, 0, 0, 0, 0, 2, 0, 0, 1, 0, 2, 2, 1, 2, 0, 0, 0, 0, 1, 1, 0, 0, 0, 0, 0, 0, 0, 0, 3, 3, 1, 3, 1, 1, 4, 0, 2, 5, 4, 2, 5, 1, 6, 2, 5, 166, 0, 0, 0, 0, 0, 0]",-1,-0.009506949005076025,-1,0
774,"[0, 0, 0, 0, 7, 0, 1, 3, 0, 0, 0, 0, 0, 0, 2, 0, 2, 0, 1, 0, 0, 2, 0, 0, 1, 0, 1, 0, 0, 0, 0, 0, 0, 0, 0, 0, 0, 0, 0, 0, 2, 0, 0, 1, 0, 2, 2, 1, 2, 0, 0, 0, 0, 1, 1, 0, 0, 0, 0, 0, 0, 0, 0, 3, 3, 1, 3, 1, 1, 4, 0, 2, 5, 4, 2, 5, 1, 6, 2, 5, 167, 0, 0, 0, 0, 0, 0]",4,13.976850239314603,-1,0
775,"[0, 0, 0, 0, 3, 0, 1, 1, 0, 0, 0, 0, 0, 0, 2, 0, 2, 0, 1, 0, 0, 2, 0, 0, 1, 0, 1, 0, 0, 0, 0, 0, 0, 0, 0, 0, 0, 0, 0, 0, 2, 0, 0, 1, 0, 2, 2, 1, 2, 0, 0, 0, 0, 1, 1, 0, 0, 0, 0, 0, 0, 0, 0, 3, 3, 1, 3, 1, 1, 4, 0, 2, 5, 4, 2, 5, 1, 6, 2, 2, 168, 0, 0, 0, 0, 0, 0]",4,12.888270128163928,-1,1
776,"[0, 0, 0, 0, 3, 0, 1, 1, 0, 0, 0, 0, 0, 0, 2, 0, 2, 0, 1, 0, 0, 2, 0, 0, 1, 0, 1, 0, 0, 0, 0, 0, 0, 0, 0, 0, 0, 0, 0, 0, 2, 0, 0, 1, 0, 2, 2, 1, 2, 0, 0, 0, 0, 1, 1, 0, 0, 0, 0, 0, 0, 0, 0, 3, 3, 1, 3, 1, 1, 4, 0, 2, 5, 4, 2, 5, 1, 6, 2, 2, 168, 0, 1, 0, 0, 0, 0]",2,0.5564899552846225,-1,0
777,"[0, 0, 0, 0, 3, 0, 1, 1, 0, 0, 0, 0, 0, 0, 2, 0, 2, 0, 1, 0, 0, 2, 0, 0, 1, 0, 1, 0, 0, 0, 0, 0, 0, 0, 0, 0, 0, 0, 0, 0, 2, 0, 0, 1, 0, 2, 2, 1, 2, 0, 0, 0, 0, 1, 1, 0, 0, 0, 0, 0, 0, 0, 0, 3, 3, 1, 3, 1, 1, 4, 0, 2, 5, 4, 2, 5, 1, 6, 2, 2, 168, 0, 0, 0, 0, 0, 0]",-1,-0.009318698801970499,-1,0
778,"[0, 1, 0, 0, 3, 0, 1, 1, 0, 0, 0, 0, 0, 0, 2, 0, 2, 0, 1, 0, 0, 2, 0, 0, 1, 0, 1, 0, 0, 0, 0, 0, 0, 0, 0, 0, 0, 0, 0, 0, 2, 0, 0, 1, 0, 2, 2, 1, 2, 0, 0, 0, 0, 1, 1, 0, 0, 0, 0, 0, 0, 0, 0, 3, 3, 1, 3, 1, 1, 4, 0, 2, 5, 4, 2, 5, 1, 6, 2, 2, 169, 0, 0, 0, 0, 0, 0]",4,12.870492020374886,-1,0
779,"[0, 1, 0, 0, 3, 0, 1, 1, 0, 0, 0, 0, 0, 0, 2, 0, 2, 0, 1, 0, 0, 2, 0, 0, 1, 0, 1, 0, 0, 0, 0, 0, 0, 0, 0, 0, 0, 0, 0, 0, 2, 0, 0, 1, 0, 2, 2, 1, 2, 0, 0, 0, 0, 1, 1, 0, 0, 0, 0, 0, 0, 0, 0, 3, 3, 1, 3, 1, 1, 4, 0, 2, 5, 4, 2, 5, 1, 6, 2, 2, 169, 0, 0, 0, 0, 0, 0]",-1,-0.009225976199649464,-1,1
780,"[0, 1, 0, 0, 3, 0, 1, 1, 0, 0, 0, 0, 0, 0, 2, 0, 2, 0, 1, 0, 0, 2, 0, 0, 1, 0, 1, 0, 0, 0, 0, 0, 0, 0, 0, 0, 0, 0, 0, 0, 2, 0, 0, 1, 0, 2, 2, 1, 2, 0, 0, 0, 0, 1, 1, 0, 0, 0, 0, 0, 0, 0, 0, 3, 3, 1, 3, 1, 1, 4, 0, 2, 5, 4, 2, 5, 1, 6, 2, 2, 169, 0, 0, 0, 0, 0, 0]",-1,-0.009225976199649464,-1,1
781,"[0, 1, 0, 0, 5, 0, 1, 1, 0, 0, 0, 0, 0, 0, 2, 0, 2, 0, 1, 0, 0, 2, 0, 0, 1, 0, 1, 0, 0, 0, 0, 0, 0, 0, 0, 0, 0, 0, 0, 0, 2, 0, 0, 1, 0, 2, 2, 1, 2, 0, 0, 0, 0, 1, 1, 0, 0, 0, 0, 0, 0, 0, 0, 3, 3, 1, 3, 1, 1, 4, 0, 2, 5, 4, 2, 5, 1, 6, 2, 2, 170, 0, 0, 0, 0, 0, 0]",4,12.608780170492034,-1,1
782,"[0, 1, 0, 0, 5, 0, 1, 1, 0, 0, 0, 0, 0, 0, 2, 0, 2, 0, 1, 0, 0, 2, 0, 0, 1, 0, 1, 0, 0, 0, 0, 0, 0, 0, 0, 0, 0, 0, 0, 0, 2, 0, 0, 1, 0, 2, 2, 1, 2, 0, 0, 0, 0, 1, 1, 0, 0, 0, 0, 0, 0, 0, 0, 3, 3, 1, 3, 1, 1, 4, 0, 2, 5, 4, 2, 5, 1, 6, 2, 2, 170, 1, 0, 0, 0, 0, 0]",3,0.35370495669980356,-1,0
783,"[0, 1, 0, 0, 5, 0, 1, 1, 0, 0, 0, 0, 0, 0, 2, 0, 2, 0, 1, 0, 0, 2, 0, 0, 1, 0, 1, 0, 0, 0, 0, 0, 0, 0, 0, 0, 0, 0, 0, 0, 2, 0, 0, 1, 0, 2, 2, 1, 2, 0, 0, 0, 0, 1, 1, 0, 0, 0, 0, 0, 0, 0, 0, 3, 3, 1, 3, 1, 1, 4, 0, 2, 5, 4, 2, 5, 1, 6, 2, 2, 170, 0, 0, 0, 0, 0, 0]",-1,-0.009134176202636733,-1,0
784,"[0, 1, 0, 0, 5, 0, 1, 1, 0, 0, 0, 0, 0, 0, 2, 0, 2, 0, 1, 0, 0, 2, 0, 0, 1, 0, 1, 0, 0, 0, 0, 0, 0, 0, 0, 0, 0, 0, 0, 0, 2, 0, 0, 1, 0, 2, 2, 1, 2, 0, 0, 0, 0, 1, 1, 0, 0, 0, 0, 0, 0, 0, 0, 3, 3, 1, 3, 1, 1, 4, 0, 2, 5, 4, 2, 5, 1, 6, 2, 2, 170, 0, 1, 0, 0, 0, 0]",2,0.5537049566998035,-1,0
785,"[0, 1, 0, 0, 5, 0, 1, 1, 0, 0, 0, 0, 0, 0, 2, 0, 2, 0, 1, 0, 0, 2, 0, 0, 1, 0, 1, 0, 0, 0, 0, 0, 0, 0, 0, 0, 0, 0, 0, 0, 2, 0, 0, 1, 0, 2, 2, 1, 2, 0, 0, 0, 0, 1, 1, 0, 0, 0, 0, 0, 0, 0, 0, 3, 3, 1, 3, 1, 1, 4, 0, 2, 5, 4, 2, 5, 1, 6, 2, 2, 170, 0, 1, 0, 0, 1, 0]","[[0 1 0 0]
 [0 0 0 1]]",0.8041298217578944,-1,0
786,"[0, 1, 0, 0, 5, 0, 1, 1, 0, 0, 0, 0, 0, 0, 2, 0, 2, 0, 1, 0, 0, 2, 0, 0, 1, 0, 1, 0, 0, 0, 0, 0, 0, 0, 0, 0, 0, 0, 0, 0, 2, 0, 0, 1, 0, 2, 2, 1, 2, 0, 0, 0, 0, 1, 1, 0, 0, 0, 0, 0, 0, 0, 0, 3, 3, 1, 3, 1, 1, 4, 0, 2, 5, 4, 2, 5, 1, 6, 2, 2, 170, 0, 1, 0, 0, 0, 1]",2,-0.04629504330019648,-1,1
787,"[0, 1, 0, 0, 5, 0, 1, 1, 0, 0, 0, 0, 0, 0, 2, 0, 2, 0, 1, 0, 0, 2, 0, 0, 1, 0, 1, 0, 0, 0, 0, 0, 0, 0, 0, 0, 0, 0, 0, 0, 2, 0, 0, 1, 0, 2, 2, 1, 2, 0, 0, 0, 0, 1, 1, 0, 0, 0, 0, 0, 0, 0, 0, 3, 3, 1, 3, 1, 1, 4, 0, 2, 5, 4, 2, 5, 1, 6, 2, 2, 170, 0, 0, 1, 0, 0, 0]","[[1 0 0 0]
 [0 1 0 0]]",-0.04629504330019648,-1,1
788,"[1, 0, 0, 0, 4, 1, 1, 1, 0, 0, 0, 0, 0, 0, 2, 0, 2, 0, 1, 0, 0, 2, 0, 0, 1, 0, 1, 0, 0, 0, 0, 0, 0, 0, 0, 0, 0, 0, 0, 0, 2, 0, 0, 1, 0, 2, 2, 1, 2, 0, 0, 0, 0, 1, 1, 0, 0, 0, 0, 0, 0, 0, 0, 3, 3, 1, 3, 1, 1, 4, 0, 2, 5, 4, 2, 5, 1, 6, 2, 2, 170, 0, 0, 0, 0, 0, 0]",0,-0.04629504330019648,-1,0
789,"[1, 0, 0, 0, 4, 1, 1, 1, 0, 0, 0, 0, 0, 0, 2, 0, 2, 0, 1, 0, 0, 2, 0, 0, 1, 0, 1, 0, 0, 0, 0, 0, 0, 0, 0, 0, 0, 0, 0, 0, 2, 0, 0, 1, 0, 2, 2, 1, 2, 0, 0, 0, 0, 1, 1, 0, 0, 0, 0, 0, 0, 0, 0, 3, 3, 1, 3, 1, 1, 4, 0, 2, 5, 4, 2, 5, 1, 6, 2, 2, 171, 0, 0, 0, 0, 0, 0]",4,12.867276715290986,-1,0
790,"[1, 0, 0, 0, 6, 1, 1, 1, 0, 0, 0, 0, 0, 0, 2, 0, 2, 0, 1, 0, 0, 2, 0, 0, 1, 0, 1, 0, 0, 0, 0, 0, 0, 0, 0, 0, 0, 0, 0, 0, 2, 0, 0, 1, 0, 2, 2, 1, 2, 0, 0, 0, 0, 1, 1, 0, 0, 0, 0, 0, 0, 0, 0, 3, 3, 1, 3, 1, 1, 4, 0, 2, 5, 4, 2, 5, 1, 6, 2, 2, 172, 0, 0, 0, 0, 0, 0]",4,12.655931804617428,-1,1
791,"[1, 0, 2, 0, 6, 1, 2, 1, 0, 0, 0, 0, 0, 0, 2, 0, 2, 0, 1, 0, 0, 2, 0, 0, 1, 0, 1, 0, 0, 0, 0, 0, 0, 0, 0, 0, 0, 0, 0, 0, 2, 0, 0, 1, 0, 2, 2, 1, 2, 0, 0, 0, 0, 1, 1, 0, 0, 0, 0, 0, 0, 0, 0, 3, 3, 1, 3, 1, 1, 4, 0, 2, 5, 4, 2, 5, 1, 6, 2, 2, 173, 0, 0, 0, 0, 0, 0]",4,12.822874053278666,-1,0
792,"[1, 0, 2, 0, 6, 1, 2, 1, 0, 0, 0, 0, 0, 0, 2, 0, 2, 0, 1, 0, 0, 2, 0, 0, 1, 0, 1, 0, 0, 0, 0, 0, 0, 0, 0, 0, 0, 0, 0, 0, 2, 0, 0, 1, 0, 2, 2, 1, 2, 0, 0, 0, 0, 1, 1, 0, 0, 0, 0, 0, 0, 0, 0, 3, 3, 1, 3, 1, 1, 4, 0, 2, 5, 4, 2, 5, 1, 6, 2, 2, 173, 0, 0, 0, 0, 0, 0]",0,0.4915164651365707,-1,1
793,"[1, 0, 2, 0, 6, 1, 2, 1, 0, 0, 0, 0, 0, 0, 2, 0, 2, 0, 1, 0, 0, 2, 0, 0, 1, 0, 1, 0, 0, 0, 0, 0, 0, 0, 0, 0, 0, 0, 0, 0, 2, 0, 0, 1, 0, 2, 2, 1, 2, 0, 0, 0, 0, 1, 1, 0, 0, 0, 0, 0, 0, 0, 0, 3, 3, 1, 3, 1, 1, 4, 0, 2, 5, 4, 2, 5, 1, 6, 2, 2, 173, 0, 0, 0, 0, 0, 0]",-1,-0.008864220498493891,-1,1
794,"[1, 0, 2, 0, 6, 1, 2, 1, 0, 0, 0, 0, 0, 0, 2, 0, 2, 0, 1, 0, 0, 2, 0, 0, 1, 0, 1, 0, 0, 0, 0, 0, 0, 0, 0, 0, 0, 0, 0, 0, 2, 0, 0, 1, 0, 2, 2, 1, 2, 0, 0, 0, 0, 1, 1, 0, 0, 0, 0, 0, 0, 0, 0, 3, 3, 1, 3, 1, 1, 4, 0, 2, 5, 4, 2, 5, 1, 6, 2, 2, 173, 1, 0, 0, 0, 0, 0]",3,0.34929879666753244,-1,0
795,"[1, 0, 0, 1, 6, 1, 2, 1, 0, 0, 0, 0, 0, 0, 2, 0, 2, 0, 1, 0, 0, 2, 0, 0, 1, 0, 1, 0, 0, 0, 0, 0, 0, 0, 0, 0, 0, 0, 0, 0, 2, 0, 0, 1, 0, 2, 2, 1, 2, 0, 0, 0, 0, 1, 1, 0, 0, 0, 0, 0, 0, 0, 0, 3, 3, 1, 3, 1, 1, 4, 0, 2, 5, 4, 2, 5, 1, 6, 2, 2, 173, 0, 0, 0, 0, 0, 0]","[[0 0 2 0]
 [0 0 0 1]]",-0.04924352142142652,-1,0
796,"[1, 0, 0, 1, 6, 1, 2, 1, 0, 0, 0, 0, 0, 0, 2, 0, 2, 0, 1, 0, 0, 2, 0, 0, 1, 0, 1, 0, 0, 0, 0, 0, 0, 0, 0, 0, 0, 0, 0, 0, 2, 0, 0, 1, 0, 2, 2, 1, 2, 0, 0, 0, 0, 1, 1, 0, 0, 0, 0, 0, 0, 0, 0, 3, 3, 1, 3, 1, 1, 4, 0, 2, 5, 4, 2, 5, 1, 6, 2, 2, 173, 1, 0, 0, 0, 0, 0]",3,0.34929879666753244,-1,0
797,"[1, 0, 0, 1, 6, 1, 2, 1, 0, 0, 0, 0, 0, 0, 2, 0, 2, 0, 1, 0, 0, 2, 0, 0, 1, 0, 1, 0, 0, 0, 0, 0, 0, 0, 0, 0, 0, 0, 0, 0, 2, 0, 0, 1, 0, 2, 2, 1, 2, 0, 0, 0, 0, 1, 1, 0, 0, 0, 0, 0, 0, 0, 0, 3, 3, 1, 3, 1, 1, 4, 0, 2, 5, 4, 2, 5, 1, 6, 2, 2, 173, 0, 0, 0, 0, 0, 0]",-1,-0.008864220498493891,-1,0
798,"[1, 0, 0, 1, 6, 1, 2, 1, 0, 0, 0, 0, 0, 0, 2, 0, 2, 0, 1, 0, 0, 2, 0, 0, 1, 0, 1, 0, 0, 0, 0, 0, 0, 0, 0, 0, 0, 0, 0, 0, 2, 0, 0, 1, 0, 2, 2, 1, 2, 0, 0, 0, 0, 1, 1, 0, 0, 0, 0, 0, 0, 0, 0, 3, 3, 1, 3, 1, 1, 4, 0, 2, 5, 4, 2, 5, 1, 6, 2, 2, 173, 1, 0, 0, 0, 0, 0]",3,0.34929879666753244,-1,0
799,"[1, 0, 0, 1, 6, 1, 2, 1, 0, 0, 0, 0, 0, 0, 2, 0, 2, 0, 1, 0, 0, 2, 0, 0, 1, 0, 1, 0, 0, 0, 0, 0, 0, 0, 0, 0, 0, 0, 0, 0, 2, 0, 0, 1, 0, 2, 2, 1, 2, 0, 0, 0, 0, 1, 1, 0, 0, 0, 0, 0, 0, 0, 0, 3, 3, 1, 3, 1, 1, 4, 0, 2, 5, 4, 2, 5, 1, 6, 2, 2, 173, 0, 0, 0, 0, 0, 0]",-1,-0.008864220498493891,-1,0
800,"[1, 0, 0, 1, 6, 1, 2, 1, 0, 0, 0, 0, 0, 0, 2, 0, 2, 0, 1, 0, 0, 2, 0, 0, 1, 0, 1, 0, 0, 0, 0, 0, 0, 0, 0, 0, 0, 0, 0, 0, 2, 0, 0, 1, 0, 2, 2, 1, 2, 0, 0, 0, 0, 1, 1, 0, 0, 0, 0, 0, 0, 0, 0, 3, 3, 1, 3, 1, 1, 4, 0, 2, 5, 4, 2, 5, 1, 6, 2, 2, 173, 0, 1, 0, 0, 0, 0]",2,0.5492987966675325,-1,0
801,"[1, 0, 0, 1, 6, 1, 2, 1, 0, 0, 0, 0, 0, 0, 2, 0, 2, 0, 1, 0, 0, 2, 0, 0, 1, 0, 1, 0, 0, 0, 0, 0, 0, 0, 0, 0, 0, 0, 0, 0, 2, 0, 0, 1, 0, 2, 2, 1, 2, 0, 0, 0, 0, 1, 1, 0, 0, 0, 0, 0, 0, 0, 0, 3, 3, 1, 3, 1, 1, 4, 0, 2, 5, 4, 2, 5, 1, 6, 2, 2, 173, 0, 1, 0, 0, 1, 0]","[[0 0 0 1]
 [1 0 0 0]]",0.7997236617256234,-1,0
802,"[2, 0, 0, 0, 5, 1, 2, 2, 0, 0, 0, 0, 0, 0, 2, 0, 2, 0, 1, 0, 0, 2, 0, 0, 1, 0, 1, 0, 0, 0, 0, 0, 0, 0, 0, 0, 0, 0, 0, 0, 2, 0, 0, 1, 0, 2, 2, 1, 2, 0, 0, 0, 0, 1, 1, 0, 0, 0, 0, 0, 0, 0, 0, 3, 3, 1, 3, 1, 1, 4, 0, 2, 5, 4, 2, 5, 1, 6, 2, 2, 173, 0, 0, 0, 0, 0, 0]",0,-0.05070120333246757,-1,1
803,"[2, 0, 0, 0, 5, 1, 2, 2, 0, 0, 0, 0, 0, 0, 2, 0, 2, 0, 1, 0, 0, 2, 0, 0, 1, 0, 1, 0, 0, 0, 0, 0, 0, 0, 0, 0, 0, 0, 0, 0, 2, 0, 0, 1, 0, 2, 2, 1, 2, 0, 0, 0, 0, 1, 1, 0, 0, 0, 0, 0, 0, 0, 0, 3, 3, 1, 3, 1, 1, 4, 0, 2, 5, 4, 2, 5, 1, 6, 2, 2, 173, 0, 1, 0, 0, 0, 0]",2,0.5492987966675325,-1,0
804,"[2, 0, 0, 0, 5, 1, 2, 2, 0, 0, 0, 0, 0, 0, 2, 0, 2, 0, 1, 0, 0, 2, 0, 0, 1, 0, 1, 0, 0, 0, 0, 0, 0, 0, 0, 0, 0, 0, 0, 0, 2, 0, 0, 1, 0, 2, 2, 1, 2, 0, 0, 0, 0, 1, 1, 0, 0, 0, 0, 0, 0, 0, 0, 3, 3, 1, 3, 1, 1, 4, 0, 2, 5, 4, 2, 5, 1, 6, 2, 2, 173, 0, 1, 0, 0, 1, 0]","[[1 0 0 0]
 [0 0 1 0]]",0.7997236617256234,-1,0
805,"[1, 0, 1, 0, 6, 1, 1, 2, 0, 0, 0, 0, 0, 0, 2, 0, 2, 0, 1, 0, 0, 2, 0, 0, 1, 0, 1, 0, 0, 0, 0, 0, 0, 0, 0, 0, 0, 0, 0, 0, 2, 0, 0, 1, 0, 2, 2, 1, 2, 0, 0, 0, 0, 1, 1, 0, 0, 0, 0, 0, 0, 0, 0, 3, 3, 1, 3, 1, 1, 4, 0, 2, 5, 4, 2, 5, 1, 6, 2, 2, 173, 0, 0, 0, 0, 0, 0]",0,-0.05070120333246757,-1,1
806,"[1, 0, 1, 0, 6, 1, 1, 2, 0, 0, 0, 0, 0, 0, 2, 0, 2, 0, 1, 0, 0, 2, 0, 0, 1, 0, 1, 0, 0, 0, 0, 0, 0, 0, 0, 0, 0, 0, 0, 0, 2, 0, 0, 1, 0, 2, 2, 1, 2, 0, 0, 0, 0, 1, 1, 0, 0, 0, 0, 0, 0, 0, 0, 3, 3, 1, 3, 1, 1, 4, 0, 2, 5, 4, 2, 5, 1, 6, 2, 2, 174, 0, 0, 0, 0, 0, 0]",4,13.024961613507614,-1,0
807,"[1, 0, 1, 0, 6, 1, 1, 2, 0, 0, 0, 0, 0, 0, 2, 0, 2, 0, 1, 0, 0, 2, 0, 0, 1, 0, 1, 0, 0, 0, 0, 0, 0, 0, 0, 0, 0, 0, 0, 0, 2, 0, 0, 1, 0, 2, 2, 1, 2, 0, 0, 0, 0, 1, 1, 0, 0, 0, 0, 0, 0, 0, 0, 3, 3, 1, 3, 1, 1, 4, 0, 2, 5, 4, 2, 5, 1, 6, 2, 2, 174, 0, 1, 0, 0, 0, 0]",2,0.5477700012168498,-1,1
808,"[1, 0, 1, 0, 6, 1, 1, 2, 0, 0, 0, 0, 0, 0, 2, 0, 2, 0, 1, 0, 0, 2, 0, 0, 1, 0, 1, 0, 0, 0, 0, 0, 0, 0, 0, 0, 0, 0, 0, 0, 2, 0, 0, 1, 0, 2, 2, 1, 2, 0, 0, 0, 0, 1, 1, 0, 0, 0, 0, 0, 0, 0, 0, 3, 3, 1, 3, 1, 1, 4, 0, 2, 5, 4, 2, 5, 1, 6, 2, 2, 174, 0, 1, 0, 0, 1, 0]","[[1 0 0 1]
 [1 0 1 0]]",0.7981948662749407,-1,1
809,"[1, 0, 1, 0, 6, 1, 1, 2, 0, 0, 0, 0, 0, 0, 2, 0, 2, 0, 1, 0, 0, 2, 0, 0, 1, 0, 1, 0, 0, 0, 0, 0, 0, 0, 0, 0, 0, 0, 0, 0, 2, 0, 0, 1, 0, 2, 2, 1, 2, 0, 0, 0, 0, 1, 1, 0, 0, 0, 0, 0, 0, 0, 0, 3, 3, 1, 3, 1, 1, 4, 0, 2, 5, 4, 2, 5, 1, 6, 2, 2, 174, 0, 0, 0, 0, 0, 0]",1,-0.0522299987831502,-1,0
810,"[1, 0, 1, 0, 6, 1, 1, 2, 0, 0, 0, 0, 0, 0, 2, 0, 2, 0, 1, 0, 0, 2, 0, 0, 1, 0, 1, 0, 0, 0, 0, 0, 0, 0, 0, 0, 0, 0, 0, 0, 2, 0, 0, 1, 0, 2, 2, 1, 2, 0, 0, 0, 0, 1, 1, 0, 0, 0, 0, 0, 0, 0, 0, 3, 3, 1, 3, 1, 1, 4, 0, 2, 5, 4, 2, 5, 1, 6, 2, 2, 174, 0, 0, 0, 0, 0, 0]",-1,-0.008776020030849844,-1,1
811,"[1, 0, 1, 0, 6, 1, 1, 4, 0, 0, 0, 0, 0, 0, 2, 0, 2, 0, 1, 0, 0, 2, 0, 0, 1, 0, 1, 0, 0, 0, 0, 0, 0, 0, 0, 0, 0, 0, 0, 0, 2, 0, 0, 1, 0, 2, 2, 1, 2, 0, 0, 0, 0, 1, 1, 0, 0, 0, 0, 0, 0, 0, 0, 3, 3, 1, 3, 1, 1, 4, 0, 2, 5, 4, 2, 5, 1, 6, 2, 2, 175, 0, 0, 0, 0, 0, 0]",4,12.78579538795885,-1,1
812,"[1, 0, 1, 0, 6, 1, 1, 6, 0, 0, 0, 0, 0, 0, 2, 0, 2, 0, 1, 0, 0, 2, 0, 0, 1, 0, 1, 0, 0, 0, 0, 0, 0, 0, 0, 0, 0, 0, 0, 0, 2, 0, 0, 1, 0, 2, 2, 1, 2, 0, 0, 0, 0, 1, 1, 0, 0, 0, 0, 0, 0, 0, 0, 3, 3, 1, 3, 1, 1, 4, 0, 2, 5, 4, 2, 5, 1, 6, 2, 2, 176, 0, 0, 0, 0, 0, 0]",4,13.0214649266637,-1,0
813,"[1, 0, 1, 0, 6, 1, 1, 6, 0, 0, 0, 0, 0, 0, 2, 0, 2, 0, 1, 0, 0, 2, 0, 0, 1, 0, 1, 0, 0, 0, 0, 0, 0, 0, 0, 0, 0, 0, 0, 0, 2, 0, 0, 1, 0, 2, 2, 1, 2, 0, 0, 0, 0, 1, 1, 0, 0, 0, 0, 0, 0, 0, 0, 3, 3, 1, 3, 1, 1, 4, 0, 2, 5, 4, 2, 5, 1, 6, 2, 2, 176, 0, 0, 0, 0, 0, 0]",1,0.5794123196240522,-1,1
814,"[1, 0, 1, 0, 6, 1, 1, 6, 0, 0, 0, 0, 0, 0, 2, 0, 2, 0, 1, 0, 0, 2, 0, 0, 1, 0, 1, 0, 0, 0, 0, 0, 0, 0, 0, 0, 0, 0, 0, 0, 2, 0, 0, 1, 0, 2, 2, 1, 2, 0, 0, 0, 0, 1, 1, 0, 0, 0, 0, 0, 0, 0, 0, 3, 3, 1, 3, 1, 1, 4, 0, 2, 5, 4, 2, 5, 1, 6, 2, 2, 176, 0, 0, 0, 0, 0, 0]",-1,-0.008602243191152527,-1,1
815,"[1, 0, 1, 0, 6, 1, 1, 6, 0, 0, 0, 0, 0, 0, 2, 0, 2, 0, 1, 0, 0, 2, 0, 0, 1, 0, 1, 0, 0, 0, 0, 0, 0, 0, 0, 0, 0, 0, 0, 0, 2, 0, 0, 1, 0, 2, 2, 1, 2, 0, 0, 0, 0, 1, 1, 0, 0, 0, 0, 0, 0, 0, 0, 3, 3, 1, 3, 1, 1, 4, 0, 2, 5, 4, 2, 5, 1, 6, 2, 2, 177, 0, 0, 0, 0, 0, 0]",4,12.758198751966823,-1,1
816,"[1, 0, 1, 0, 6, 1, 1, 6, 0, 0, 0, 0, 0, 0, 2, 0, 2, 0, 1, 0, 0, 2, 0, 0, 1, 0, 1, 0, 0, 0, 0, 0, 0, 0, 0, 0, 0, 0, 0, 0, 2, 0, 0, 1, 0, 2, 2, 1, 2, 0, 0, 0, 0, 1, 1, 0, 0, 0, 0, 0, 0, 0, 0, 3, 3, 1, 3, 1, 1, 4, 0, 2, 5, 4, 2, 5, 1, 6, 2, 2, 177, 0, 1, 0, 0, 0, 0]",2,0.543008421140198,-1,0
817,"[1, 0, 1, 0, 6, 1, 1, 6, 0, 0, 0, 0, 0, 0, 2, 0, 2, 0, 1, 0, 0, 2, 0, 0, 1, 0, 1, 0, 0, 0, 0, 0, 0, 0, 0, 0, 0, 0, 0, 0, 2, 0, 0, 1, 0, 2, 2, 1, 2, 0, 0, 0, 0, 1, 1, 0, 0, 0, 0, 0, 0, 0, 0, 3, 3, 1, 3, 1, 1, 4, 0, 2, 5, 4, 2, 5, 1, 6, 2, 2, 177, 0, 1, 0, 0, 1, 0]","[[0 0 1 0]
 [0 0 0 1]]",0.7934332861982889,-1,0
818,"[1, 0, 0, 1, 6, 1, 2, 5, 0, 0, 0, 0, 0, 0, 2, 0, 2, 0, 1, 0, 0, 2, 0, 0, 1, 0, 1, 0, 0, 0, 0, 0, 0, 0, 0, 0, 0, 0, 0, 0, 2, 0, 0, 1, 0, 2, 2, 1, 2, 0, 0, 0, 0, 1, 1, 0, 0, 0, 0, 0, 0, 0, 0, 3, 3, 1, 3, 1, 1, 4, 0, 2, 5, 4, 2, 5, 1, 6, 2, 2, 177, 0, 0, 0, 0, 0, 0]",0,-0.05699157885980205,-1,1
819,"[1, 0, 0, 1, 6, 1, 2, 5, 0, 0, 0, 0, 0, 0, 2, 0, 2, 0, 1, 0, 0, 2, 0, 0, 1, 0, 1, 0, 0, 0, 0, 0, 0, 0, 0, 0, 0, 0, 0, 0, 2, 0, 0, 1, 0, 2, 2, 1, 2, 0, 0, 0, 0, 1, 1, 0, 0, 0, 0, 0, 0, 0, 0, 3, 3, 1, 3, 1, 1, 4, 0, 2, 5, 4, 2, 5, 1, 6, 2, 2, 177, 1, 0, 0, 0, 0, 0]",3,0.34300842114019797,-1,0
820,"[1, 0, 0, 1, 6, 1, 2, 5, 0, 0, 0, 0, 0, 0, 2, 0, 2, 0, 1, 0, 0, 2, 0, 0, 1, 0, 1, 0, 0, 0, 0, 0, 0, 0, 0, 0, 0, 0, 0, 0, 2, 0, 0, 1, 0, 2, 2, 1, 2, 0, 0, 0, 0, 1, 1, 0, 0, 0, 0, 0, 0, 0, 0, 3, 3, 1, 3, 1, 1, 4, 0, 2, 5, 4, 2, 5, 1, 6, 2, 2, 177, 0, 0, 0, 0, 0, 0]",-1,-0.008516649441270471,-1,0
821,"[1, 0, 0, 1, 6, 1, 2, 5, 0, 0, 0, 0, 0, 0, 2, 0, 2, 0, 1, 0, 0, 2, 0, 0, 1, 0, 1, 0, 0, 0, 0, 0, 0, 0, 0, 0, 0, 0, 0, 0, 2, 0, 0, 1, 0, 2, 2, 1, 2, 0, 0, 0, 0, 1, 1, 0, 0, 0, 0, 0, 0, 0, 0, 3, 3, 1, 3, 1, 1, 4, 0, 2, 5, 4, 2, 5, 1, 6, 2, 2, 177, 1, 0, 0, 0, 0, 0]",3,0.34300842114019797,-1,0
822,"[1, 0, 0, 1, 6, 1, 2, 5, 0, 0, 0, 0, 0, 0, 2, 0, 2, 0, 1, 0, 0, 2, 0, 0, 1, 0, 1, 0, 0, 0, 0, 0, 0, 0, 0, 0, 0, 0, 0, 0, 2, 0, 0, 1, 0, 2, 2, 1, 2, 0, 0, 0, 0, 1, 1, 0, 0, 0, 0, 0, 0, 0, 0, 3, 3, 1, 3, 1, 1, 4, 0, 2, 5, 4, 2, 5, 1, 6, 2, 2, 177, 0, 0, 0, 0, 0, 0]",-1,-0.008516649441270471,-1,0
823,"[1, 0, 0, 1, 6, 1, 2, 5, 0, 0, 0, 0, 0, 0, 2, 0, 2, 0, 1, 0, 0, 2, 0, 0, 1, 0, 1, 0, 0, 0, 0, 0, 0, 0, 0, 0, 0, 0, 0, 0, 2, 0, 0, 1, 0, 2, 2, 1, 2, 0, 0, 0, 0, 1, 1, 0, 0, 0, 0, 0, 0, 0, 0, 3, 3, 1, 3, 1, 1, 4, 0, 2, 5, 4, 2, 5, 1, 6, 2, 2, 177, 0, 1, 0, 0, 0, 0]",2,0.543008421140198,-1,0
824,"[1, 0, 0, 1, 6, 1, 2, 5, 0, 0, 0, 0, 0, 0, 2, 0, 2, 0, 1, 0, 0, 2, 0, 0, 1, 0, 1, 0, 0, 0, 0, 0, 0, 0, 0, 0, 0, 0, 0, 0, 2, 0, 0, 1, 0, 2, 2, 1, 2, 0, 0, 0, 0, 1, 1, 0, 0, 0, 0, 0, 0, 0, 0, 3, 3, 1, 3, 1, 1, 4, 0, 2, 5, 4, 2, 5, 1, 6, 2, 2, 177, 0, 1, 0, 0, 1, 0]","[[1 0 0 0]
 [0 1 0 0]]",0.7934332861982889,-1,0
825,"[1, 0, 0, 1, 6, 1, 2, 5, 0, 0, 0, 0, 0, 0, 2, 0, 2, 0, 1, 0, 0, 2, 0, 0, 1, 0, 1, 0, 0, 0, 0, 0, 0, 0, 0, 0, 0, 0, 0, 0, 2, 0, 0, 1, 0, 2, 2, 1, 2, 0, 0, 0, 0, 1, 1, 0, 0, 0, 0, 0, 0, 0, 0, 3, 3, 1, 3, 1, 1, 4, 0, 2, 5, 4, 2, 5, 1, 6, 2, 2, 177, 0, 0, 0, 0, 0, 0]",1,-5.647161522609276,-1,1
826,"[1, 0, 0, 1, 6, 1, 2, 5, 0, 0, 0, 0, 0, 0, 2, 0, 2, 0, 1, 0, 0, 2, 0, 0, 1, 0, 1, 0, 0, 0, 0, 0, 0, 0, 0, 0, 0, 0, 0, 0, 2, 0, 0, 1, 0, 2, 2, 1, 2, 0, 0, 0, 0, 1, 1, 0, 0, 0, 0, 0, 0, 0, 0, 3, 3, 1, 3, 1, 1, 4, 0, 2, 5, 4, 2, 5, 1, 6, 2, 2, 177, 0, 1, 0, 0, 0, 0]",2,0.543008421140198,-1,0
827,"[1, 0, 0, 1, 6, 1, 2, 5, 0, 0, 0, 0, 0, 0, 2, 0, 2, 0, 1, 0, 0, 2, 0, 0, 1, 0, 1, 0, 0, 0, 0, 0, 0, 0, 0, 0, 0, 0, 0, 0, 2, 0, 0, 1, 0, 2, 2, 1, 2, 0, 0, 0, 0, 1, 1, 0, 0, 0, 0, 0, 0, 0, 0, 3, 3, 1, 3, 1, 1, 4, 0, 2, 5, 4, 2, 5, 1, 6, 2, 2, 177, 0, 1, 0, 0, 1, 0]","[[0 0 0 1]
 [0 1 0 0]]",0.7934332861982889,-1,0
828,"[1, 0, 0, 1, 6, 1, 2, 5, 0, 0, 0, 0, 0, 0, 2, 0, 2, 0, 1, 0, 0, 2, 0, 0, 1, 0, 1, 0, 0, 0, 0, 0, 0, 0, 0, 0, 0, 0, 0, 0, 2, 0, 0, 1, 0, 2, 2, 1, 2, 0, 0, 0, 0, 1, 1, 0, 0, 0, 0, 0, 0, 0, 0, 3, 3, 1, 3, 1, 1, 4, 0, 2, 5, 4, 2, 5, 1, 6, 2, 2, 177, 0, 0, 0, 0, 0, 0]",1,-5.647161522609276,-1,1
829,"[1, 0, 0, 1, 8, 1, 2, 5, 0, 0, 0, 0, 0, 0, 2, 0, 2, 0, 1, 0, 0, 2, 0, 0, 1, 0, 1, 0, 0, 0, 0, 0, 0, 0, 0, 0, 0, 0, 0, 0, 2, 0, 0, 1, 0, 2, 2, 1, 2, 0, 0, 0, 0, 1, 1, 0, 0, 0, 0, 0, 0, 0, 0, 3, 3, 1, 3, 1, 1, 4, 0, 2, 5, 4, 2, 5, 1, 6, 2, 2, 178, 0, 0, 0, 0, 0, 0]",4,13.017860914395031,-1,0
830,"[1, 0, 0, 1, 8, 1, 2, 5, 0, 0, 0, 0, 0, 0, 2, 0, 2, 0, 1, 0, 0, 2, 0, 0, 1, 0, 1, 0, 0, 0, 0, 0, 0, 0, 0, 0, 0, 0, 0, 0, 2, 0, 0, 1, 0, 2, 2, 1, 2, 0, 0, 0, 0, 1, 1, 0, 0, 0, 0, 0, 0, 0, 0, 3, 3, 1, 3, 1, 1, 4, 0, 2, 5, 4, 2, 5, 1, 6, 2, 2, 178, 0, 0, 0, 0, 0, 0]",0,0.4835821126877518,-1,1
831,"[1, 0, 0, 1, 8, 1, 2, 5, 0, 0, 0, 0, 0, 0, 2, 0, 2, 0, 1, 0, 0, 2, 0, 0, 1, 0, 1, 0, 0, 0, 0, 0, 0, 0, 0, 0, 0, 0, 0, 0, 2, 0, 0, 1, 0, 2, 2, 1, 2, 0, 0, 0, 0, 1, 1, 0, 0, 0, 0, 0, 0, 0, 0, 3, 3, 1, 3, 1, 1, 4, 0, 2, 5, 4, 2, 5, 1, 6, 2, 2, 178, 0, 0, 0, 0, 0, 0]",-1,-0.008431907363429775,-1,1
832,"[1, 0, 2, 1, 8, 1, 3, 5, 0, 0, 0, 0, 0, 0, 2, 0, 2, 0, 1, 0, 0, 2, 0, 0, 1, 0, 1, 0, 0, 0, 0, 0, 0, 0, 0, 0, 0, 0, 0, 0, 2, 0, 0, 1, 0, 2, 2, 1, 2, 0, 0, 0, 0, 1, 1, 0, 0, 0, 0, 0, 0, 0, 0, 3, 3, 1, 3, 1, 1, 4, 0, 2, 5, 4, 2, 5, 1, 6, 2, 2, 179, 0, 0, 0, 0, 0, 0]",4,13.13032542130121,-1,0
833,"[1, 0, 2, 1, 8, 1, 3, 7, 0, 0, 0, 0, 0, 0, 2, 0, 2, 0, 1, 0, 0, 2, 0, 0, 1, 0, 1, 0, 0, 0, 0, 0, 0, 0, 0, 0, 0, 0, 0, 0, 2, 0, 0, 1, 0, 2, 2, 1, 2, 0, 0, 0, 0, 1, 1, 0, 0, 0, 0, 0, 0, 0, 0, 3, 3, 1, 3, 1, 1, 4, 0, 2, 5, 4, 2, 5, 1, 6, 2, 2, 180, 0, 0, 0, 0, 0, 0]",4,12.810527533292218,-1,1
834,"[1, 0, 2, 1, 8, 1, 3, 7, 0, 0, 0, 0, 0, 0, 2, 0, 2, 0, 1, 0, 0, 2, 0, 0, 1, 0, 1, 0, 0, 0, 0, 0, 0, 0, 0, 0, 0, 0, 0, 0, 2, 0, 0, 1, 0, 2, 2, 1, 2, 0, 0, 0, 0, 1, 1, 0, 0, 0, 0, 0, 0, 0, 0, 3, 3, 1, 3, 1, 1, 4, 0, 2, 5, 4, 2, 5, 1, 6, 2, 2, 181, 0, 0, 0, 0, 0, 0]",4,13.126569198953806,-1,0
835,"[1, 0, 2, 1, 8, 1, 3, 7, 0, 0, 0, 0, 0, 0, 2, 0, 2, 0, 1, 0, 0, 2, 0, 0, 1, 0, 1, 0, 0, 0, 0, 0, 0, 0, 0, 0, 0, 0, 0, 0, 2, 0, 0, 1, 0, 2, 2, 1, 2, 0, 0, 0, 0, 1, 1, 0, 0, 0, 0, 0, 0, 0, 0, 3, 3, 1, 3, 1, 1, 4, 0, 2, 5, 4, 2, 5, 1, 6, 2, 2, 181, 0, 0, 0, 0, 0, 0]",1,0.5710587053569792,-1,1
836,"[1, 0, 2, 1, 8, 1, 3, 7, 0, 0, 0, 0, 0, 0, 2, 0, 2, 0, 1, 0, 0, 2, 0, 0, 1, 0, 1, 0, 0, 0, 0, 0, 0, 0, 0, 0, 0, 0, 0, 0, 2, 0, 0, 1, 0, 2, 2, 1, 2, 0, 0, 0, 0, 1, 1, 0, 0, 0, 0, 0, 0, 0, 0, 3, 3, 1, 3, 1, 1, 4, 0, 2, 5, 4, 2, 5, 1, 6, 2, 2, 181, 0, 0, 0, 0, 0, 0]",-1,-0.008182706840135202,-1,1
837,"[1, 0, 4, 1, 8, 1, 4, 7, 0, 0, 0, 0, 0, 0, 2, 0, 2, 0, 1, 0, 0, 2, 0, 0, 1, 0, 1, 0, 0, 0, 0, 0, 0, 0, 0, 0, 0, 0, 0, 0, 2, 0, 0, 1, 0, 2, 2, 1, 2, 0, 0, 0, 0, 1, 1, 0, 0, 0, 0, 0, 0, 0, 0, 3, 3, 1, 3, 1, 1, 4, 0, 2, 5, 4, 2, 5, 1, 6, 2, 2, 182, 0, 0, 0, 0, 0, 0]",4,12.843349588495888,-1,1
838,"[1, 1, 4, 1, 8, 1, 4, 7, 0, 0, 0, 0, 0, 0, 2, 0, 2, 0, 1, 0, 0, 2, 0, 0, 1, 0, 1, 0, 0, 0, 0, 0, 0, 0, 0, 0, 0, 0, 0, 0, 2, 0, 0, 1, 0, 2, 2, 1, 2, 0, 0, 0, 0, 1, 1, 0, 0, 0, 0, 0, 0, 0, 0, 3, 3, 1, 3, 1, 1, 4, 0, 2, 5, 4, 2, 5, 1, 6, 2, 2, 183, 0, 0, 0, 0, 0, 0]",4,12.859879769256393,-1,0
839,"[1, 1, 6, 1, 8, 1, 5, 7, 0, 0, 0, 0, 0, 0, 2, 0, 2, 0, 1, 0, 0, 2, 0, 0, 1, 0, 1, 0, 0, 0, 0, 0, 0, 0, 0, 0, 0, 0, 0, 0, 2, 0, 0, 1, 0, 2, 2, 1, 2, 0, 0, 0, 0, 1, 1, 0, 0, 0, 0, 0, 0, 0, 0, 3, 3, 1, 3, 1, 1, 4, 0, 2, 5, 4, 2, 5, 1, 6, 2, 2, 184, 0, 0, 0, 0, 0, 0]",4,12.868183588685673,-1,1
840,"[1, 1, 6, 1, 8, 1, 5, 7, 0, 0, 0, 0, 0, 0, 2, 0, 2, 0, 1, 0, 0, 2, 0, 0, 1, 0, 1, 0, 0, 0, 0, 0, 0, 0, 0, 0, 0, 0, 0, 0, 2, 0, 0, 1, 0, 2, 2, 1, 2, 0, 0, 0, 0, 1, 1, 0, 0, 0, 0, 0, 0, 0, 0, 3, 3, 1, 3, 1, 1, 4, 0, 2, 5, 4, 2, 5, 1, 6, 2, 2, 184, 1, 0, 0, 0, 0, 0]",3,0.3309506921212639,-1,0
841,"[1, 1, 4, 2, 8, 1, 5, 7, 0, 0, 0, 0, 0, 0, 2, 0, 2, 0, 1, 0, 0, 2, 0, 0, 1, 0, 1, 0, 0, 0, 0, 0, 0, 0, 0, 0, 0, 0, 0, 0, 2, 0, 0, 1, 0, 2, 2, 1, 2, 0, 0, 0, 0, 1, 1, 0, 0, 0, 0, 0, 0, 0, 0, 3, 3, 1, 3, 1, 1, 4, 0, 2, 5, 4, 2, 5, 1, 6, 2, 2, 184, 0, 0, 0, 0, 0, 0]","[[0 0 2 0]
 [0 0 0 1]]",-0.06759162596769511,-1,0
842,"[1, 1, 4, 2, 8, 1, 5, 7, 0, 0, 0, 0, 0, 0, 2, 0, 2, 0, 1, 0, 0, 2, 0, 0, 1, 0, 1, 0, 0, 0, 0, 0, 0, 0, 0, 0, 0, 0, 0, 0, 2, 0, 0, 1, 0, 2, 2, 1, 2, 0, 0, 0, 0, 1, 1, 0, 0, 0, 0, 0, 0, 0, 0, 3, 3, 1, 3, 1, 1, 4, 0, 2, 5, 4, 2, 5, 1, 6, 2, 2, 184, 0, 0, 0, 0, 0, 0]",0,0.47316836059030215,-1,0
843,"[0, 0, 4, 2, 8, 1, 5, 7, 0, 0, 0, 0, 0, 0, 2, 0, 2, 0, 1, 0, 0, 2, 0, 0, 1, 0, 1, 0, 0, 0, 0, 0, 0, 0, 0, 0, 0, 0, 0, 0, 2, 0, 0, 1, 0, 2, 2, 1, 2, 0, 0, 1, 0, 1, 1, 0, 0, 0, 0, 0, 0, 0, 0, 3, 3, 1, 3, 1, 1, 4, 0, 2, 5, 4, 2, 5, 1, 6, 2, 2, 184, 0, 0, 0, 0, 0, 0]",19,0.6620092707512687,-1,0
844,"[0, 0, 4, 2, 10, 1, 5, 7, 0, 0, 0, 0, 0, 0, 2, 0, 2, 0, 1, 0, 0, 2, 0, 0, 1, 0, 1, 0, 0, 0, 0, 0, 0, 0, 0, 0, 0, 0, 0, 0, 2, 0, 0, 1, 0, 2, 2, 1, 2, 0, 0, 1, 0, 1, 1, 0, 0, 0, 0, 0, 0, 0, 0, 3, 3, 1, 3, 1, 1, 4, 0, 2, 5, 4, 2, 5, 1, 6, 2, 2, 185, 0, 0, 0, 0, 0, 0]",4,13.855720218295742,-1,0
845,"[0, 0, 4, 2, 10, 1, 5, 7, 0, 0, 0, 0, 0, 0, 2, 0, 2, 0, 1, 0, 0, 2, 0, 0, 1, 0, 1, 0, 0, 0, 0, 0, 0, 0, 0, 0, 0, 0, 0, 0, 2, 0, 0, 1, 0, 2, 2, 1, 2, 0, 0, 1, 0, 1, 1, 0, 0, 0, 0, 0, 0, 0, 0, 3, 3, 1, 3, 1, 1, 4, 0, 2, 5, 4, 2, 5, 1, 6, 2, 2, 185, 0, 0, 0, 0, 0, 0]",0,0.4713489297141974,-1,1
846,"[0, 0, 4, 2, 10, 1, 5, 7, 0, 0, 0, 0, 0, 0, 2, 0, 2, 0, 1, 0, 0, 2, 0, 0, 1, 0, 1, 0, 0, 0, 0, 0, 0, 0, 0, 0, 0, 0, 0, 0, 2, 0, 0, 1, 0, 2, 2, 1, 2, 0, 0, 1, 0, 1, 1, 0, 0, 0, 0, 0, 0, 0, 0, 3, 3, 1, 3, 1, 1, 4, 0, 2, 5, 4, 2, 5, 1, 6, 2, 2, 185, 0, 0, 0, 0, 0, 0]",-1,-0.007861858315681381,-1,1
847,"[0, 0, 4, 2, 12, 1, 5, 7, 0, 0, 0, 0, 0, 0, 2, 0, 2, 0, 1, 0, 0, 2, 0, 0, 1, 0, 1, 0, 0, 0, 0, 0, 0, 0, 0, 0, 0, 0, 0, 0, 2, 0, 0, 1, 0, 2, 2, 1, 2, 0, 0, 1, 0, 1, 1, 0, 0, 0, 0, 0, 0, 0, 0, 3, 3, 1, 3, 1, 1, 4, 0, 2, 5, 4, 2, 5, 1, 6, 2, 2, 186, 0, 0, 0, 0, 0, 0]",4,12.773183865568658,-1,1
848,"[0, 0, 4, 2, 12, 1, 5, 7, 0, 0, 0, 0, 0, 0, 2, 0, 2, 0, 1, 0, 0, 2, 0, 0, 1, 0, 1, 0, 0, 0, 0, 0, 0, 0, 0, 0, 0, 0, 0, 0, 2, 0, 0, 1, 0, 2, 2, 1, 2, 0, 0, 1, 0, 1, 1, 0, 0, 0, 0, 0, 0, 0, 0, 3, 3, 1, 3, 1, 1, 4, 0, 2, 5, 4, 2, 5, 1, 6, 2, 2, 186, 0, 1, 0, 0, 0, 0]",2,0.5272905080563133,-1,0
849,"[0, 0, 4, 2, 12, 1, 5, 7, 0, 0, 0, 0, 0, 0, 2, 0, 2, 0, 1, 0, 0, 2, 0, 0, 1, 0, 1, 0, 0, 0, 0, 0, 0, 0, 0, 0, 0, 0, 0, 0, 2, 0, 0, 1, 0, 2, 2, 1, 2, 0, 0, 1, 0, 1, 1, 0, 0, 0, 0, 0, 0, 0, 0, 3, 3, 1, 3, 1, 1, 4, 0, 2, 5, 4, 2, 5, 1, 6, 2, 2, 186, 0, 1, 0, 0, 1, 0]","[[0 0 0 1]
 [1 0 0 0]]",0.7777153731144042,-1,0
850,"[0, 0, 4, 2, 12, 1, 5, 7, 0, 0, 0, 0, 0, 0, 2, 0, 2, 0, 1, 0, 0, 2, 0, 0, 1, 0, 1, 0, 0, 0, 0, 0, 0, 0, 0, 0, 0, 0, 0, 0, 2, 0, 0, 1, 0, 2, 2, 1, 2, 0, 0, 1, 0, 1, 1, 0, 0, 0, 0, 0, 0, 0, 0, 3, 3, 1, 3, 1, 1, 4, 0, 2, 5, 4, 2, 5, 1, 6, 2, 2, 186, 0, 0, 0, 0, 0, 0]",1,-5.662879435693161,-1,1
851,"[0, 0, 4, 2, 12, 1, 5, 9, 0, 0, 0, 0, 0, 0, 2, 0, 2, 0, 1, 0, 0, 2, 0, 0, 1, 0, 1, 0, 0, 0, 0, 0, 0, 0, 0, 0, 0, 0, 0, 0, 2, 0, 0, 1, 0, 2, 2, 1, 2, 0, 0, 1, 0, 1, 1, 0, 0, 0, 0, 0, 0, 0, 0, 3, 3, 1, 3, 1, 1, 4, 0, 2, 5, 4, 2, 5, 1, 6, 2, 2, 187, 0, 0, 0, 0, 0, 0]",4,13.85170403073933,-1,0
852,"[0, 0, 4, 2, 14, 1, 5, 9, 0, 0, 0, 0, 0, 0, 2, 0, 2, 0, 1, 0, 0, 2, 0, 0, 1, 0, 1, 0, 0, 0, 0, 0, 0, 0, 0, 0, 0, 0, 0, 0, 2, 0, 0, 1, 0, 2, 2, 1, 2, 0, 0, 1, 0, 1, 1, 0, 0, 0, 0, 0, 0, 0, 0, 3, 3, 1, 3, 1, 1, 4, 0, 2, 5, 4, 2, 5, 1, 6, 2, 2, 188, 0, 0, 0, 0, 0, 0]",4,12.746763975860613,-1,1
853,"[0, 0, 4, 2, 14, 1, 5, 11, 0, 0, 0, 0, 0, 0, 2, 0, 2, 0, 1, 0, 0, 2, 0, 0, 1, 0, 1, 0, 0, 0, 0, 0, 0, 0, 0, 0, 0, 0, 0, 0, 2, 0, 0, 1, 0, 2, 2, 1, 2, 0, 0, 1, 0, 1, 1, 0, 0, 0, 0, 0, 0, 0, 0, 3, 3, 1, 3, 1, 1, 4, 0, 2, 5, 4, 2, 5, 1, 6, 2, 2, 189, 0, 0, 0, 0, 0, 0]",4,13.847618031164883,-1,0
854,"[0, 1, 4, 2, 14, 1, 5, 11, 0, 0, 0, 0, 0, 0, 2, 0, 2, 0, 1, 0, 0, 2, 0, 0, 1, 0, 1, 0, 0, 0, 0, 0, 0, 0, 0, 0, 0, 0, 0, 0, 2, 0, 0, 1, 0, 2, 2, 1, 2, 0, 0, 1, 0, 1, 1, 0, 0, 0, 0, 0, 0, 0, 0, 3, 3, 1, 3, 1, 1, 4, 0, 2, 5, 4, 2, 5, 1, 6, 2, 2, 190, 0, 0, 0, 0, 0, 0]",4,12.747860330115682,-1,1
855,"[0, 1, 4, 2, 14, 1, 5, 11, 0, 0, 0, 0, 0, 0, 2, 0, 2, 0, 1, 0, 0, 2, 0, 0, 1, 0, 1, 0, 0, 0, 0, 0, 0, 0, 0, 0, 0, 0, 0, 0, 2, 0, 0, 1, 0, 2, 2, 1, 2, 0, 0, 1, 0, 1, 1, 0, 0, 0, 0, 0, 0, 0, 0, 3, 3, 1, 3, 1, 1, 4, 0, 2, 5, 4, 2, 5, 1, 6, 2, 2, 190, 1, 0, 0, 0, 0, 0]",3,0.31973753202249044,-1,0
856,"[0, 1, 5, 0, 14, 1, 5, 11, 0, 0, 0, 0, 0, 0, 2, 0, 2, 0, 1, 0, 0, 2, 0, 0, 1, 0, 1, 0, 0, 0, 0, 0, 0, 0, 0, 0, 0, 0, 0, 0, 2, 0, 0, 1, 0, 2, 2, 1, 2, 0, 0, 1, 0, 1, 1, 0, 0, 0, 0, 0, 0, 0, 0, 3, 3, 1, 3, 1, 1, 4, 0, 2, 5, 4, 2, 5, 1, 6, 2, 2, 190, 0, 0, 0, 0, 0, 0]","[[0 0 0 2]
 [0 0 1 0]]",-0.07880478606646855,-1,0
857,"[0, 1, 5, 0, 14, 1, 5, 11, 0, 0, 0, 0, 0, 0, 2, 0, 2, 0, 1, 0, 0, 2, 0, 0, 1, 0, 1, 0, 0, 0, 0, 0, 0, 0, 0, 0, 0, 0, 0, 0, 2, 0, 0, 1, 0, 2, 2, 1, 2, 0, 0, 1, 0, 1, 1, 0, 0, 0, 0, 0, 0, 0, 0, 3, 3, 1, 3, 1, 1, 4, 0, 2, 5, 4, 2, 5, 1, 6, 2, 2, 190, 0, 1, 0, 0, 0, 0]",2,0.5197375320224904,-1,0
858,"[0, 1, 5, 0, 14, 1, 5, 11, 0, 0, 0, 0, 0, 0, 2, 0, 2, 0, 1, 0, 0, 2, 0, 0, 1, 0, 1, 0, 0, 0, 0, 0, 0, 0, 0, 0, 0, 0, 0, 0, 2, 0, 0, 1, 0, 2, 2, 1, 2, 0, 0, 1, 0, 1, 1, 0, 0, 0, 0, 0, 0, 0, 0, 3, 3, 1, 3, 1, 1, 4, 0, 2, 5, 4, 2, 5, 1, 6, 2, 2, 190, 0, 1, 0, 0, 1, 0]","[[0 1 0 0]
 [0 0 0 1]]",0.7701623970805813,-1,0
859,"[0, 0, 5, 1, 14, 2, 5, 10, 0, 0, 0, 0, 0, 0, 2, 0, 2, 0, 1, 0, 0, 2, 0, 0, 1, 0, 1, 0, 0, 0, 0, 0, 0, 0, 0, 0, 0, 0, 0, 0, 2, 0, 0, 1, 0, 2, 2, 1, 2, 0, 0, 1, 0, 1, 1, 0, 0, 0, 0, 0, 0, 0, 0, 3, 3, 1, 3, 1, 1, 4, 0, 2, 5, 4, 2, 5, 1, 6, 2, 2, 190, 0, 0, 0, 0, 0, 0]",0,-0.0802624679775096,-1,1
860,"[0, 0, 5, 1, 14, 2, 5, 10, 0, 0, 0, 0, 0, 0, 2, 0, 2, 0, 1, 0, 0, 2, 0, 0, 1, 0, 1, 0, 0, 0, 0, 0, 0, 0, 0, 0, 0, 0, 0, 0, 2, 0, 0, 1, 0, 2, 2, 1, 2, 0, 0, 1, 0, 1, 1, 0, 0, 0, 0, 0, 0, 0, 0, 3, 3, 1, 3, 1, 1, 4, 0, 2, 5, 4, 2, 5, 1, 6, 2, 2, 190, 0, 1, 0, 0, 0, 0]",2,0.5197375320224904,-1,0
861,"[0, 0, 5, 1, 14, 2, 5, 10, 0, 0, 0, 0, 0, 0, 2, 0, 2, 0, 1, 0, 0, 2, 0, 0, 1, 0, 1, 0, 0, 0, 0, 0, 0, 0, 0, 0, 0, 0, 0, 0, 2, 0, 0, 1, 0, 2, 2, 1, 2, 0, 0, 1, 0, 1, 1, 0, 0, 0, 0, 0, 0, 0, 0, 3, 3, 1, 3, 1, 1, 4, 0, 2, 5, 4, 2, 5, 1, 6, 2, 2, 190, 0, 1, 0, 0, 1, 0]","[[0 0 0 1]
 [0 0 1 0]]",0.7701623970805813,-1,0
862,"[0, 0, 5, 1, 14, 2, 5, 10, 0, 0, 0, 0, 0, 0, 2, 0, 2, 0, 1, 0, 0, 2, 0, 0, 1, 0, 1, 0, 0, 0, 0, 0, 0, 0, 0, 0, 0, 0, 0, 0, 2, 0, 0, 1, 0, 2, 2, 1, 2, 0, 0, 1, 0, 1, 1, 0, 0, 0, 0, 0, 0, 0, 0, 3, 3, 1, 3, 1, 1, 4, 0, 2, 5, 4, 2, 5, 1, 6, 2, 2, 190, 0, 0, 0, 0, 0, 0]",-1,-0.007478430961131752,-1,1
863,"[0, 0, 5, 1, 14, 2, 5, 10, 0, 0, 0, 0, 0, 0, 2, 0, 2, 0, 1, 0, 0, 2, 0, 0, 1, 0, 1, 0, 0, 0, 0, 0, 0, 0, 0, 0, 0, 0, 0, 0, 2, 0, 0, 1, 0, 2, 2, 1, 2, 0, 0, 1, 0, 1, 1, 0, 0, 0, 0, 0, 0, 0, 0, 3, 3, 1, 3, 1, 1, 4, 0, 2, 5, 4, 2, 5, 1, 6, 2, 2, 190, 1, 0, 0, 0, 0, 0]",3,0.31973753202249044,-1,0
864,"[0, 0, 3, 2, 14, 2, 5, 10, 0, 0, 0, 0, 0, 0, 2, 0, 2, 0, 1, 0, 0, 2, 0, 0, 1, 0, 1, 0, 0, 0, 0, 0, 0, 0, 0, 0, 0, 0, 0, 0, 2, 0, 0, 1, 0, 2, 2, 1, 2, 0, 0, 1, 0, 1, 1, 0, 0, 0, 0, 0, 0, 0, 0, 3, 3, 1, 3, 1, 1, 4, 0, 2, 5, 4, 2, 5, 1, 6, 2, 2, 190, 0, 0, 0, 0, 0, 0]","[[0 0 2 0]
 [0 0 0 1]]",-0.07880478606646855,-1,0
865,"[0, 0, 3, 2, 14, 2, 5, 10, 0, 0, 0, 0, 0, 0, 2, 0, 2, 0, 1, 0, 0, 2, 0, 0, 1, 0, 1, 0, 0, 0, 0, 0, 0, 0, 0, 0, 0, 0, 0, 0, 2, 0, 0, 1, 0, 2, 2, 1, 2, 0, 0, 1, 0, 1, 1, 0, 0, 0, 0, 0, 0, 0, 0, 3, 3, 1, 3, 1, 1, 4, 0, 2, 5, 4, 2, 5, 1, 6, 2, 2, 190, 0, 0, 0, 0, 0, 0]",0,0.4147122788530737,-1,0
866,"[0, 0, 3, 2, 14, 2, 5, 10, 0, 0, 0, 0, 0, 0, 2, 0, 2, 0, 1, 0, 0, 2, 0, 0, 1, 0, 1, 0, 0, 0, 0, 0, 0, 0, 0, 0, 0, 0, 0, 0, 2, 0, 0, 1, 0, 2, 2, 1, 2, 0, 0, 1, 0, 1, 1, 0, 0, 0, 0, 0, 0, 0, 0, 3, 3, 1, 3, 1, 1, 4, 0, 2, 5, 4, 2, 5, 1, 6, 2, 2, 190, 0, 0, 0, 0, 0, 0]",-1,-0.007478430961131752,-1,0
867,"[0, 0, 5, 2, 14, 2, 6, 10, 0, 0, 0, 0, 0, 0, 2, 0, 2, 0, 1, 0, 0, 2, 0, 0, 1, 0, 1, 0, 0, 0, 0, 0, 0, 0, 0, 0, 0, 0, 0, 0, 2, 0, 0, 1, 0, 2, 2, 1, 2, 0, 0, 1, 0, 1, 1, 0, 0, 0, 0, 0, 0, 0, 0, 3, 3, 1, 3, 1, 1, 4, 0, 2, 5, 4, 2, 5, 1, 6, 2, 2, 191, 0, 0, 0, 0, 0, 0]",4,13.77773574706073,-1,0
868,"[0, 0, 7, 2, 14, 2, 7, 10, 0, 0, 0, 0, 0, 0, 2, 0, 2, 0, 1, 0, 0, 2, 0, 0, 1, 0, 1, 0, 0, 0, 0, 0, 0, 0, 0, 0, 0, 0, 0, 0, 2, 0, 0, 1, 0, 2, 2, 1, 2, 0, 0, 1, 0, 1, 1, 0, 0, 0, 0, 0, 0, 0, 0, 3, 3, 1, 3, 1, 1, 4, 0, 2, 5, 4, 2, 5, 1, 6, 2, 2, 192, 0, 0, 0, 0, 0, 0]",4,12.817899924340777,-1,1
869,"[0, 1, 7, 2, 14, 2, 7, 10, 0, 0, 0, 0, 0, 0, 2, 0, 2, 0, 1, 0, 0, 2, 0, 0, 1, 0, 1, 0, 0, 0, 0, 0, 0, 0, 0, 0, 0, 0, 0, 0, 2, 0, 0, 1, 0, 2, 2, 1, 2, 0, 0, 1, 0, 1, 1, 0, 0, 0, 0, 0, 0, 0, 0, 3, 3, 1, 3, 1, 1, 4, 0, 2, 5, 4, 2, 5, 1, 6, 2, 2, 193, 0, 0, 0, 0, 0, 0]",4,13.789063748904733,-1,0
870,"[0, 1, 7, 2, 14, 2, 7, 10, 0, 0, 0, 0, 0, 0, 2, 0, 2, 0, 1, 0, 0, 2, 0, 0, 1, 0, 1, 0, 0, 0, 0, 0, 0, 0, 0, 0, 0, 0, 0, 0, 2, 0, 0, 1, 0, 2, 2, 1, 2, 0, 0, 1, 0, 1, 1, 0, 0, 0, 0, 0, 0, 0, 0, 3, 3, 1, 3, 1, 1, 4, 0, 2, 5, 4, 2, 5, 1, 6, 2, 2, 193, 0, 0, 0, 0, 0, 0]",0,0.4561269132568841,-1,1
871,"[0, 1, 7, 2, 14, 2, 7, 10, 0, 0, 0, 0, 0, 0, 2, 0, 2, 0, 1, 0, 0, 2, 0, 0, 1, 0, 1, 0, 0, 0, 0, 0, 0, 0, 0, 0, 0, 0, 0, 0, 2, 0, 0, 1, 0, 2, 2, 1, 2, 0, 0, 1, 0, 1, 1, 0, 0, 0, 0, 0, 0, 0, 0, 3, 3, 1, 3, 1, 1, 4, 0, 2, 5, 4, 2, 5, 1, 6, 2, 2, 193, 0, 0, 0, 0, 0, 0]",-1,-0.007257409924181187,-1,1
872,"[0, 1, 7, 2, 16, 2, 7, 10, 0, 0, 0, 0, 0, 0, 2, 0, 2, 0, 1, 0, 0, 2, 0, 0, 1, 0, 1, 0, 0, 0, 0, 0, 0, 0, 0, 0, 0, 0, 0, 0, 2, 0, 0, 1, 0, 2, 2, 1, 2, 0, 0, 1, 0, 1, 1, 0, 0, 0, 0, 0, 0, 0, 0, 3, 3, 1, 3, 1, 1, 4, 0, 2, 5, 4, 2, 5, 1, 6, 2, 2, 194, 0, 0, 0, 0, 0, 0]",4,12.78373611333341,-1,1
873,"[0, 1, 7, 2, 16, 2, 7, 12, 0, 0, 0, 0, 0, 0, 2, 0, 2, 0, 1, 0, 0, 2, 0, 0, 1, 0, 1, 0, 0, 0, 0, 0, 0, 0, 0, 0, 0, 0, 0, 0, 2, 0, 0, 1, 0, 2, 2, 1, 2, 0, 0, 1, 0, 1, 1, 0, 0, 0, 0, 0, 0, 0, 0, 3, 3, 1, 3, 1, 1, 4, 0, 2, 5, 4, 2, 5, 1, 6, 2, 2, 195, 0, 0, 0, 0, 0, 0]",4,13.784831002344118,-1,0
874,"[0, 1, 7, 2, 16, 2, 7, 12, 0, 0, 0, 0, 0, 0, 2, 0, 2, 0, 1, 0, 0, 2, 0, 0, 1, 0, 1, 0, 0, 0, 0, 0, 0, 0, 0, 0, 0, 0, 0, 0, 2, 0, 0, 1, 0, 2, 2, 1, 2, 0, 0, 1, 0, 1, 1, 0, 0, 0, 0, 0, 0, 0, 0, 3, 3, 1, 3, 1, 1, 4, 0, 2, 5, 4, 2, 5, 1, 6, 2, 2, 195, 0, 0, 0, 0, 0, 0]",1,0.5447547580616697,-1,1
875,"[0, 1, 7, 2, 16, 2, 7, 12, 0, 0, 0, 0, 0, 0, 2, 0, 2, 0, 1, 0, 0, 2, 0, 0, 1, 0, 1, 0, 0, 0, 0, 0, 0, 0, 0, 0, 0, 0, 0, 0, 2, 0, 0, 1, 0, 2, 2, 1, 2, 0, 0, 1, 0, 1, 1, 0, 0, 0, 0, 0, 0, 0, 0, 3, 3, 1, 3, 1, 1, 4, 0, 2, 5, 4, 2, 5, 1, 6, 2, 2, 195, 0, 0, 0, 0, 0, 0]",-1,-0.00711370357932568,-1,1
876,"[0, 2, 7, 2, 16, 2, 7, 12, 0, 0, 0, 0, 0, 0, 2, 0, 2, 0, 1, 0, 0, 2, 0, 0, 1, 0, 1, 0, 0, 0, 0, 0, 0, 0, 0, 0, 0, 0, 0, 0, 2, 0, 0, 1, 0, 2, 2, 1, 2, 0, 0, 1, 0, 1, 1, 0, 0, 0, 0, 0, 0, 0, 0, 3, 3, 1, 3, 1, 1, 4, 0, 2, 5, 4, 2, 5, 1, 6, 2, 2, 196, 0, 0, 0, 0, 0, 0]",4,12.784949271743,-1,1
877,"[0, 2, 7, 2, 16, 2, 7, 12, 0, 0, 0, 0, 0, 0, 2, 0, 2, 0, 1, 0, 0, 2, 0, 0, 1, 0, 1, 0, 0, 0, 0, 0, 0, 0, 0, 0, 0, 0, 0, 0, 2, 0, 0, 1, 0, 2, 2, 1, 2, 0, 0, 1, 0, 1, 1, 0, 0, 0, 0, 0, 0, 0, 0, 3, 3, 1, 3, 1, 1, 4, 0, 2, 5, 4, 2, 5, 1, 6, 2, 2, 196, 1, 0, 0, 0, 0, 0]",3,0.30798297691111315,-1,0
878,"[0, 2, 5, 3, 16, 2, 7, 12, 0, 0, 0, 0, 0, 0, 2, 0, 2, 0, 1, 0, 0, 2, 0, 0, 1, 0, 1, 0, 0, 0, 0, 0, 0, 0, 0, 0, 0, 0, 0, 0, 2, 0, 0, 1, 0, 2, 2, 1, 2, 0, 0, 1, 0, 1, 1, 0, 0, 0, 0, 0, 0, 0, 0, 3, 3, 1, 3, 1, 1, 4, 0, 2, 5, 4, 2, 5, 1, 6, 2, 2, 196, 0, 0, 0, 0, 0, 0]","[[0 0 2 0]
 [0 0 0 1]]",-0.09055934117784581,-1,0
879,"[0, 3, 5, 3, 16, 2, 7, 12, 0, 0, 0, 0, 0, 0, 2, 0, 2, 0, 1, 0, 0, 2, 0, 0, 1, 0, 1, 0, 0, 0, 0, 0, 0, 0, 0, 0, 0, 0, 0, 0, 2, 0, 0, 1, 0, 2, 2, 1, 2, 0, 0, 1, 0, 1, 1, 0, 0, 0, 0, 0, 0, 0, 0, 3, 3, 1, 3, 1, 1, 4, 0, 2, 5, 4, 2, 5, 1, 6, 2, 2, 197, 0, 0, 0, 0, 0, 0]",4,14.092856525001052,-1,0
880,"[0, 3, 5, 3, 16, 2, 7, 12, 0, 0, 0, 0, 0, 0, 2, 0, 2, 0, 1, 0, 0, 2, 0, 0, 1, 0, 1, 0, 0, 0, 0, 0, 0, 0, 0, 0, 0, 0, 0, 0, 2, 0, 0, 1, 0, 2, 2, 1, 2, 0, 0, 1, 0, 1, 1, 0, 0, 0, 0, 0, 0, 0, 0, 3, 3, 1, 3, 1, 1, 4, 0, 2, 5, 4, 2, 5, 1, 6, 2, 2, 197, 1, 0, 0, 0, 0, 0]",3,0.30599281035291437,-1,1
881,"[0, 3, 5, 3, 16, 2, 7, 12, 0, 0, 0, 0, 0, 0, 2, 0, 2, 0, 1, 0, 0, 2, 0, 0, 1, 0, 1, 0, 0, 0, 0, 0, 0, 0, 0, 0, 0, 0, 0, 0, 2, 0, 0, 1, 0, 2, 2, 1, 2, 0, 0, 1, 0, 1, 1, 0, 0, 0, 0, 0, 0, 0, 0, 3, 3, 1, 3, 1, 1, 4, 0, 2, 5, 4, 2, 5, 1, 6, 2, 2, 197, 0, 0, 0, 0, 0, 0]",-1,-0.0069728428107525475,-1,1
882,"[0, 4, 5, 3, 16, 2, 7, 12, 0, 0, 0, 0, 0, 0, 2, 0, 2, 0, 1, 0, 0, 2, 0, 0, 1, 0, 1, 0, 0, 0, 0, 0, 0, 0, 0, 0, 0, 0, 0, 0, 2, 0, 0, 1, 0, 2, 2, 1, 2, 0, 0, 1, 0, 1, 1, 0, 0, 0, 0, 0, 0, 0, 0, 3, 3, 1, 3, 1, 1, 4, 0, 2, 5, 4, 2, 5, 1, 6, 2, 2, 198, 0, 0, 0, 0, 0, 0]",4,12.780682441325858,-1,1
883,"[0, 4, 5, 3, 16, 2, 7, 14, 0, 0, 0, 0, 0, 0, 2, 0, 2, 0, 1, 0, 0, 2, 0, 0, 1, 0, 1, 0, 0, 0, 0, 0, 0, 0, 0, 0, 0, 0, 0, 0, 2, 0, 0, 1, 0, 2, 2, 1, 2, 0, 0, 1, 0, 1, 1, 0, 0, 0, 0, 0, 0, 0, 0, 3, 3, 1, 3, 1, 1, 4, 0, 2, 5, 4, 2, 5, 1, 6, 2, 2, 199, 0, 0, 0, 0, 0, 0]",4,14.086285143599197,-1,0
884,"[0, 4, 5, 3, 16, 2, 7, 14, 0, 0, 0, 0, 0, 0, 2, 0, 2, 0, 1, 0, 0, 2, 0, 0, 1, 0, 1, 0, 0, 0, 0, 0, 0, 0, 0, 0, 0, 0, 0, 0, 2, 0, 0, 1, 0, 2, 2, 1, 2, 0, 0, 1, 0, 1, 1, 0, 0, 0, 0, 0, 0, 0, 0, 3, 3, 1, 3, 1, 1, 4, 0, 2, 5, 4, 2, 5, 1, 6, 2, 2, 199, 1, 0, 0, 0, 0, 0]",3,0.3019997333759931,-1,1
885,"[0, 4, 5, 3, 16, 2, 7, 14, 0, 0, 0, 0, 0, 0, 2, 0, 2, 0, 1, 0, 0, 2, 0, 0, 1, 0, 1, 0, 0, 0, 0, 0, 0, 0, 0, 0, 0, 0, 0, 0, 2, 0, 0, 1, 0, 2, 2, 1, 2, 0, 0, 1, 0, 1, 1, 0, 0, 0, 0, 0, 0, 0, 0, 3, 3, 1, 3, 1, 1, 4, 0, 2, 5, 4, 2, 5, 1, 6, 2, 2, 199, 0, 0, 0, 0, 0, 0]",-1,-0.006834771272276193,-1,1
886,"[0, 4, 5, 3, 16, 2, 7, 14, 0, 0, 0, 0, 0, 0, 2, 0, 2, 0, 1, 0, 0, 2, 0, 0, 1, 0, 1, 0, 0, 0, 0, 0, 0, 0, 0, 0, 0, 0, 0, 0, 2, 0, 0, 1, 0, 2, 2, 1, 2, 0, 0, 1, 0, 1, 1, 0, 0, 0, 0, 0, 0, 0, 0, 3, 3, 1, 3, 1, 1, 4, 0, 2, 5, 4, 2, 5, 1, 6, 2, 2, 200, 0, 0, 0, 0, 0, 0]",4,12.773672158682748,-1,1
887,"[0, 4, 5, 3, 16, 2, 7, 14, 0, 0, 0, 0, 0, 0, 2, 0, 2, 0, 1, 0, 0, 2, 0, 0, 1, 0, 1, 0, 0, 0, 0, 0, 0, 0, 0, 0, 0, 0, 0, 0, 2, 0, 0, 1, 0, 2, 2, 1, 2, 0, 0, 1, 0, 1, 1, 0, 0, 0, 0, 0, 0, 0, 0, 3, 3, 1, 3, 1, 1, 4, 0, 2, 5, 4, 2, 5, 1, 6, 2, 2, 200, 1, 0, 0, 0, 0, 0]",3,0.30000000000000004,-1,0
888,"[0, 2, 5, 4, 16, 2, 7, 14, 0, 0, 0, 0, 0, 0, 2, 0, 2, 0, 1, 0, 0, 2, 0, 0, 1, 0, 1, 0, 0, 0, 0, 0, 0, 0, 0, 0, 0, 0, 0, 0, 2, 0, 0, 1, 0, 2, 2, 1, 2, 0, 0, 1, 0, 1, 1, 0, 0, 0, 0, 0, 0, 0, 0, 3, 3, 1, 3, 1, 1, 4, 0, 2, 5, 4, 2, 5, 1, 6, 2, 2, 200, 0, 0, 0, 0, 0, 0]","[[0 2 0 0]
 [0 0 0 1]]",-0.09854231808895896,-1,0
889,"[0, 2, 5, 4, 18, 2, 7, 14, 0, 0, 0, 0, 0, 0, 2, 0, 2, 0, 1, 0, 0, 2, 0, 0, 1, 0, 1, 0, 0, 0, 0, 0, 0, 0, 0, 0, 0, 0, 0, 0, 2, 0, 0, 1, 0, 2, 2, 1, 2, 0, 0, 1, 0, 1, 1, 0, 0, 0, 0, 0, 0, 0, 0, 3, 3, 1, 3, 1, 1, 4, 0, 2, 5, 4, 2, 5, 1, 6, 2, 2, 201, 0, 0, 0, 0, 0, 0]",4,14.015911016212652,-1,0
890,"[0, 2, 5, 4, 18, 2, 7, 14, 0, 0, 0, 0, 0, 0, 2, 0, 2, 0, 1, 0, 0, 2, 0, 0, 1, 0, 1, 0, 0, 0, 0, 0, 0, 0, 0, 0, 0, 0, 0, 0, 2, 0, 0, 1, 0, 2, 2, 1, 2, 0, 0, 1, 0, 1, 1, 0, 0, 0, 0, 0, 0, 0, 0, 3, 3, 1, 3, 1, 1, 4, 0, 2, 5, 4, 2, 5, 1, 6, 2, 2, 201, 1, 0, 0, 0, 0, 0]",3,0.2980002666240069,-1,1
891,"[0, 2, 5, 4, 18, 2, 7, 14, 0, 0, 0, 0, 0, 0, 2, 0, 2, 0, 1, 0, 0, 2, 0, 0, 1, 0, 1, 0, 0, 0, 0, 0, 0, 0, 0, 0, 0, 0, 0, 0, 2, 0, 0, 1, 0, 2, 2, 1, 2, 0, 0, 1, 0, 1, 1, 0, 0, 0, 0, 0, 0, 0, 0, 3, 3, 1, 3, 1, 1, 4, 0, 2, 5, 4, 2, 5, 1, 6, 2, 2, 201, 0, 0, 0, 0, 0, 0]",-1,-0.006699433733440247,-1,1
892,"[0, 1, 2, 2, 9, 1, 3, 7, 0, 0, 0, 0, 0, 0, 2, 0, 2, 0, 1, 0, 0, 2, 0, 0, 1, 0, 1, 0, 0, 0, 0, 0, 0, 0, 0, 0, 0, 0, 0, 0, 2, 0, 0, 1, 0, 2, 2, 1, 2, 0, 0, 1, 0, 1, 1, 0, 0, 0, 0, 0, 0, 0, 0, 3, 3, 1, 3, 1, 1, 4, 0, 2, 5, 4, 2, 5, 1, 6, 2, 1, 202, 0, 0, 0, 0, 0, 0]",4,12.743952131172817,-1,1
893,"[0, 1, 2, 2, 9, 1, 3, 7, 0, 0, 0, 0, 0, 0, 2, 0, 2, 0, 1, 0, 0, 2, 0, 0, 1, 0, 1, 0, 0, 0, 0, 0, 0, 0, 0, 0, 0, 0, 0, 0, 2, 0, 0, 1, 0, 2, 2, 1, 2, 0, 0, 1, 0, 1, 1, 0, 0, 0, 0, 0, 0, 0, 0, 3, 3, 1, 3, 1, 1, 4, 0, 2, 5, 4, 2, 5, 1, 6, 2, 1, 202, 0, 1, 0, 0, 0, 0]",2,0.4960021319688836,-1,0
894,"[0, 1, 2, 2, 9, 1, 3, 7, 0, 0, 0, 0, 0, 0, 2, 0, 2, 0, 1, 0, 0, 2, 0, 0, 1, 0, 1, 0, 0, 0, 0, 0, 0, 0, 0, 0, 0, 0, 0, 0, 2, 0, 0, 1, 0, 2, 2, 1, 2, 0, 0, 1, 0, 1, 1, 0, 0, 0, 0, 0, 0, 0, 0, 3, 3, 1, 3, 1, 1, 4, 0, 2, 5, 4, 2, 5, 1, 6, 2, 1, 202, 0, 1, 0, 0, 1, 0]","[[0 1 0 0]
 [1 0 0 0]]",0.7464269970269746,-1,0
895,"[1, 0, 2, 2, 8, 2, 3, 7, 0, 0, 0, 0, 0, 0, 2, 0, 2, 0, 1, 0, 0, 2, 0, 0, 1, 0, 1, 0, 0, 0, 0, 0, 0, 0, 0, 0, 0, 0, 0, 0, 2, 0, 0, 1, 0, 2, 2, 1, 2, 0, 0, 1, 0, 1, 1, 0, 0, 0, 0, 0, 0, 0, 0, 3, 3, 1, 3, 1, 1, 4, 0, 2, 5, 4, 2, 5, 1, 6, 2, 1, 202, 0, 0, 0, 0, 0, 0]",0,-0.10399786803111637,-1,1
896,"[1, 0, 2, 2, 8, 2, 3, 7, 0, 0, 0, 0, 0, 0, 2, 0, 2, 0, 1, 0, 0, 2, 0, 0, 1, 0, 1, 0, 0, 0, 0, 0, 0, 0, 0, 0, 0, 0, 0, 0, 2, 0, 0, 1, 0, 2, 2, 1, 2, 0, 0, 1, 0, 1, 1, 0, 0, 0, 0, 0, 0, 0, 0, 3, 3, 1, 3, 1, 1, 4, 0, 2, 5, 4, 2, 5, 1, 6, 2, 1, 202, 0, 1, 0, 0, 0, 0]",2,0.4960021319688836,-1,0
897,"[1, 0, 2, 2, 8, 2, 3, 7, 0, 0, 0, 0, 0, 0, 2, 0, 2, 0, 1, 0, 0, 2, 0, 0, 1, 0, 1, 0, 0, 0, 0, 0, 0, 0, 0, 0, 0, 0, 0, 0, 2, 0, 0, 1, 0, 2, 2, 1, 2, 0, 0, 1, 0, 1, 1, 0, 0, 0, 0, 0, 0, 0, 0, 3, 3, 1, 3, 1, 1, 4, 0, 2, 5, 4, 2, 5, 1, 6, 2, 1, 202, 0, 1, 0, 0, 1, 0]","[[0 0 0 1]
 [0 1 0 0]]",0.7464269970269746,-1,0
898,"[1, 1, 2, 1, 8, 1, 3, 8, 0, 0, 0, 0, 0, 0, 2, 0, 2, 0, 1, 0, 0, 2, 0, 0, 1, 0, 1, 0, 0, 0, 0, 0, 0, 0, 0, 0, 0, 0, 0, 0, 2, 0, 0, 1, 0, 2, 2, 1, 2, 0, 0, 1, 0, 1, 1, 0, 0, 0, 0, 0, 0, 0, 0, 3, 3, 1, 3, 1, 1, 4, 0, 2, 5, 4, 2, 5, 1, 6, 2, 1, 202, 0, 0, 0, 0, 0, 0]",0,-0.10399786803111637,-1,1
899,"[1, 1, 2, 1, 8, 1, 3, 8, 0, 0, 0, 0, 0, 0, 2, 0, 2, 0, 1, 0, 0, 2, 0, 0, 1, 0, 1, 0, 0, 0, 0, 0, 0, 0, 0, 0, 0, 0, 0, 0, 2, 0, 0, 1, 0, 2, 2, 1, 2, 0, 0, 1, 0, 1, 1, 0, 0, 0, 0, 0, 0, 0, 0, 3, 3, 1, 3, 1, 1, 4, 0, 2, 5, 4, 2, 5, 1, 6, 2, 1, 202, 1, 0, 0, 0, 0, 0]",3,0.29600213196888364,-1,0
900,"[1, 1, 0, 2, 8, 1, 3, 8, 0, 0, 0, 0, 0, 0, 2, 0, 2, 0, 1, 0, 0, 2, 0, 0, 1, 0, 1, 0, 0, 0, 0, 0, 0, 0, 0, 0, 0, 0, 0, 0, 2, 0, 0, 1, 0, 2, 2, 1, 2, 0, 0, 1, 0, 1, 1, 0, 0, 0, 0, 0, 0, 0, 0, 3, 3, 1, 3, 1, 1, 4, 0, 2, 5, 4, 2, 5, 1, 6, 2, 1, 202, 0, 0, 0, 0, 0, 0]","[[0 0 2 0]
 [0 0 0 1]]",-0.10254018612007532,-1,0
901,"[1, 1, 0, 2, 8, 1, 3, 8, 0, 0, 0, 0, 0, 0, 2, 0, 2, 0, 1, 0, 0, 2, 0, 0, 1, 0, 1, 0, 0, 0, 0, 0, 0, 0, 0, 0, 0, 0, 0, 0, 2, 0, 0, 1, 0, 2, 2, 1, 2, 0, 0, 1, 0, 1, 1, 0, 0, 0, 0, 0, 0, 0, 0, 3, 3, 1, 3, 1, 1, 4, 0, 2, 5, 4, 2, 5, 1, 6, 2, 1, 202, 0, 0, 0, 0, 0, 0]",0,0.3909768787994669,-1,0
902,"[0, 0, 0, 2, 8, 1, 3, 8, 0, 0, 0, 0, 0, 0, 2, 0, 2, 0, 1, 0, 0, 2, 0, 0, 1, 0, 1, 0, 0, 0, 0, 0, 0, 0, 0, 0, 0, 0, 0, 0, 2, 0, 0, 1, 0, 2, 2, 1, 2, 0, 0, 1, 0, 1, 1, 0, 0, 0, 0, 0, 0, 1, 0, 3, 3, 1, 3, 1, 1, 4, 0, 2, 5, 4, 2, 5, 1, 6, 2, 1, 202, 0, 0, 0, 0, 0, 0]",29,0.6270607105988886,-1,0
903,"[0, 0, 0, 2, 8, 1, 3, 8, 0, 0, 0, 0, 0, 0, 2, 0, 2, 0, 1, 0, 0, 2, 0, 0, 1, 0, 1, 0, 0, 0, 0, 0, 0, 0, 0, 0, 0, 0, 0, 0, 2, 0, 0, 1, 0, 2, 2, 1, 2, 0, 0, 1, 0, 1, 1, 0, 0, 0, 0, 0, 0, 1, 0, 3, 3, 1, 3, 1, 1, 4, 0, 2, 5, 4, 2, 5, 1, 6, 2, 1, 202, 1, 0, 0, 0, 0, 0]",3,0.29600213196888364,-1,0
904,"[0, 0, 1, 0, 8, 1, 3, 8, 0, 0, 0, 0, 0, 0, 2, 0, 2, 0, 1, 0, 0, 2, 0, 0, 1, 0, 1, 0, 0, 0, 0, 0, 0, 0, 0, 0, 0, 0, 0, 0, 2, 0, 0, 1, 0, 2, 2, 1, 2, 0, 0, 1, 0, 1, 1, 0, 0, 0, 0, 0, 0, 1, 0, 3, 3, 1, 3, 1, 1, 4, 0, 2, 5, 4, 2, 5, 1, 6, 2, 1, 202, 0, 0, 0, 0, 0, 0]","[[0 0 0 2]
 [0 0 1 0]]",-0.10254018612007532,-1,0
905,"[0, 0, 1, 0, 10, 1, 3, 8, 0, 0, 0, 0, 0, 0, 2, 0, 2, 0, 1, 0, 0, 2, 0, 0, 1, 0, 1, 0, 0, 0, 0, 0, 0, 0, 0, 0, 0, 0, 0, 0, 2, 0, 0, 1, 0, 2, 2, 1, 2, 0, 0, 1, 0, 1, 1, 0, 0, 0, 0, 0, 0, 1, 0, 3, 3, 1, 3, 1, 1, 4, 0, 2, 5, 4, 2, 5, 1, 6, 2, 1, 203, 0, 0, 0, 0, 0, 0]",4,15.324014556072228,-1,0
906,"[0, 0, 1, 0, 10, 1, 3, 8, 0, 0, 0, 0, 0, 0, 2, 0, 2, 0, 1, 0, 0, 2, 0, 0, 1, 0, 1, 0, 0, 0, 0, 0, 0, 0, 0, 0, 0, 0, 0, 0, 2, 0, 0, 1, 0, 2, 2, 1, 2, 0, 0, 1, 0, 1, 1, 0, 0, 0, 0, 0, 0, 1, 0, 3, 3, 1, 3, 1, 1, 4, 0, 2, 5, 4, 2, 5, 1, 6, 2, 1, 203, 1, 0, 0, 0, 0, 0]",3,0.29400718964708566,-1,1
907,"[0, 0, 1, 0, 10, 1, 3, 8, 0, 0, 0, 0, 0, 0, 2, 0, 2, 0, 1, 0, 0, 2, 0, 0, 1, 0, 1, 0, 0, 0, 0, 0, 0, 0, 0, 0, 0, 0, 0, 0, 2, 0, 0, 1, 0, 2, 2, 1, 2, 0, 0, 1, 0, 1, 1, 0, 0, 0, 0, 0, 0, 1, 0, 3, 3, 1, 3, 1, 1, 4, 0, 2, 5, 4, 2, 5, 1, 6, 2, 1, 203, 0, 0, 0, 0, 0, 0]",-1,-0.006566776057424652,-1,1
908,"[0, 0, 1, 0, 10, 1, 3, 8, 0, 0, 0, 0, 0, 0, 2, 0, 2, 0, 1, 0, 0, 2, 0, 0, 1, 0, 1, 0, 0, 0, 0, 0, 0, 0, 0, 0, 0, 0, 0, 0, 2, 0, 0, 1, 0, 2, 2, 1, 2, 0, 0, 1, 0, 1, 1, 0, 0, 0, 0, 0, 0, 1, 0, 3, 3, 1, 3, 1, 1, 4, 0, 2, 5, 4, 2, 5, 1, 6, 2, 1, 203, 1, 0, 0, 0, 0, 0]",3,0.29400718964708566,-1,0
909,"[0, 0, 1, 0, 10, 1, 3, 8, 0, 0, 0, 0, 0, 0, 2, 0, 2, 0, 1, 0, 0, 2, 0, 0, 1, 0, 1, 0, 0, 0, 0, 0, 0, 0, 0, 0, 0, 0, 0, 0, 2, 0, 0, 1, 0, 2, 2, 1, 2, 0, 0, 1, 0, 1, 1, 0, 0, 0, 0, 0, 0, 1, 0, 3, 3, 1, 3, 1, 1, 4, 0, 2, 5, 4, 2, 5, 1, 6, 2, 1, 203, 0, 0, 0, 0, 0, 0]",-1,-0.006566776057424652,-1,0
910,"[0, 0, 1, 0, 10, 1, 3, 8, 0, 0, 0, 0, 0, 0, 2, 0, 2, 0, 1, 0, 0, 2, 0, 0, 1, 0, 1, 0, 0, 0, 0, 0, 0, 0, 0, 0, 0, 0, 0, 0, 2, 0, 0, 1, 0, 2, 2, 1, 2, 0, 0, 1, 0, 1, 1, 0, 0, 0, 0, 0, 0, 1, 0, 3, 3, 1, 3, 1, 1, 4, 0, 2, 5, 4, 2, 5, 1, 6, 2, 1, 203, 1, 0, 0, 0, 0, 0]",3,0.29400718964708566,-1,0
911,"[0, 0, 1, 0, 10, 1, 3, 8, 0, 0, 0, 0, 0, 0, 2, 0, 2, 0, 1, 0, 0, 2, 0, 0, 1, 0, 1, 0, 0, 0, 0, 0, 0, 0, 0, 0, 0, 0, 0, 0, 2, 0, 0, 1, 0, 2, 2, 1, 2, 0, 0, 1, 0, 1, 1, 0, 0, 0, 0, 0, 0, 1, 0, 3, 3, 1, 3, 1, 1, 4, 0, 2, 5, 4, 2, 5, 1, 6, 2, 1, 203, 0, 0, 0, 0, 0, 0]",-1,-0.006566776057424652,-1,0
912,"[0, 0, 1, 0, 10, 1, 3, 8, 0, 0, 0, 0, 0, 0, 2, 0, 2, 0, 1, 0, 0, 2, 0, 0, 1, 0, 1, 0, 0, 0, 0, 0, 0, 0, 0, 0, 0, 0, 0, 0, 2, 0, 0, 1, 0, 2, 2, 1, 2, 0, 0, 1, 0, 1, 1, 0, 0, 0, 0, 0, 0, 1, 0, 3, 3, 1, 3, 1, 1, 4, 0, 2, 5, 4, 2, 5, 1, 6, 2, 1, 203, 0, 1, 0, 0, 0, 0]",2,0.4940071896470856,-1,0
913,"[0, 0, 1, 0, 10, 1, 3, 8, 0, 0, 0, 0, 0, 0, 2, 0, 2, 0, 1, 0, 0, 2, 0, 0, 1, 0, 1, 0, 0, 0, 0, 0, 0, 0, 0, 0, 0, 0, 0, 0, 2, 0, 0, 1, 0, 2, 2, 1, 2, 0, 0, 1, 0, 1, 1, 0, 0, 0, 0, 0, 0, 1, 0, 3, 3, 1, 3, 1, 1, 4, 0, 2, 5, 4, 2, 5, 1, 6, 2, 1, 203, 0, 1, 0, 0, 1, 0]","[[0 0 1 0]
 [0 1 0 0]]",0.7444320547051766,-1,0
914,"[0, 1, 0, 0, 10, 0, 4, 8, 0, 0, 0, 0, 0, 0, 2, 0, 2, 0, 1, 0, 0, 2, 0, 0, 1, 0, 1, 0, 0, 0, 0, 0, 0, 0, 0, 0, 0, 0, 0, 0, 2, 0, 0, 1, 0, 2, 2, 1, 2, 0, 0, 1, 0, 1, 1, 0, 0, 0, 0, 0, 0, 1, 0, 3, 3, 1, 3, 1, 1, 4, 0, 2, 5, 4, 2, 5, 1, 6, 2, 1, 203, 0, 0, 0, 0, 0, 0]",0,-0.10599281035291436,-1,1
915,"[0, 1, 2, 0, 10, 0, 5, 8, 0, 0, 0, 0, 0, 0, 2, 0, 2, 0, 1, 0, 0, 2, 0, 0, 1, 0, 1, 0, 0, 0, 0, 0, 0, 0, 0, 0, 0, 0, 0, 0, 2, 0, 0, 1, 0, 2, 2, 1, 2, 0, 0, 1, 0, 1, 1, 0, 0, 0, 0, 0, 0, 1, 0, 3, 3, 1, 3, 1, 1, 4, 0, 2, 5, 4, 2, 5, 1, 6, 2, 1, 204, 0, 0, 0, 0, 0, 0]",4,15.28081921702372,-1,0
916,"[0, 1, 2, 0, 10, 0, 5, 8, 0, 0, 0, 0, 0, 0, 2, 0, 2, 0, 1, 0, 0, 2, 0, 0, 1, 0, 1, 0, 0, 0, 0, 0, 0, 0, 0, 0, 0, 0, 0, 0, 2, 0, 0, 1, 0, 2, 2, 1, 2, 0, 0, 1, 0, 1, 1, 0, 0, 0, 0, 0, 0, 1, 0, 3, 3, 1, 3, 1, 1, 4, 0, 2, 5, 4, 2, 5, 1, 6, 2, 1, 204, 1, 0, 0, 0, 0, 0]",3,0.2920170230888869,-1,1
917,"[0, 1, 2, 0, 10, 0, 5, 8, 0, 0, 0, 0, 0, 0, 2, 0, 2, 0, 1, 0, 0, 2, 0, 0, 1, 0, 1, 0, 0, 0, 0, 0, 0, 0, 0, 0, 0, 0, 0, 0, 2, 0, 0, 1, 0, 2, 2, 1, 2, 0, 0, 1, 0, 1, 1, 0, 0, 0, 0, 0, 0, 1, 0, 3, 3, 1, 3, 1, 1, 4, 0, 2, 5, 4, 2, 5, 1, 6, 2, 1, 204, 0, 0, 0, 0, 0, 0]",-1,-0.006501435543921296,-1,1
918,"[0, 1, 2, 0, 10, 0, 5, 8, 0, 0, 0, 0, 0, 0, 2, 0, 2, 0, 1, 0, 0, 2, 0, 0, 1, 0, 1, 0, 0, 0, 0, 0, 0, 0, 0, 0, 0, 0, 0, 0, 2, 0, 0, 1, 0, 2, 2, 1, 2, 0, 0, 1, 0, 1, 1, 0, 0, 0, 0, 0, 0, 1, 0, 3, 3, 1, 3, 1, 1, 4, 0, 2, 5, 4, 2, 5, 1, 6, 2, 1, 204, 0, 1, 0, 0, 0, 0]",2,0.49201702308888684,-1,0
919,"[0, 1, 2, 0, 10, 0, 5, 8, 0, 0, 0, 0, 0, 0, 2, 0, 2, 0, 1, 0, 0, 2, 0, 0, 1, 0, 1, 0, 0, 0, 0, 0, 0, 0, 0, 0, 0, 0, 0, 0, 2, 0, 0, 1, 0, 2, 2, 1, 2, 0, 0, 1, 0, 1, 1, 0, 0, 0, 0, 0, 0, 1, 0, 3, 3, 1, 3, 1, 1, 4, 0, 2, 5, 4, 2, 5, 1, 6, 2, 1, 204, 0, 1, 0, 0, 1, 0]","[[0 0 1 0]
 [1 0 0 0]]",0.7424418881469778,-1,0
920,"[0, 1, 2, 0, 10, 0, 5, 8, 0, 0, 0, 0, 0, 0, 2, 0, 2, 0, 1, 0, 0, 2, 0, 0, 1, 0, 1, 0, 0, 0, 0, 0, 0, 0, 0, 0, 0, 0, 0, 0, 2, 0, 0, 1, 0, 2, 2, 1, 2, 0, 0, 1, 0, 1, 1, 0, 0, 0, 0, 0, 0, 1, 0, 3, 3, 1, 3, 1, 1, 4, 0, 2, 5, 4, 2, 5, 1, 6, 2, 1, 204, 0, 0, 0, 0, 0, 0]",1,-5.698152920660588,-1,1
921,"[0, 1, 2, 0, 10, 0, 5, 8, 0, 0, 0, 0, 0, 0, 2, 0, 2, 0, 1, 0, 0, 2, 0, 0, 1, 0, 1, 0, 0, 0, 0, 0, 0, 0, 0, 0, 0, 0, 0, 0, 2, 0, 0, 1, 0, 2, 2, 1, 2, 0, 0, 1, 0, 1, 1, 0, 0, 0, 0, 0, 0, 1, 0, 3, 3, 1, 3, 1, 1, 4, 0, 2, 5, 4, 2, 5, 1, 6, 2, 1, 204, 1, 0, 0, 0, 0, 0]",3,0.2920170230888869,-1,0
922,"[0, 1, 2, 0, 10, 0, 5, 8, 0, 0, 0, 0, 0, 0, 2, 0, 2, 0, 1, 0, 0, 2, 0, 0, 1, 0, 1, 0, 0, 0, 0, 0, 0, 0, 0, 0, 0, 0, 0, 0, 2, 0, 0, 1, 0, 2, 2, 1, 2, 0, 0, 1, 0, 1, 1, 0, 0, 0, 0, 0, 0, 1, 0, 3, 3, 1, 3, 1, 1, 4, 0, 2, 5, 4, 2, 5, 1, 6, 2, 1, 204, 0, 0, 0, 0, 0, 0]",-1,-0.006501435543921296,-1,0
923,"[0, 1, 2, 0, 10, 0, 5, 8, 0, 0, 0, 0, 0, 0, 2, 0, 2, 0, 1, 0, 0, 2, 0, 0, 1, 0, 1, 0, 0, 0, 0, 0, 0, 0, 0, 0, 0, 0, 0, 0, 2, 0, 0, 1, 0, 2, 2, 1, 2, 0, 0, 1, 0, 1, 1, 0, 0, 0, 0, 0, 0, 1, 0, 3, 3, 1, 3, 1, 1, 4, 0, 2, 5, 4, 2, 5, 1, 6, 2, 1, 204, 1, 0, 0, 0, 0, 0]",3,0.2920170230888869,-1,0
924,"[1, 1, 0, 0, 10, 0, 5, 8, 0, 0, 0, 0, 0, 0, 2, 0, 2, 0, 1, 0, 0, 2, 0, 0, 1, 0, 1, 0, 0, 0, 0, 0, 0, 0, 0, 0, 0, 0, 0, 0, 2, 0, 0, 1, 0, 2, 2, 1, 2, 0, 0, 1, 0, 1, 1, 0, 0, 0, 0, 0, 0, 1, 0, 3, 3, 1, 3, 1, 1, 4, 0, 2, 5, 4, 2, 5, 1, 6, 2, 1, 204, 0, 0, 0, 0, 0, 0]","[[0 0 2 0]
 [1 0 0 0]]",-0.10652529500007209,-1,0
925,"[1, 1, 0, 0, 10, 0, 5, 8, 0, 0, 0, 0, 0, 0, 2, 0, 2, 0, 1, 0, 0, 2, 0, 0, 1, 0, 1, 0, 0, 0, 0, 0, 0, 0, 0, 0, 0, 0, 0, 0, 2, 0, 0, 1, 0, 2, 2, 1, 2, 0, 0, 1, 0, 1, 1, 0, 0, 0, 0, 0, 0, 1, 0, 3, 3, 1, 3, 1, 1, 4, 0, 2, 5, 4, 2, 5, 1, 6, 2, 1, 204, 1, 0, 0, 0, 0, 0]",3,0.2920170230888869,-1,0
926,"[1, 1, 0, 0, 10, 0, 5, 8, 0, 0, 0, 0, 0, 0, 2, 0, 2, 0, 1, 0, 0, 2, 0, 0, 1, 0, 1, 0, 0, 0, 0, 0, 0, 0, 0, 0, 0, 0, 0, 0, 2, 0, 0, 1, 0, 2, 2, 1, 2, 0, 0, 1, 0, 1, 1, 0, 0, 0, 0, 0, 0, 1, 0, 3, 3, 1, 3, 1, 1, 4, 0, 2, 5, 4, 2, 5, 1, 6, 2, 1, 204, 0, 0, 0, 0, 0, 0]",-1,-0.006501435543921296,-1,0
927,"[1, 1, 0, 0, 10, 0, 5, 8, 0, 0, 0, 0, 0, 0, 2, 0, 2, 0, 1, 0, 0, 2, 0, 0, 1, 0, 1, 0, 0, 0, 0, 0, 0, 0, 0, 0, 0, 0, 0, 0, 2, 0, 0, 1, 0, 2, 2, 1, 2, 0, 0, 1, 0, 1, 1, 0, 0, 0, 0, 0, 0, 1, 0, 3, 3, 1, 3, 1, 1, 4, 0, 2, 5, 4, 2, 5, 1, 6, 2, 1, 204, 0, 0, 0, 0, 0, 0]",0,0.33473589551245997,-1,0
928,"[0, 0, 0, 0, 10, 0, 5, 8, 0, 0, 0, 0, 0, 0, 2, 0, 2, 0, 1, 0, 0, 2, 0, 0, 1, 0, 1, 0, 0, 0, 0, 0, 0, 0, 0, 0, 0, 0, 0, 0, 2, 0, 0, 1, 0, 2, 2, 1, 2, 0, 0, 1, 1, 1, 1, 0, 0, 0, 0, 0, 0, 1, 1, 4, 3, 1, 3, 1, 1, 4, 0, 2, 5, 4, 2, 5, 1, 6, 2, 1, 204, 0, 0, 0, 0, 0, 0]",20,3.7095914992825305,-1,0
929,"[0, 0, 2, 0, 10, 0, 6, 8, 0, 0, 0, 0, 0, 0, 2, 0, 2, 0, 1, 0, 0, 2, 0, 0, 1, 0, 1, 0, 0, 0, 0, 0, 0, 0, 0, 0, 0, 0, 0, 0, 2, 0, 0, 1, 0, 2, 2, 1, 2, 0, 0, 1, 1, 1, 1, 0, 0, 0, 0, 0, 0, 1, 1, 4, 3, 1, 3, 1, 1, 4, 0, 2, 5, 4, 2, 5, 1, 6, 2, 1, 205, 0, 0, 0, 0, 0, 0]",4,16.257966037370664,-1,0
930,"[0, 0, 2, 0, 10, 0, 6, 8, 0, 0, 0, 0, 0, 0, 2, 0, 2, 0, 1, 0, 0, 2, 0, 0, 1, 0, 1, 0, 0, 0, 0, 0, 0, 0, 0, 0, 0, 0, 0, 0, 2, 0, 0, 1, 0, 2, 2, 1, 2, 0, 0, 1, 1, 1, 1, 0, 0, 0, 0, 0, 0, 1, 1, 4, 3, 1, 3, 1, 1, 4, 0, 2, 5, 4, 2, 5, 1, 6, 2, 1, 205, 0, 0, 0, 0, 0, 0]",-1,-0.006436745179390212,-1,1
931,"[0, 0, 2, 0, 10, 0, 6, 8, 0, 0, 0, 0, 0, 0, 2, 0, 2, 0, 1, 0, 0, 2, 0, 0, 1, 0, 1, 0, 0, 0, 0, 0, 0, 0, 0, 0, 0, 0, 0, 0, 2, 0, 0, 1, 0, 2, 2, 1, 2, 0, 0, 1, 1, 1, 1, 0, 0, 0, 0, 0, 0, 1, 1, 4, 3, 1, 3, 1, 1, 4, 0, 2, 5, 4, 2, 5, 1, 6, 2, 1, 205, 0, 1, 0, 0, 0, 0]",2,0.4900332005375044,-1,1
932,"[0, 0, 2, 0, 10, 0, 6, 8, 0, 0, 0, 0, 0, 0, 2, 0, 2, 0, 1, 0, 0, 2, 0, 0, 1, 0, 1, 0, 0, 0, 0, 0, 0, 0, 0, 0, 0, 0, 0, 0, 2, 0, 0, 1, 0, 2, 2, 1, 2, 0, 0, 1, 1, 1, 1, 0, 0, 0, 0, 0, 0, 1, 1, 4, 3, 1, 3, 1, 1, 4, 0, 2, 5, 4, 2, 5, 1, 6, 2, 1, 205, 0, 1, 0, 0, 1, 0]","[[3 0 2 1]
 [0 0 1 0]]",-0.10990700252904093,-1,1
933,"[0, 0, 2, 0, 10, 0, 6, 8, 0, 0, 0, 0, 0, 0, 2, 0, 2, 0, 1, 0, 0, 2, 0, 0, 1, 0, 1, 0, 0, 0, 0, 0, 0, 0, 0, 0, 0, 0, 0, 0, 2, 0, 0, 1, 0, 2, 2, 1, 2, 0, 0, 1, 1, 1, 1, 0, 0, 0, 0, 0, 0, 1, 1, 4, 3, 1, 3, 1, 1, 4, 0, 2, 5, 4, 2, 5, 1, 6, 2, 1, 205, 0, 1, 0, 0, 0, 1]",2,-0.1099667994624956,-1,0
934,"[0, 0, 2, 0, 10, 0, 6, 8, 0, 0, 0, 0, 0, 0, 2, 0, 2, 0, 1, 0, 0, 2, 0, 0, 1, 0, 1, 0, 0, 0, 0, 0, 0, 0, 0, 0, 0, 0, 0, 0, 2, 0, 0, 1, 0, 2, 2, 1, 2, 0, 0, 1, 1, 1, 1, 0, 0, 0, 0, 0, 0, 1, 1, 4, 3, 1, 3, 1, 1, 4, 0, 2, 5, 4, 2, 5, 1, 6, 2, 1, 205, 0, 0, 1, 0, 0, 0]","[[0 0 1 0]
 [0 0 0 1]]",-0.1099667994624956,-1,0
935,"[0, 0, 2, 0, 10, 0, 6, 8, 0, 0, 0, 0, 0, 0, 2, 0, 2, 0, 1, 0, 0, 2, 0, 0, 1, 0, 1, 0, 0, 0, 0, 0, 0, 0, 0, 0, 0, 0, 0, 0, 2, 0, 0, 1, 0, 2, 2, 1, 2, 0, 0, 1, 1, 1, 1, 0, 0, 0, 0, 0, 0, 1, 1, 4, 3, 1, 3, 1, 1, 4, 0, 2, 5, 4, 2, 5, 1, 6, 2, 1, 205, 0, 0, 0, 0, 0, 0]",-1,-0.006436745179390212,-1,1
936,"[0, 0, 1, 0, 5, 0, 3, 4, 0, 0, 0, 0, 0, 0, 2, 0, 2, 0, 1, 0, 0, 2, 0, 0, 1, 0, 1, 0, 0, 0, 0, 0, 0, 0, 0, 0, 0, 0, 0, 0, 2, 0, 0, 1, 0, 2, 2, 1, 2, 0, 0, 1, 1, 1, 1, 0, 0, 0, 0, 0, 0, 1, 1, 4, 3, 1, 3, 1, 1, 4, 0, 2, 5, 4, 2, 5, 1, 6, 2, 1, 206, 0, 0, 0, 0, 0, 0]",4,12.811409246997457,-1,1
937,"[0, 0, 1, 0, 2, 0, 1, 2, 0, 0, 0, 0, 0, 0, 2, 0, 2, 0, 1, 0, 0, 2, 0, 0, 1, 0, 1, 0, 0, 0, 0, 0, 0, 0, 0, 0, 0, 0, 0, 0, 2, 0, 0, 1, 0, 2, 2, 1, 2, 0, 0, 1, 1, 1, 1, 0, 0, 0, 0, 0, 0, 1, 1, 4, 3, 1, 3, 1, 1, 4, 0, 2, 5, 4, 2, 5, 1, 6, 2, 4, 207, 0, 0, 0, 0, 0, 0]",4,16.575577972118765,-1,0
938,"[0, 0, 1, 0, 2, 0, 1, 2, 0, 0, 0, 0, 0, 0, 2, 0, 2, 0, 1, 0, 0, 2, 0, 0, 1, 0, 1, 0, 0, 0, 0, 0, 0, 0, 0, 0, 0, 0, 0, 0, 2, 0, 0, 1, 0, 2, 2, 1, 2, 0, 0, 1, 1, 1, 1, 0, 0, 0, 0, 0, 0, 1, 1, 4, 3, 1, 3, 1, 1, 4, 0, 2, 5, 4, 2, 5, 1, 6, 2, 4, 207, 0, 0, 0, 0, 0, 0]",-1,-0.006309289085251939,-1,1
939,"[0, 0, 1, 0, 2, 0, 1, 2, 0, 0, 0, 0, 0, 0, 2, 0, 2, 0, 1, 0, 0, 2, 0, 0, 1, 0, 1, 0, 0, 0, 0, 0, 0, 0, 0, 0, 0, 0, 0, 0, 2, 0, 0, 1, 0, 2, 2, 1, 2, 0, 0, 1, 1, 1, 1, 0, 0, 0, 0, 0, 0, 1, 1, 4, 3, 1, 3, 1, 1, 4, 0, 2, 5, 4, 2, 5, 1, 6, 2, 4, 207, 0, 0, 0, 0, 0, 0]",-1,-0.006309289085251939,-1,1
940,"[0, 0, 1, 0, 1, 0, 1, 1, 0, 0, 0, 0, 0, 0, 2, 0, 2, 0, 1, 0, 0, 2, 0, 0, 1, 0, 1, 0, 0, 0, 0, 0, 0, 0, 0, 0, 0, 0, 0, 0, 2, 0, 0, 1, 0, 2, 2, 1, 2, 0, 0, 1, 1, 1, 1, 0, 0, 0, 0, 0, 0, 1, 1, 4, 3, 1, 3, 1, 1, 4, 0, 2, 5, 4, 2, 5, 1, 6, 2, 2, 208, 0, 0, 0, 0, 0, 0]",4,13.230147011750878,-1,1
941,"[0, 1, 1, 0, 1, 0, 1, 1, 0, 0, 0, 0, 0, 0, 2, 0, 2, 0, 1, 0, 0, 2, 0, 0, 1, 0, 1, 0, 0, 0, 0, 0, 0, 0, 0, 0, 0, 0, 0, 0, 2, 0, 0, 1, 0, 2, 2, 1, 2, 0, 0, 1, 1, 1, 1, 0, 0, 0, 0, 0, 0, 1, 1, 4, 3, 1, 3, 1, 1, 4, 0, 2, 5, 4, 2, 5, 1, 6, 2, 2, 209, 0, 0, 0, 0, 0, 0]",4,16.7341481057019,-1,0
942,"[0, 1, 1, 0, 1, 0, 1, 1, 0, 0, 0, 0, 0, 0, 2, 0, 2, 0, 1, 0, 0, 2, 0, 0, 1, 0, 1, 0, 0, 0, 0, 0, 0, 0, 0, 0, 0, 0, 0, 0, 2, 0, 0, 1, 0, 2, 2, 1, 2, 0, 0, 1, 1, 1, 1, 0, 0, 0, 0, 0, 0, 1, 1, 4, 3, 1, 3, 1, 1, 4, 0, 2, 5, 4, 2, 5, 1, 6, 2, 2, 209, 1, 0, 0, 0, 0, 0]",3,0.282191913188267,-1,1
943,"[0, 1, 1, 0, 1, 0, 1, 1, 0, 0, 0, 0, 0, 0, 2, 0, 2, 0, 1, 0, 0, 2, 0, 0, 1, 0, 1, 0, 0, 0, 0, 0, 0, 0, 0, 0, 0, 0, 0, 0, 2, 0, 0, 1, 0, 2, 2, 1, 2, 0, 0, 1, 1, 1, 1, 0, 0, 0, 0, 0, 0, 1, 1, 4, 3, 1, 3, 1, 1, 4, 0, 2, 5, 4, 2, 5, 1, 6, 2, 2, 209, 0, 0, 0, 0, 0, 0]",-1,-0.006184356790872742,-1,1
944,"[0, 1, 1, 0, 1, 0, 1, 1, 0, 0, 0, 0, 0, 0, 2, 0, 2, 0, 1, 0, 0, 2, 0, 0, 1, 0, 1, 0, 0, 0, 0, 0, 0, 0, 0, 0, 0, 0, 0, 0, 2, 0, 0, 1, 0, 2, 2, 1, 2, 0, 0, 1, 1, 1, 1, 0, 0, 0, 0, 0, 0, 1, 1, 4, 3, 1, 3, 1, 1, 4, 0, 2, 5, 4, 2, 5, 1, 6, 2, 2, 209, 1, 0, 0, 0, 0, 0]",3,0.282191913188267,-1,1
945,"[0, 1, 1, 0, 1, 0, 1, 1, 0, 0, 0, 0, 0, 0, 2, 0, 2, 0, 1, 0, 0, 2, 0, 0, 1, 0, 1, 0, 0, 0, 0, 0, 0, 0, 0, 0, 0, 0, 0, 0, 2, 0, 0, 1, 0, 2, 2, 1, 2, 0, 0, 1, 1, 1, 1, 0, 0, 0, 0, 0, 0, 1, 1, 4, 3, 1, 3, 1, 1, 4, 0, 2, 5, 4, 2, 5, 1, 6, 2, 2, 209, 0, 0, 0, 0, 0, 0]",-1,-0.006184356790872742,-1,1
946,"[0, 1, 1, 0, 1, 0, 1, 1, 0, 0, 0, 0, 0, 0, 2, 0, 2, 0, 1, 0, 0, 2, 0, 0, 1, 0, 1, 0, 0, 0, 0, 0, 0, 0, 0, 0, 0, 0, 0, 0, 2, 0, 0, 1, 0, 2, 2, 1, 2, 0, 0, 1, 1, 1, 1, 0, 0, 0, 0, 0, 0, 1, 1, 4, 3, 1, 3, 1, 1, 4, 0, 2, 5, 4, 2, 5, 1, 6, 2, 2, 209, 0, 0, 0, 0, 0, 0]",-1,-0.006184356790872742,-1,1
947,"[0, 2, 1, 0, 1, 0, 1, 1, 0, 0, 0, 0, 0, 0, 2, 0, 2, 0, 1, 0, 0, 2, 0, 0, 1, 0, 1, 0, 0, 0, 0, 0, 0, 0, 0, 0, 0, 0, 0, 0, 2, 0, 0, 1, 0, 2, 2, 1, 2, 0, 0, 1, 1, 1, 1, 0, 0, 0, 0, 0, 0, 1, 1, 4, 3, 1, 3, 1, 1, 4, 0, 2, 5, 4, 2, 5, 1, 6, 2, 2, 210, 0, 0, 0, 0, 0, 0]",4,13.22602446556938,-1,1
948,"[0, 2, 1, 0, 1, 0, 1, 1, 0, 0, 0, 0, 0, 0, 2, 0, 2, 0, 1, 0, 0, 2, 0, 0, 1, 0, 1, 0, 0, 0, 0, 0, 0, 0, 0, 0, 0, 0, 0, 0, 2, 0, 0, 1, 0, 2, 2, 1, 2, 0, 0, 1, 1, 1, 1, 0, 0, 0, 0, 0, 0, 1, 1, 4, 3, 1, 3, 1, 1, 4, 0, 2, 5, 4, 2, 5, 1, 6, 2, 2, 210, 0, 1, 0, 0, 0, 0]",2,0.4802624679775096,-1,0
949,"[0, 2, 1, 0, 1, 0, 1, 1, 0, 0, 0, 0, 0, 0, 2, 0, 2, 0, 1, 0, 0, 2, 0, 0, 1, 0, 1, 0, 0, 0, 0, 0, 0, 0, 0, 0, 0, 0, 0, 0, 2, 0, 0, 1, 0, 2, 2, 1, 2, 0, 0, 1, 1, 1, 1, 0, 0, 0, 0, 0, 0, 1, 1, 4, 3, 1, 3, 1, 1, 4, 0, 2, 5, 4, 2, 5, 1, 6, 2, 2, 210, 0, 1, 0, 0, 1, 0]","[[0 1 0 0]
 [1 0 0 0]]",0.7306873330356005,-1,0
950,"[0, 2, 1, 0, 1, 0, 1, 1, 0, 0, 0, 0, 0, 0, 2, 0, 2, 0, 1, 0, 0, 2, 0, 0, 1, 0, 1, 0, 0, 0, 0, 0, 0, 0, 0, 0, 0, 0, 0, 0, 2, 0, 0, 1, 0, 2, 2, 1, 2, 0, 0, 1, 1, 1, 1, 0, 0, 0, 0, 0, 0, 1, 1, 4, 3, 1, 3, 1, 1, 4, 0, 2, 5, 4, 2, 5, 1, 6, 2, 2, 210, 0, 1, 0, 0, 0, 1]",2,-0.1197375320224904,-1,1
951,"[0, 2, 1, 0, 1, 0, 1, 1, 0, 0, 0, 0, 0, 0, 2, 0, 2, 0, 1, 0, 0, 2, 0, 0, 1, 0, 1, 0, 0, 0, 0, 0, 0, 0, 0, 0, 0, 0, 0, 0, 2, 0, 0, 1, 0, 2, 2, 1, 2, 0, 0, 1, 1, 1, 1, 0, 0, 0, 0, 0, 0, 1, 1, 4, 3, 1, 3, 1, 1, 4, 0, 2, 5, 4, 2, 5, 1, 6, 2, 2, 210, 0, 0, 0, 0, 0, 0]",-1,-0.006122821412649096,-1,1
952,"[0, 2, 1, 0, 1, 0, 1, 1, 0, 0, 0, 0, 0, 0, 2, 0, 2, 0, 1, 0, 0, 2, 0, 0, 1, 0, 1, 0, 0, 0, 0, 0, 0, 0, 0, 0, 0, 0, 0, 0, 2, 0, 0, 1, 0, 2, 2, 1, 2, 0, 0, 1, 1, 1, 1, 0, 0, 0, 0, 0, 0, 1, 1, 4, 3, 1, 3, 1, 1, 4, 0, 2, 5, 4, 2, 5, 1, 6, 2, 2, 210, 0, 0, 0, 0, 0, 0]",0,0.26366825823112594,-1,0
953,"[0, 2, 1, 0, 1, 0, 1, 1, 0, 0, 0, 0, 0, 0, 2, 0, 2, 0, 1, 0, 0, 2, 0, 0, 1, 0, 1, 0, 0, 0, 0, 0, 0, 0, 0, 0, 0, 0, 0, 0, 2, 0, 0, 1, 0, 2, 2, 1, 2, 0, 0, 1, 1, 1, 1, 0, 0, 0, 0, 0, 0, 1, 1, 4, 3, 1, 3, 1, 1, 4, 0, 2, 5, 4, 2, 5, 1, 6, 2, 2, 210, 0, 0, 0, 0, 0, 0]",-1,-0.006122821412649096,-1,0
954,"[0, 2, 1, 0, 1, 0, 1, 1, 0, 0, 0, 0, 0, 0, 2, 0, 2, 0, 1, 0, 0, 2, 0, 0, 1, 0, 1, 0, 0, 0, 0, 0, 0, 0, 0, 0, 0, 0, 0, 0, 2, 0, 0, 1, 0, 2, 2, 1, 2, 0, 0, 1, 1, 1, 1, 0, 0, 0, 0, 0, 0, 1, 1, 4, 3, 1, 3, 1, 1, 4, 0, 2, 5, 4, 2, 5, 1, 6, 2, 2, 210, 0, 1, 0, 0, 0, 0]",2,0.4802624679775096,-1,0
955,"[0, 2, 1, 0, 1, 0, 1, 1, 0, 0, 0, 0, 0, 0, 2, 0, 2, 0, 1, 0, 0, 2, 0, 0, 1, 0, 1, 0, 0, 0, 0, 0, 0, 0, 0, 0, 0, 0, 0, 0, 2, 0, 0, 1, 0, 2, 2, 1, 2, 0, 0, 1, 1, 1, 1, 0, 0, 0, 0, 0, 0, 1, 1, 4, 3, 1, 3, 1, 1, 4, 0, 2, 5, 4, 2, 5, 1, 6, 2, 2, 210, 0, 1, 0, 0, 1, 0]","[[0 1 0 0]
 [1 0 0 0]]",0.7306873330356005,-1,0
956,"[1, 1, 1, 0, 0, 1, 1, 1, 0, 0, 0, 0, 0, 0, 2, 0, 2, 0, 1, 0, 0, 2, 0, 0, 1, 0, 1, 0, 0, 0, 0, 0, 0, 0, 0, 0, 0, 0, 0, 0, 2, 0, 0, 1, 0, 2, 2, 1, 2, 0, 0, 1, 1, 1, 1, 0, 0, 0, 0, 0, 0, 1, 1, 4, 3, 1, 3, 1, 1, 4, 0, 2, 5, 4, 2, 5, 1, 6, 2, 2, 210, 0, 0, 0, 0, 0, 0]",0,-0.1197375320224904,-1,1
957,"[1, 1, 1, 0, 0, 1, 1, 1, 0, 0, 0, 0, 0, 0, 2, 0, 2, 0, 1, 0, 0, 2, 0, 0, 1, 0, 1, 0, 0, 0, 0, 0, 0, 0, 0, 0, 0, 0, 0, 0, 2, 0, 0, 1, 0, 2, 2, 1, 2, 0, 0, 1, 1, 1, 1, 0, 0, 0, 0, 0, 0, 1, 1, 4, 3, 1, 3, 1, 1, 4, 0, 2, 5, 4, 2, 5, 1, 6, 2, 2, 210, 0, 0, 0, 0, 0, 0]",0,0.26366825823112594,-1,0
958,"[1, 1, 1, 0, 0, 1, 1, 1, 0, 0, 0, 0, 0, 0, 2, 0, 2, 0, 1, 0, 0, 2, 0, 0, 1, 0, 1, 0, 0, 0, 0, 0, 0, 0, 0, 0, 0, 0, 0, 0, 2, 0, 0, 1, 0, 2, 2, 1, 2, 0, 0, 1, 1, 1, 1, 0, 0, 0, 0, 0, 0, 1, 1, 4, 3, 1, 3, 1, 1, 4, 0, 2, 5, 4, 2, 5, 1, 6, 2, 2, 210, 0, 0, 0, 0, 0, 0]",-1,-0.006122821412649096,-1,0
959,"[1, 1, 1, 0, 0, 1, 1, 1, 0, 0, 0, 0, 0, 0, 2, 0, 2, 0, 1, 0, 0, 2, 0, 0, 1, 0, 1, 0, 0, 0, 0, 0, 0, 0, 0, 0, 0, 0, 0, 0, 2, 0, 0, 1, 0, 2, 2, 1, 2, 0, 0, 1, 1, 1, 1, 0, 0, 0, 0, 0, 0, 1, 1, 4, 3, 1, 3, 1, 1, 4, 0, 2, 5, 4, 2, 5, 1, 6, 2, 2, 210, 1, 0, 0, 0, 0, 0]",3,0.28026246797750964,-1,0
960,"[1, 1, 1, 0, 0, 1, 1, 1, 0, 0, 0, 0, 0, 0, 2, 0, 2, 0, 1, 0, 0, 2, 0, 0, 1, 0, 1, 0, 0, 0, 0, 0, 0, 0, 0, 0, 0, 0, 0, 0, 2, 0, 0, 1, 0, 2, 2, 1, 2, 0, 0, 1, 1, 1, 1, 0, 0, 0, 0, 0, 0, 1, 1, 4, 3, 1, 3, 1, 1, 4, 0, 2, 5, 4, 2, 5, 1, 6, 2, 2, 210, 0, 0, 0, 0, 0, 0]",-1,-0.006122821412649096,-1,0
961,"[1, 1, 1, 0, 0, 1, 1, 1, 0, 0, 0, 0, 0, 0, 2, 0, 2, 0, 1, 0, 0, 2, 0, 0, 1, 0, 1, 0, 0, 0, 0, 0, 0, 0, 0, 0, 0, 0, 0, 0, 2, 0, 0, 1, 0, 2, 2, 1, 2, 0, 0, 1, 1, 1, 1, 0, 0, 0, 0, 0, 0, 1, 1, 4, 3, 1, 3, 1, 1, 4, 0, 2, 5, 4, 2, 5, 1, 6, 2, 2, 210, 0, 1, 0, 0, 0, 0]",2,0.4802624679775096,-1,0
962,"[1, 1, 1, 0, 0, 1, 1, 1, 0, 0, 0, 0, 0, 0, 2, 0, 2, 0, 1, 0, 0, 2, 0, 0, 1, 0, 1, 0, 0, 0, 0, 0, 0, 0, 0, 0, 0, 0, 0, 0, 2, 0, 0, 1, 0, 2, 2, 1, 2, 0, 0, 1, 1, 1, 1, 0, 0, 0, 0, 0, 0, 1, 1, 4, 3, 1, 3, 1, 1, 4, 0, 2, 5, 4, 2, 5, 1, 6, 2, 2, 210, 0, 1, 0, 0, 1, 0]","[[0 1 0 0]
 [0 0 0 1]]",0.7306873330356005,-1,0
963,"[1, 1, 1, 0, 0, 1, 1, 1, 0, 0, 0, 0, 0, 0, 2, 0, 2, 0, 1, 0, 0, 2, 0, 0, 1, 0, 1, 0, 0, 0, 0, 0, 0, 0, 0, 0, 0, 0, 0, 0, 2, 0, 0, 1, 0, 2, 2, 1, 2, 0, 0, 1, 1, 1, 1, 0, 0, 0, 0, 0, 0, 1, 1, 4, 3, 1, 3, 1, 1, 4, 0, 2, 5, 4, 2, 5, 1, 6, 2, 2, 210, 0, 0, 0, 0, 0, 0]",1,-5.709907475771965,-1,1
964,"[1, 1, 1, 0, 0, 1, 1, 3, 0, 0, 0, 0, 0, 0, 2, 0, 2, 0, 1, 0, 0, 2, 0, 0, 1, 0, 1, 0, 0, 0, 0, 0, 0, 0, 0, 0, 0, 0, 0, 0, 2, 0, 0, 1, 0, 2, 2, 1, 2, 0, 0, 1, 1, 1, 1, 0, 0, 0, 0, 0, 0, 1, 1, 4, 3, 1, 3, 1, 1, 4, 0, 2, 5, 4, 2, 5, 1, 6, 2, 2, 211, 0, 0, 0, 0, 0, 0]",4,17.003987120686116,-1,0
965,"[1, 1, 1, 0, 0, 1, 1, 3, 0, 0, 0, 0, 0, 0, 2, 0, 2, 0, 1, 0, 0, 2, 0, 0, 1, 0, 1, 0, 0, 0, 0, 0, 0, 0, 0, 0, 0, 0, 0, 0, 2, 0, 0, 1, 0, 2, 2, 1, 2, 0, 0, 1, 1, 1, 1, 0, 0, 0, 0, 0, 0, 1, 1, 4, 3, 1, 3, 1, 1, 4, 0, 2, 5, 4, 2, 5, 1, 6, 2, 2, 211, 0, 0, 0, 0, 0, 0]",-1,-0.006061898321669084,-1,1
966,"[1, 1, 1, 0, 0, 1, 1, 3, 0, 0, 0, 0, 0, 0, 2, 0, 2, 0, 1, 0, 0, 2, 0, 0, 1, 0, 1, 0, 0, 0, 0, 0, 0, 0, 0, 0, 0, 0, 0, 0, 2, 0, 0, 1, 0, 2, 2, 1, 2, 0, 0, 1, 1, 1, 1, 0, 0, 0, 0, 0, 0, 1, 1, 4, 3, 1, 3, 1, 1, 4, 0, 2, 5, 4, 2, 5, 1, 6, 2, 2, 211, 1, 0, 0, 0, 0, 0]",3,0.27834819385069715,-1,0
967,"[1, 1, 1, 0, 0, 1, 1, 3, 0, 0, 0, 0, 0, 0, 2, 0, 2, 0, 1, 0, 0, 2, 0, 0, 1, 0, 1, 0, 0, 0, 0, 0, 0, 0, 0, 0, 0, 0, 0, 0, 2, 0, 0, 1, 0, 2, 2, 1, 2, 0, 0, 1, 1, 1, 1, 0, 0, 0, 0, 0, 0, 1, 1, 4, 3, 1, 3, 1, 1, 4, 0, 2, 5, 4, 2, 5, 1, 6, 2, 2, 211, 0, 0, 0, 0, 0, 0]",-1,-0.006061898321669084,-1,0
968,"[1, 1, 1, 0, 0, 1, 1, 3, 0, 0, 0, 0, 0, 0, 2, 0, 2, 0, 1, 0, 0, 2, 0, 0, 1, 0, 1, 0, 0, 0, 0, 0, 0, 0, 0, 0, 0, 0, 0, 0, 2, 0, 0, 1, 0, 2, 2, 1, 2, 0, 0, 1, 1, 1, 1, 0, 0, 0, 0, 0, 0, 1, 1, 4, 3, 1, 3, 1, 1, 4, 0, 2, 5, 4, 2, 5, 1, 6, 2, 2, 211, 1, 0, 0, 0, 0, 0]",3,0.27834819385069715,-1,0
969,"[1, 1, 1, 0, 0, 1, 1, 3, 0, 0, 0, 0, 0, 0, 2, 0, 2, 0, 1, 0, 0, 2, 0, 0, 1, 0, 1, 0, 0, 0, 0, 0, 0, 0, 0, 0, 0, 0, 0, 0, 2, 0, 0, 1, 0, 2, 2, 1, 2, 0, 0, 1, 1, 1, 1, 0, 0, 0, 0, 0, 0, 1, 1, 4, 3, 1, 3, 1, 1, 4, 0, 2, 5, 4, 2, 5, 1, 6, 2, 2, 211, 0, 0, 0, 0, 0, 0]",-1,-0.006061898321669084,-1,0
970,"[1, 1, 1, 0, 0, 1, 1, 3, 0, 0, 0, 0, 0, 0, 2, 0, 2, 0, 1, 0, 0, 2, 0, 0, 1, 0, 1, 0, 0, 0, 0, 0, 0, 0, 0, 0, 0, 0, 0, 0, 2, 0, 0, 1, 0, 2, 2, 1, 2, 0, 0, 1, 1, 1, 1, 0, 0, 0, 0, 0, 0, 1, 1, 4, 3, 1, 3, 1, 1, 4, 0, 2, 5, 4, 2, 5, 1, 6, 2, 2, 211, 1, 0, 0, 0, 0, 0]",3,0.27834819385069715,-1,0
971,"[1, 1, 1, 0, 0, 1, 1, 3, 0, 0, 0, 0, 0, 0, 2, 0, 2, 0, 1, 0, 0, 2, 0, 0, 1, 0, 1, 0, 0, 0, 0, 0, 0, 0, 0, 0, 0, 0, 0, 0, 2, 0, 0, 1, 0, 2, 2, 1, 2, 0, 0, 1, 1, 1, 1, 0, 0, 0, 0, 0, 0, 1, 1, 4, 3, 1, 3, 1, 1, 4, 0, 2, 5, 4, 2, 5, 1, 6, 2, 2, 211, 0, 0, 0, 0, 0, 0]",-1,-0.006061898321669084,-1,0
972,"[1, 1, 3, 0, 0, 1, 2, 3, 0, 0, 0, 0, 0, 0, 2, 0, 2, 0, 1, 0, 0, 2, 0, 0, 1, 0, 1, 0, 0, 0, 0, 0, 0, 0, 0, 0, 0, 0, 0, 0, 2, 0, 0, 1, 0, 2, 2, 1, 2, 0, 0, 1, 1, 1, 1, 0, 0, 0, 0, 0, 0, 1, 1, 4, 3, 1, 3, 1, 1, 4, 0, 2, 5, 4, 2, 5, 1, 6, 2, 2, 212, 0, 0, 0, 0, 0, 0]",4,16.581529688004917,-1,0
973,"[1, 1, 3, 0, 2, 1, 2, 3, 0, 0, 0, 0, 0, 0, 2, 0, 2, 0, 1, 0, 0, 2, 0, 0, 1, 0, 1, 0, 0, 0, 0, 0, 0, 0, 0, 0, 0, 0, 0, 0, 2, 0, 0, 1, 0, 2, 2, 1, 2, 0, 0, 1, 1, 1, 1, 0, 0, 0, 0, 0, 0, 1, 1, 4, 3, 1, 3, 1, 1, 4, 0, 2, 5, 4, 2, 5, 1, 6, 2, 2, 213, 0, 0, 0, 0, 0, 0]",4,13.244006271971841,-1,1
974,"[1, 1, 5, 0, 2, 1, 3, 3, 0, 0, 0, 0, 0, 0, 2, 0, 2, 0, 1, 0, 0, 2, 0, 0, 1, 0, 1, 0, 0, 0, 0, 0, 0, 0, 0, 0, 0, 0, 0, 0, 2, 0, 0, 1, 0, 2, 2, 1, 2, 0, 0, 1, 1, 1, 1, 0, 0, 0, 0, 0, 0, 1, 1, 4, 3, 1, 3, 1, 1, 4, 0, 2, 5, 4, 2, 5, 1, 6, 2, 2, 214, 0, 0, 0, 0, 0, 0]",4,16.301216482721852,-1,0
975,"[1, 1, 5, 0, 2, 1, 3, 3, 0, 0, 0, 0, 0, 0, 2, 0, 2, 0, 1, 0, 0, 2, 0, 0, 1, 0, 1, 0, 0, 0, 0, 0, 0, 0, 0, 0, 0, 0, 0, 0, 2, 0, 0, 1, 0, 2, 2, 1, 2, 0, 0, 1, 1, 1, 1, 0, 0, 0, 0, 0, 0, 1, 1, 4, 3, 1, 3, 1, 1, 4, 0, 2, 5, 4, 2, 5, 1, 6, 2, 2, 214, 0, 0, 0, 0, 0, 0]",0,0.41492716041272504,-1,1
976,"[1, 1, 5, 0, 2, 1, 3, 3, 0, 0, 0, 0, 0, 0, 2, 0, 2, 0, 1, 0, 0, 2, 0, 0, 1, 0, 1, 0, 0, 0, 0, 0, 0, 0, 0, 0, 0, 0, 0, 0, 2, 0, 0, 1, 0, 2, 2, 1, 2, 0, 0, 1, 1, 1, 1, 0, 0, 0, 0, 0, 0, 1, 1, 4, 3, 1, 3, 1, 1, 4, 0, 2, 5, 4, 2, 5, 1, 6, 2, 2, 214, 0, 0, 0, 0, 0, 0]",-1,-0.00588274215108896,-1,1
977,"[1, 1, 5, 0, 2, 1, 3, 5, 0, 0, 0, 0, 0, 0, 2, 0, 2, 0, 1, 0, 0, 2, 0, 0, 1, 0, 1, 0, 0, 0, 0, 0, 0, 0, 0, 0, 0, 0, 0, 0, 2, 0, 0, 1, 0, 2, 2, 1, 2, 0, 0, 1, 1, 1, 1, 0, 0, 0, 0, 0, 0, 1, 1, 4, 3, 1, 3, 1, 1, 4, 0, 2, 5, 4, 2, 5, 1, 6, 2, 2, 215, 0, 0, 0, 0, 0, 0]",4,12.87952982948317,-1,1
978,"[1, 1, 5, 0, 2, 1, 3, 5, 0, 0, 0, 0, 0, 0, 2, 0, 2, 0, 1, 0, 0, 2, 0, 0, 1, 0, 1, 0, 0, 0, 0, 0, 0, 0, 0, 0, 0, 0, 0, 0, 2, 0, 0, 1, 0, 2, 2, 1, 2, 0, 0, 1, 1, 1, 1, 0, 0, 0, 0, 0, 0, 1, 1, 4, 3, 1, 3, 1, 1, 4, 0, 2, 5, 4, 2, 5, 1, 6, 2, 2, 215, 0, 1, 0, 0, 0, 0]",2,0.4708687387548409,-1,0
979,"[1, 1, 5, 0, 2, 1, 3, 5, 0, 0, 0, 0, 0, 0, 2, 0, 2, 0, 1, 0, 0, 2, 0, 0, 1, 0, 1, 0, 0, 0, 0, 0, 0, 0, 0, 0, 0, 0, 0, 0, 2, 0, 0, 1, 0, 2, 2, 1, 2, 0, 0, 1, 1, 1, 1, 0, 0, 0, 0, 0, 0, 1, 1, 4, 3, 1, 3, 1, 1, 4, 0, 2, 5, 4, 2, 5, 1, 6, 2, 2, 215, 0, 1, 0, 0, 1, 0]","[[0 1 0 0]
 [0 0 0 1]]",0.7212936038129318,-1,0
980,"[1, 1, 5, 0, 2, 1, 3, 5, 0, 0, 0, 0, 0, 0, 2, 0, 2, 0, 1, 0, 0, 2, 0, 0, 1, 0, 1, 0, 0, 0, 0, 0, 0, 0, 0, 0, 0, 0, 0, 0, 2, 0, 0, 1, 0, 2, 2, 1, 2, 0, 0, 1, 1, 1, 1, 0, 0, 0, 0, 0, 0, 1, 1, 4, 3, 1, 3, 1, 1, 4, 0, 2, 5, 4, 2, 5, 1, 6, 2, 2, 215, 0, 0, 0, 0, 0, 0]",1,-5.7193012049946335,-1,1
981,"[1, 1, 5, 0, 2, 1, 3, 7, 0, 0, 0, 0, 0, 0, 2, 0, 2, 0, 1, 0, 0, 2, 0, 0, 1, 0, 1, 0, 0, 0, 0, 0, 0, 0, 0, 0, 0, 0, 0, 0, 2, 0, 0, 1, 0, 2, 2, 1, 2, 0, 0, 1, 1, 1, 1, 0, 0, 0, 0, 0, 0, 1, 1, 4, 3, 1, 3, 1, 1, 4, 0, 2, 5, 4, 2, 5, 1, 6, 2, 2, 216, 0, 0, 0, 0, 0, 0]",4,16.297320985049012,-1,0
982,"[1, 1, 5, 0, 2, 1, 3, 7, 0, 0, 0, 0, 0, 0, 2, 0, 2, 0, 1, 0, 0, 2, 0, 0, 1, 0, 1, 0, 0, 0, 0, 0, 0, 0, 0, 0, 0, 0, 0, 0, 2, 0, 0, 1, 0, 2, 2, 1, 2, 0, 0, 1, 1, 1, 1, 0, 0, 0, 0, 0, 0, 1, 1, 4, 3, 1, 3, 1, 1, 4, 0, 2, 5, 4, 2, 5, 1, 6, 2, 2, 216, 0, 0, 0, 0, 0, 0]",1,0.5038372664779103,-1,1
983,"[1, 1, 5, 0, 1, 0, 2, 6, 0, 0, 0, 0, 0, 0, 2, 0, 2, 0, 1, 0, 0, 2, 0, 0, 1, 0, 1, 0, 0, 2, 0, 0, 0, 0, 0, 0, 0, 0, 0, 0, 2, 0, 0, 1, 0, 2, 2, 1, 2, 0, 0, 1, 1, 1, 1, 0, 0, 0, 0, 0, 0, 1, 1, 4, 4, 1, 3, 1, 1, 4, 0, 2, 5, 4, 2, 5, 1, 6, 2, 2, 216, 0, 0, 0, 0, 0, 0]",21,4.096693087228103,-1,1
984,"[1, 1, 5, 0, 1, 0, 2, 6, 0, 0, 0, 0, 0, 0, 2, 0, 2, 0, 1, 0, 0, 2, 0, 0, 1, 0, 1, 0, 0, 2, 0, 0, 0, 0, 0, 0, 0, 0, 0, 0, 2, 0, 0, 1, 0, 2, 2, 1, 2, 0, 0, 1, 1, 1, 1, 0, 0, 0, 0, 0, 0, 1, 1, 4, 4, 1, 3, 1, 1, 4, 0, 2, 5, 4, 2, 5, 1, 6, 2, 2, 216, 0, 0, 0, 0, 0, 0]",-1,-0.005766256051903126,-1,1
985,"[1, 1, 5, 0, 1, 0, 2, 6, 0, 0, 0, 0, 0, 0, 2, 0, 2, 0, 1, 0, 0, 2, 0, 0, 1, 0, 1, 0, 0, 2, 0, 0, 0, 0, 0, 0, 0, 0, 0, 0, 2, 0, 0, 1, 0, 2, 2, 1, 2, 0, 0, 1, 1, 1, 1, 0, 0, 0, 0, 0, 0, 1, 1, 4, 4, 1, 3, 1, 1, 4, 0, 2, 5, 4, 2, 5, 1, 6, 2, 2, 216, 0, 1, 0, 0, 0, 0]",2,0.4690493078787361,-1,0
986,"[1, 1, 5, 0, 1, 0, 2, 6, 0, 0, 0, 0, 0, 0, 2, 0, 2, 0, 1, 0, 0, 2, 0, 0, 1, 0, 1, 0, 0, 2, 0, 0, 0, 0, 0, 0, 0, 0, 0, 0, 2, 0, 0, 1, 0, 2, 2, 1, 2, 0, 0, 1, 1, 1, 1, 0, 0, 0, 0, 0, 0, 1, 1, 4, 4, 1, 3, 1, 1, 4, 0, 2, 5, 4, 2, 5, 1, 6, 2, 2, 216, 0, 1, 0, 0, 1, 0]","[[1 0 0 0]
 [0 0 0 1]]",0.719474172936827,-1,0
987,"[1, 1, 5, 0, 1, 0, 2, 6, 0, 0, 0, 0, 0, 0, 2, 0, 2, 0, 1, 0, 0, 2, 0, 0, 1, 0, 1, 0, 0, 2, 0, 0, 0, 0, 0, 0, 0, 0, 0, 0, 2, 0, 0, 1, 0, 2, 2, 1, 2, 0, 0, 1, 1, 1, 1, 0, 0, 0, 0, 0, 0, 1, 1, 4, 4, 1, 3, 1, 1, 4, 0, 2, 5, 4, 2, 5, 1, 6, 2, 2, 216, 0, 0, 0, 0, 0, 0]",1,-5.721120635870738,-1,1
988,"[1, 1, 5, 0, 1, 0, 2, 6, 0, 0, 0, 0, 0, 0, 2, 0, 2, 0, 1, 0, 0, 2, 0, 0, 1, 0, 1, 0, 0, 2, 0, 0, 0, 0, 0, 0, 0, 0, 0, 0, 2, 0, 0, 1, 0, 2, 2, 1, 2, 0, 0, 1, 1, 1, 1, 0, 0, 0, 0, 0, 0, 1, 1, 4, 4, 1, 3, 1, 1, 4, 0, 2, 5, 4, 2, 5, 1, 6, 2, 2, 216, 0, 0, 0, 0, 0, 0]",0,0.25245509813235245,-1,0
989,"[1, 1, 5, 0, 1, 0, 2, 6, 0, 0, 0, 0, 0, 0, 2, 0, 2, 0, 1, 0, 0, 2, 0, 0, 1, 0, 1, 0, 0, 2, 0, 0, 0, 0, 0, 0, 0, 0, 0, 0, 2, 0, 0, 1, 0, 2, 2, 1, 2, 0, 0, 1, 1, 1, 1, 0, 0, 0, 0, 0, 0, 1, 1, 4, 4, 1, 3, 1, 1, 4, 0, 2, 5, 4, 2, 5, 1, 6, 2, 2, 216, 0, 0, 0, 0, 0, 0]",-1,-0.005766256051903126,-1,0
990,"[1, 1, 5, 0, 1, 0, 2, 6, 0, 0, 0, 0, 0, 0, 2, 0, 2, 0, 1, 0, 0, 2, 0, 0, 1, 0, 1, 0, 0, 2, 0, 0, 0, 0, 0, 0, 0, 0, 0, 0, 2, 0, 0, 1, 0, 2, 2, 1, 2, 0, 0, 1, 1, 1, 1, 0, 0, 0, 0, 0, 0, 1, 1, 4, 4, 1, 3, 1, 1, 4, 0, 2, 5, 4, 2, 5, 1, 6, 2, 2, 216, 0, 1, 0, 0, 0, 0]",2,0.4690493078787361,-1,0
991,"[1, 1, 5, 0, 1, 0, 2, 6, 0, 0, 0, 0, 0, 0, 2, 0, 2, 0, 1, 0, 0, 2, 0, 0, 1, 0, 1, 0, 0, 2, 0, 0, 0, 0, 0, 0, 0, 0, 0, 0, 2, 0, 0, 1, 0, 2, 2, 1, 2, 0, 0, 1, 1, 1, 1, 0, 0, 0, 0, 0, 0, 1, 1, 4, 4, 1, 3, 1, 1, 4, 0, 2, 5, 4, 2, 5, 1, 6, 2, 2, 216, 0, 1, 0, 0, 1, 0]","[[0 0 1 0]
 [0 0 0 1]]",0.719474172936827,-1,0
992,"[1, 1, 5, 0, 1, 0, 2, 6, 0, 0, 0, 0, 0, 0, 2, 0, 2, 0, 1, 0, 0, 2, 0, 0, 1, 0, 1, 0, 0, 2, 0, 0, 0, 0, 0, 0, 0, 0, 0, 0, 2, 0, 0, 1, 0, 2, 2, 1, 2, 0, 0, 1, 1, 1, 1, 0, 0, 0, 0, 0, 0, 1, 1, 4, 4, 1, 3, 1, 1, 4, 0, 2, 5, 4, 2, 5, 1, 6, 2, 2, 216, 0, 1, 0, 0, 0, 1]",2,-0.13095069212126387,-1,1
993,"[1, 1, 5, 0, 1, 0, 2, 6, 0, 0, 0, 0, 0, 0, 2, 0, 2, 0, 1, 0, 0, 2, 0, 0, 1, 0, 1, 0, 0, 2, 0, 0, 0, 0, 0, 0, 0, 0, 0, 0, 2, 0, 0, 1, 0, 2, 2, 1, 2, 0, 0, 1, 1, 1, 1, 0, 0, 0, 0, 0, 0, 1, 1, 4, 4, 1, 3, 1, 1, 4, 0, 2, 5, 4, 2, 5, 1, 6, 2, 2, 216, 0, 0, 1, 0, 0, 0]","[[0 0 1 2]
 [1 1 5 0]]",-0.13095069212126387,-1,1
994,"[1, 1, 5, 0, 1, 0, 2, 6, 0, 0, 0, 0, 0, 0, 2, 0, 2, 0, 1, 0, 0, 2, 0, 0, 1, 0, 1, 0, 0, 2, 0, 0, 0, 0, 0, 0, 0, 0, 0, 0, 2, 0, 0, 1, 0, 2, 2, 1, 2, 0, 0, 1, 1, 1, 1, 0, 0, 0, 0, 0, 0, 1, 1, 4, 4, 1, 3, 1, 1, 4, 0, 2, 5, 4, 2, 5, 1, 6, 2, 2, 216, 0, 0, 0, 0, 0, 0]",1,-2.7066950381107233,-1,0
995,"[1, 1, 5, 0, 1, 0, 2, 6, 0, 0, 0, 0, 0, 0, 2, 0, 2, 0, 1, 0, 0, 2, 0, 0, 1, 0, 1, 0, 0, 2, 0, 0, 0, 0, 0, 0, 0, 0, 0, 0, 2, 0, 0, 1, 0, 2, 2, 1, 2, 0, 0, 1, 1, 1, 1, 0, 0, 0, 0, 0, 0, 1, 1, 4, 4, 1, 3, 1, 1, 4, 0, 2, 5, 4, 2, 5, 1, 6, 2, 2, 216, 1, 0, 0, 0, 0, 0]",3,0.26904930787873615,-1,0
996,"[1, 1, 5, 0, 1, 0, 2, 6, 0, 0, 0, 0, 0, 0, 2, 0, 2, 0, 1, 0, 0, 2, 0, 0, 1, 0, 1, 0, 0, 2, 0, 0, 0, 0, 0, 0, 0, 0, 0, 0, 2, 0, 0, 1, 0, 2, 2, 1, 2, 0, 0, 1, 1, 1, 1, 0, 0, 0, 0, 0, 0, 1, 1, 4, 4, 1, 3, 1, 1, 4, 0, 2, 5, 4, 2, 5, 1, 6, 2, 2, 216, 0, 0, 0, 0, 0, 0]",-1,-0.005766256051903126,-1,0
997,"[1, 1, 5, 0, 1, 0, 2, 6, 0, 0, 0, 0, 0, 0, 2, 0, 2, 0, 1, 0, 0, 2, 0, 0, 1, 0, 1, 0, 0, 2, 0, 0, 0, 0, 0, 0, 0, 0, 0, 0, 2, 0, 0, 1, 0, 2, 2, 1, 2, 0, 0, 1, 1, 1, 1, 0, 0, 0, 0, 0, 0, 1, 1, 4, 4, 1, 3, 1, 1, 4, 0, 2, 5, 4, 2, 5, 1, 6, 2, 2, 216, 1, 0, 0, 0, 0, 0]",3,0.26904930787873615,-1,0
998,"[1, 2, 3, 0, 1, 0, 2, 6, 0, 0, 0, 0, 0, 0, 2, 0, 2, 0, 1, 0, 0, 2, 0, 0, 1, 0, 1, 0, 0, 2, 0, 0, 0, 0, 0, 0, 0, 0, 0, 0, 2, 0, 0, 1, 0, 2, 2, 1, 2, 0, 0, 1, 1, 1, 1, 0, 0, 0, 0, 0, 0, 1, 1, 4, 4, 1, 3, 1, 1, 4, 0, 2, 5, 4, 2, 5, 1, 6, 2, 2, 216, 0, 0, 0, 0, 0, 0]","[[0 0 2 0]
 [0 1 0 0]]",-0.1294930102102228,-1,0
999,"[1, 2, 3, 0, 1, 0, 2, 6, 0, 0, 0, 0, 0, 0, 2, 0, 2, 0, 1, 0, 0, 2, 0, 0, 1, 0, 1, 0, 0, 2, 0, 0, 0, 0, 0, 0, 0, 0, 0, 0, 2, 0, 0, 1, 0, 2, 2, 1, 2, 0, 0, 1, 1, 1, 1, 0, 0, 0, 0, 0, 0, 1, 1, 4, 4, 1, 3, 1, 1, 4, 0, 2, 5, 4, 2, 5, 1, 6, 2, 2, 216, 0, 1, 0, 0, 0, 0]",2,0.4690493078787361,-1,0
1000,"[1, 2, 3, 0, 1, 0, 2, 6, 0, 0, 0, 0, 0, 0, 2, 0, 2, 0, 1, 0, 0, 2, 0, 0, 1, 0, 1, 0, 0, 2, 0, 0, 0, 0, 0, 0, 0, 0, 0, 0, 2, 0, 0, 1, 0, 2, 2, 1, 2, 0, 0, 1, 1, 1, 1, 0, 0, 0, 0, 0, 0, 1, 1, 4, 4, 1, 3, 1, 1, 4, 0, 2, 5, 4, 2, 5, 1, 6, 2, 2, 216, 0, 1, 0, 0, 1, 0]","[[0 1 0 0]
 [0 0 0 1]]",0.719474172936827,-1,0
1001,"[1, 2, 3, 0, 1, 0, 2, 6, 0, 0, 0, 0, 0, 0, 2, 0, 2, 0, 1, 0, 0, 2, 0, 0, 1, 0, 1, 0, 0, 2, 0, 0, 0, 0, 0, 0, 0, 0, 0, 0, 2, 0, 0, 1, 0, 2, 2, 1, 2, 0, 0, 1, 1, 1, 1, 0, 0, 0, 0, 0, 0, 1, 1, 4, 4, 1, 3, 1, 1, 4, 0, 2, 5, 4, 2, 5, 1, 6, 2, 2, 216, 0, 0, 0, 0, 0, 0]",1,-7.479419920470798,-1,1
1002,"[1, 2, 3, 0, 1, 0, 2, 6, 0, 0, 0, 0, 0, 0, 2, 0, 2, 0, 1, 0, 0, 2, 0, 0, 1, 0, 1, 0, 0, 2, 0, 0, 0, 0, 0, 0, 0, 0, 0, 0, 2, 0, 0, 1, 0, 2, 2, 1, 2, 0, 0, 1, 1, 1, 1, 0, 0, 0, 0, 0, 0, 1, 1, 4, 4, 1, 3, 1, 1, 4, 0, 2, 5, 4, 2, 5, 1, 6, 2, 2, 216, 0, 1, 0, 0, 0, 0]",2,0.4690493078787361,-1,0
1003,"[1, 2, 3, 0, 1, 0, 2, 6, 0, 0, 0, 0, 0, 0, 2, 0, 2, 0, 1, 0, 0, 2, 0, 0, 1, 0, 1, 0, 0, 2, 0, 0, 0, 0, 0, 0, 0, 0, 0, 0, 2, 0, 0, 1, 0, 2, 2, 1, 2, 0, 0, 1, 1, 1, 1, 0, 0, 0, 0, 0, 0, 1, 1, 4, 4, 1, 3, 1, 1, 4, 0, 2, 5, 4, 2, 5, 1, 6, 2, 2, 216, 0, 1, 0, 0, 1, 0]","[[0 1 0 0]
 [0 0 0 1]]",0.719474172936827,-1,0
1004,"[1, 2, 3, 0, 1, 0, 2, 6, 0, 0, 0, 0, 0, 0, 2, 0, 2, 0, 1, 0, 0, 2, 0, 0, 1, 0, 1, 0, 0, 2, 0, 0, 0, 0, 0, 0, 0, 0, 0, 0, 2, 0, 0, 1, 0, 2, 2, 1, 2, 0, 0, 1, 1, 1, 1, 0, 0, 0, 0, 0, 0, 1, 1, 4, 4, 1, 3, 1, 1, 4, 0, 2, 5, 4, 2, 5, 1, 6, 2, 2, 216, 0, 0, 0, 0, 0, 0]",-1,-0.005766256051903126,-1,1
1005,"[1, 2, 3, 0, 1, 0, 2, 6, 0, 0, 0, 0, 0, 0, 2, 0, 2, 0, 1, 0, 0, 2, 0, 0, 1, 0, 1, 0, 0, 2, 0, 0, 0, 0, 0, 0, 0, 0, 0, 0, 2, 0, 0, 1, 0, 2, 2, 1, 2, 0, 0, 1, 1, 1, 1, 0, 0, 0, 0, 0, 0, 1, 1, 4, 4, 1, 3, 1, 1, 4, 0, 2, 5, 4, 2, 5, 1, 6, 2, 2, 216, 0, 0, 0, 0, 0, 0]",0,0.25245509813235245,-1,0
1006,"[1, 2, 3, 0, 1, 0, 2, 6, 0, 0, 0, 0, 0, 0, 2, 0, 2, 0, 1, 0, 0, 2, 0, 0, 1, 0, 1, 0, 0, 2, 0, 0, 0, 0, 0, 0, 0, 0, 0, 0, 2, 0, 0, 1, 0, 2, 2, 1, 2, 0, 0, 1, 1, 1, 1, 0, 0, 0, 0, 0, 0, 1, 1, 4, 4, 1, 3, 1, 1, 4, 0, 2, 5, 4, 2, 5, 1, 6, 2, 2, 216, 0, 0, 0, 0, 0, 0]",-1,-0.005766256051903126,-1,0
1007,"[1, 2, 3, 0, 1, 0, 2, 6, 0, 0, 0, 0, 0, 0, 2, 0, 2, 0, 1, 0, 0, 2, 0, 0, 1, 0, 1, 0, 0, 2, 0, 0, 0, 0, 0, 0, 0, 0, 0, 0, 2, 0, 0, 1, 0, 2, 2, 1, 2, 0, 0, 1, 1, 1, 1, 0, 0, 0, 0, 0, 0, 1, 1, 4, 4, 1, 3, 1, 1, 4, 0, 2, 5, 4, 2, 5, 1, 6, 2, 2, 216, 0, 1, 0, 0, 0, 0]",2,0.4690493078787361,-1,0
1008,"[1, 2, 3, 0, 1, 0, 2, 6, 0, 0, 0, 0, 0, 0, 2, 0, 2, 0, 1, 0, 0, 2, 0, 0, 1, 0, 1, 0, 0, 2, 0, 0, 0, 0, 0, 0, 0, 0, 0, 0, 2, 0, 0, 1, 0, 2, 2, 1, 2, 0, 0, 1, 1, 1, 1, 0, 0, 0, 0, 0, 0, 1, 1, 4, 4, 1, 3, 1, 1, 4, 0, 2, 5, 4, 2, 5, 1, 6, 2, 2, 216, 0, 1, 0, 0, 1, 0]","[[0 1 0 0]
 [0 0 0 1]]",0.719474172936827,-1,0
1009,"[1, 2, 3, 0, 1, 0, 2, 6, 0, 0, 0, 0, 0, 0, 2, 0, 2, 0, 1, 0, 0, 2, 0, 0, 1, 0, 1, 0, 0, 2, 0, 0, 0, 0, 0, 0, 0, 0, 0, 0, 2, 0, 0, 1, 0, 2, 2, 1, 2, 0, 0, 1, 1, 1, 1, 0, 0, 0, 0, 0, 0, 1, 1, 4, 4, 1, 3, 1, 1, 4, 0, 2, 5, 4, 2, 5, 1, 6, 2, 2, 216, 0, 0, 0, 0, 0, 0]",1,-7.479419920470798,-1,1
1010,"[1, 3, 3, 0, 1, 1, 2, 6, 0, 0, 0, 0, 0, 0, 2, 0, 2, 0, 1, 0, 0, 2, 0, 0, 1, 0, 1, 0, 0, 2, 0, 0, 0, 0, 0, 0, 0, 0, 0, 0, 2, 0, 0, 1, 0, 2, 2, 1, 2, 0, 0, 1, 1, 1, 1, 0, 0, 0, 0, 0, 0, 1, 1, 4, 4, 1, 3, 1, 1, 4, 0, 2, 5, 4, 2, 5, 1, 6, 2, 2, 217, 0, 0, 0, 0, 0, 0]",4,16.54574334331709,-1,0
1011,"[1, 3, 3, 0, 1, 1, 2, 6, 0, 0, 0, 0, 0, 0, 2, 0, 2, 0, 1, 0, 0, 2, 0, 0, 1, 0, 1, 0, 0, 2, 0, 0, 0, 0, 0, 0, 0, 0, 0, 0, 2, 0, 0, 1, 0, 2, 2, 1, 2, 0, 0, 1, 1, 1, 1, 0, 0, 0, 0, 0, 0, 1, 1, 4, 4, 1, 3, 1, 1, 4, 0, 2, 5, 4, 2, 5, 1, 6, 2, 2, 217, 0, 0, 0, 0, 0, 0]",0,0.4094699289881677,-1,1
1012,"[1, 3, 3, 0, 1, 1, 2, 6, 0, 0, 0, 0, 0, 0, 2, 0, 2, 0, 1, 0, 0, 2, 0, 0, 1, 0, 1, 0, 0, 2, 0, 0, 0, 0, 0, 0, 0, 0, 0, 0, 2, 0, 0, 1, 0, 2, 2, 1, 2, 0, 0, 1, 1, 1, 1, 0, 0, 0, 0, 0, 0, 1, 1, 4, 4, 1, 3, 1, 1, 4, 0, 2, 5, 4, 2, 5, 1, 6, 2, 2, 217, 0, 0, 0, 0, 0, 0]",-1,-0.005708880845541825,-1,1
1013,"[1, 3, 3, 0, 1, 1, 2, 6, 0, 0, 0, 0, 0, 0, 2, 0, 2, 0, 1, 0, 0, 2, 0, 0, 1, 0, 1, 0, 0, 2, 0, 0, 0, 0, 0, 0, 0, 0, 0, 0, 2, 0, 0, 1, 0, 2, 2, 1, 2, 0, 0, 1, 1, 1, 1, 0, 0, 0, 0, 0, 0, 1, 1, 4, 4, 1, 3, 1, 1, 4, 0, 2, 5, 4, 2, 5, 1, 6, 2, 2, 217, 1, 0, 0, 0, 0, 0]",3,0.2672522605191294,-1,0
1014,"[1, 3, 1, 1, 1, 1, 2, 6, 0, 0, 0, 0, 0, 0, 2, 0, 2, 0, 1, 0, 0, 2, 0, 0, 1, 0, 1, 0, 0, 2, 0, 0, 0, 0, 0, 0, 0, 0, 0, 0, 2, 0, 0, 1, 0, 2, 2, 1, 2, 0, 0, 1, 1, 1, 1, 0, 0, 0, 0, 0, 0, 1, 1, 4, 4, 1, 3, 1, 1, 4, 0, 2, 5, 4, 2, 5, 1, 6, 2, 2, 217, 0, 0, 0, 0, 0, 0]","[[0 0 2 0]
 [0 0 0 1]]",-0.1312900575698295,-1,0
1015,"[1, 3, 1, 1, 1, 1, 2, 6, 0, 0, 0, 0, 0, 0, 2, 0, 2, 0, 1, 0, 0, 2, 0, 0, 1, 0, 1, 0, 0, 2, 0, 0, 0, 0, 0, 0, 0, 0, 0, 0, 2, 0, 0, 1, 0, 2, 2, 1, 2, 0, 0, 1, 1, 1, 1, 0, 0, 0, 0, 0, 0, 1, 1, 4, 4, 1, 3, 1, 1, 4, 0, 2, 5, 4, 2, 5, 1, 6, 2, 2, 217, 0, 0, 0, 0, 0, 0]",0,0.2506580507727457,-1,0
1016,"[1, 3, 1, 1, 1, 1, 2, 6, 0, 0, 0, 0, 0, 0, 2, 0, 2, 0, 1, 0, 0, 2, 0, 0, 1, 0, 1, 0, 0, 2, 0, 0, 0, 0, 0, 0, 0, 0, 0, 0, 2, 0, 0, 1, 0, 2, 2, 1, 2, 0, 0, 1, 1, 1, 1, 0, 0, 0, 0, 0, 0, 1, 1, 4, 4, 1, 3, 1, 1, 4, 0, 2, 5, 4, 2, 5, 1, 6, 2, 2, 217, 0, 0, 0, 0, 0, 0]",-1,-0.005708880845541825,-1,0
1017,"[1, 3, 1, 1, 1, 1, 2, 6, 0, 0, 0, 0, 0, 0, 2, 0, 2, 0, 1, 0, 0, 2, 0, 0, 1, 0, 1, 0, 0, 2, 0, 0, 0, 0, 0, 0, 0, 0, 0, 0, 2, 0, 0, 1, 0, 2, 2, 1, 2, 0, 0, 1, 1, 1, 1, 0, 0, 0, 0, 0, 0, 1, 1, 4, 4, 1, 3, 1, 1, 4, 0, 2, 5, 4, 2, 5, 1, 6, 2, 2, 217, 0, 1, 0, 0, 0, 0]",2,0.4672522605191294,-1,0
1018,"[1, 3, 1, 1, 1, 1, 2, 6, 0, 0, 0, 0, 0, 0, 2, 0, 2, 0, 1, 0, 0, 2, 0, 0, 1, 0, 1, 0, 0, 2, 0, 0, 0, 0, 0, 0, 0, 0, 0, 0, 2, 0, 0, 1, 0, 2, 2, 1, 2, 0, 0, 1, 1, 1, 1, 0, 0, 0, 0, 0, 0, 1, 1, 4, 4, 1, 3, 1, 1, 4, 0, 2, 5, 4, 2, 5, 1, 6, 2, 2, 217, 0, 0, 0, 0, 0, 0]",-1,-0.005708880845541825,-1,0
1019,"[1, 3, 1, 1, 1, 1, 2, 6, 0, 0, 0, 0, 0, 0, 2, 0, 2, 0, 1, 0, 0, 2, 0, 0, 1, 0, 1, 0, 0, 2, 0, 0, 0, 0, 0, 0, 0, 0, 0, 0, 2, 0, 0, 1, 0, 2, 2, 1, 2, 0, 0, 1, 1, 1, 1, 0, 0, 0, 0, 0, 0, 1, 1, 4, 4, 1, 3, 1, 1, 4, 0, 2, 5, 4, 2, 5, 1, 6, 2, 2, 218, 0, 0, 0, 0, 0, 0]",4,16.773092201388128,-1,0
1020,"[1, 3, 3, 1, 1, 1, 3, 6, 0, 0, 0, 0, 0, 0, 2, 0, 2, 0, 1, 0, 0, 2, 0, 0, 1, 0, 1, 0, 0, 2, 0, 0, 0, 0, 0, 0, 0, 0, 0, 0, 2, 0, 0, 1, 0, 2, 2, 1, 2, 0, 0, 1, 1, 1, 1, 0, 0, 0, 0, 0, 0, 1, 1, 4, 4, 1, 3, 1, 1, 4, 0, 2, 5, 4, 2, 5, 1, 6, 2, 2, 219, 0, 0, 0, 0, 0, 0]",4,13.53287341578155,-1,1
1021,"[1, 3, 3, 1, 1, 1, 3, 6, 0, 0, 0, 0, 0, 0, 2, 0, 2, 0, 1, 0, 0, 2, 0, 0, 1, 0, 1, 0, 0, 2, 0, 0, 0, 0, 0, 0, 0, 0, 0, 0, 2, 0, 0, 1, 0, 2, 2, 1, 2, 0, 0, 1, 1, 1, 1, 0, 0, 0, 0, 0, 0, 1, 1, 4, 4, 1, 3, 1, 1, 4, 0, 2, 5, 4, 2, 5, 1, 6, 2, 2, 219, 0, 1, 0, 0, 0, 0]",2,0.4637292532421948,-1,0
1022,"[1, 3, 3, 1, 1, 1, 3, 6, 0, 0, 0, 0, 0, 0, 2, 0, 2, 0, 1, 0, 0, 2, 0, 0, 1, 0, 1, 0, 0, 2, 0, 0, 0, 0, 0, 0, 0, 0, 0, 0, 2, 0, 0, 1, 0, 2, 2, 1, 2, 0, 0, 1, 1, 1, 1, 0, 0, 0, 0, 0, 0, 1, 1, 4, 4, 1, 3, 1, 1, 4, 0, 2, 5, 4, 2, 5, 1, 6, 2, 2, 219, 0, 1, 0, 0, 1, 0]","[[0 1 0 0]
 [0 0 0 1]]",0.7141541183002857,-1,0
1023,"[1, 3, 3, 1, 1, 1, 3, 6, 0, 0, 0, 0, 0, 0, 2, 0, 2, 0, 1, 0, 0, 2, 0, 0, 1, 0, 1, 0, 0, 2, 0, 0, 0, 0, 0, 0, 0, 0, 0, 0, 2, 0, 0, 1, 0, 2, 2, 1, 2, 0, 0, 1, 1, 1, 1, 0, 0, 0, 0, 0, 0, 1, 1, 4, 4, 1, 3, 1, 1, 4, 0, 2, 5, 4, 2, 5, 1, 6, 2, 2, 219, 0, 0, 0, 0, 0, 0]",1,-7.48473997510734,-1,1
1024,"[1, 3, 3, 1, 1, 1, 3, 6, 0, 0, 0, 0, 0, 0, 2, 0, 2, 0, 1, 0, 0, 2, 0, 0, 1, 0, 1, 0, 0, 2, 0, 0, 0, 0, 0, 0, 0, 0, 0, 0, 2, 0, 0, 1, 0, 2, 2, 1, 2, 0, 0, 1, 1, 1, 1, 0, 0, 0, 0, 0, 0, 1, 1, 4, 4, 1, 3, 1, 1, 4, 0, 2, 5, 4, 2, 5, 1, 6, 2, 2, 219, 0, 0, 0, 0, 0, 0]",0,0.2471350434958112,-1,0
1025,"[1, 3, 3, 1, 1, 1, 3, 6, 0, 0, 0, 0, 0, 0, 2, 0, 2, 0, 1, 0, 0, 2, 0, 0, 1, 0, 1, 0, 0, 2, 0, 0, 0, 0, 0, 0, 0, 0, 0, 0, 2, 0, 0, 1, 0, 2, 2, 1, 2, 0, 0, 1, 1, 1, 1, 0, 0, 0, 0, 0, 0, 1, 1, 4, 4, 1, 3, 1, 1, 4, 0, 2, 5, 4, 2, 5, 1, 6, 2, 2, 219, 0, 0, 0, 0, 0, 0]",-1,-0.005595837430866444,-1,0
1026,"[1, 3, 3, 1, 1, 1, 3, 6, 0, 0, 0, 0, 0, 0, 2, 0, 2, 0, 1, 0, 0, 2, 0, 0, 1, 0, 1, 0, 0, 2, 0, 0, 0, 0, 0, 0, 0, 0, 0, 0, 2, 0, 0, 1, 0, 2, 2, 1, 2, 0, 0, 1, 1, 1, 1, 0, 0, 0, 0, 0, 0, 1, 1, 4, 4, 1, 3, 1, 1, 4, 0, 2, 5, 4, 2, 5, 1, 6, 2, 2, 219, 0, 0, 0, 0, 0, 0]",0,0.2471350434958112,-1,0
1027,"[1, 3, 3, 1, 1, 1, 3, 6, 0, 0, 0, 0, 0, 0, 2, 0, 2, 0, 1, 0, 0, 2, 0, 0, 1, 0, 1, 0, 0, 2, 0, 0, 0, 0, 0, 0, 0, 0, 0, 0, 2, 0, 0, 1, 0, 2, 2, 1, 2, 0, 0, 1, 1, 1, 1, 0, 0, 0, 0, 0, 0, 1, 1, 4, 4, 1, 3, 1, 1, 4, 0, 2, 5, 4, 2, 5, 1, 6, 2, 2, 219, 0, 0, 0, 0, 0, 0]",-1,-0.005595837430866444,-1,0
1028,"[1, 3, 3, 1, 1, 1, 3, 6, 0, 0, 0, 0, 0, 0, 2, 0, 2, 0, 1, 0, 0, 2, 0, 0, 1, 0, 1, 0, 0, 2, 0, 0, 0, 0, 0, 0, 0, 0, 0, 0, 2, 0, 0, 1, 0, 2, 2, 1, 2, 0, 0, 1, 1, 1, 1, 0, 0, 0, 0, 0, 0, 1, 1, 4, 4, 1, 3, 1, 1, 4, 0, 2, 5, 4, 2, 5, 1, 6, 2, 2, 219, 1, 0, 0, 0, 0, 0]",3,0.26372925324219487,-1,0
1029,"[1, 3, 1, 2, 1, 1, 3, 6, 0, 0, 0, 0, 0, 0, 2, 0, 2, 0, 1, 0, 0, 2, 0, 0, 1, 0, 1, 0, 0, 2, 0, 0, 0, 0, 0, 0, 0, 0, 0, 0, 2, 0, 0, 1, 0, 2, 2, 1, 2, 0, 0, 1, 1, 1, 1, 0, 0, 0, 0, 0, 0, 1, 1, 4, 4, 1, 3, 1, 1, 4, 0, 2, 5, 4, 2, 5, 1, 6, 2, 2, 219, 0, 0, 0, 0, 0, 0]","[[0 0 2 0]
 [0 0 0 1]]",-0.13481306484676406,-1,0
1030,"[1, 1, 1, 1, 1, 1, 1, 3, 0, 0, 0, 0, 0, 0, 2, 0, 2, 0, 1, 0, 0, 2, 0, 0, 1, 0, 1, 0, 0, 2, 0, 0, 0, 0, 0, 0, 0, 0, 0, 0, 2, 0, 0, 1, 0, 2, 2, 1, 2, 0, 0, 1, 1, 1, 1, 0, 0, 0, 0, 0, 0, 1, 1, 4, 4, 1, 3, 1, 1, 4, 0, 2, 5, 4, 2, 5, 1, 6, 2, 5, 220, 0, 0, 0, 0, 0, 0]",4,17.653196778636207,-1,0
1031,"[1, 1, 1, 1, 1, 1, 1, 3, 0, 0, 0, 0, 0, 0, 2, 0, 2, 0, 1, 0, 0, 2, 0, 0, 1, 0, 1, 0, 0, 2, 0, 0, 0, 0, 0, 0, 0, 0, 0, 0, 2, 0, 0, 1, 0, 2, 2, 1, 2, 0, 0, 1, 1, 1, 1, 0, 0, 0, 0, 0, 0, 1, 1, 4, 4, 1, 3, 1, 1, 4, 0, 2, 5, 4, 2, 5, 1, 6, 2, 5, 220, 0, 0, 0, 0, 0, 0]",1,0.2808089702919707,-1,1
1032,"[1, 1, 1, 1, 1, 1, 1, 3, 0, 0, 0, 0, 0, 0, 2, 0, 2, 0, 1, 0, 0, 2, 0, 0, 1, 0, 1, 0, 0, 2, 0, 0, 0, 0, 0, 0, 0, 0, 0, 0, 2, 0, 0, 1, 0, 2, 2, 1, 2, 0, 0, 1, 1, 1, 1, 0, 0, 0, 0, 0, 0, 1, 1, 4, 4, 1, 3, 1, 1, 4, 0, 2, 5, 4, 2, 5, 1, 6, 2, 5, 220, 0, 0, 0, 0, 0, 0]",-1,-0.005540157918116694,-1,1
1033,"[1, 1, 1, 1, 3, 1, 1, 3, 0, 0, 0, 0, 0, 0, 2, 0, 2, 0, 1, 0, 0, 2, 0, 0, 1, 0, 1, 0, 0, 2, 0, 0, 0, 0, 0, 0, 0, 0, 0, 0, 2, 0, 0, 1, 0, 2, 2, 1, 2, 0, 0, 1, 1, 1, 1, 0, 0, 0, 0, 0, 0, 1, 1, 4, 4, 1, 3, 1, 1, 4, 0, 2, 5, 4, 2, 5, 1, 6, 2, 5, 221, 0, 0, 0, 0, 0, 0]",4,13.787190201317166,-1,1
1034,"[1, 1, 1, 1, 3, 1, 1, 3, 0, 0, 0, 0, 0, 0, 2, 0, 2, 0, 1, 0, 0, 2, 0, 0, 1, 0, 1, 0, 0, 2, 0, 0, 0, 0, 0, 0, 0, 0, 0, 0, 2, 0, 0, 1, 0, 2, 2, 1, 2, 0, 0, 1, 1, 1, 1, 0, 0, 0, 0, 0, 0, 1, 1, 4, 4, 1, 3, 1, 1, 4, 0, 2, 5, 4, 2, 5, 1, 6, 2, 5, 221, 1, 0, 0, 0, 0, 0]",3,0.26030695679949223,-1,0
1035,"[1, 1, 1, 1, 3, 1, 1, 3, 0, 0, 0, 0, 0, 0, 2, 0, 2, 0, 1, 0, 0, 2, 0, 0, 1, 0, 1, 0, 0, 2, 0, 0, 0, 0, 0, 0, 0, 0, 0, 0, 2, 0, 0, 1, 0, 2, 2, 1, 2, 0, 0, 1, 1, 1, 1, 0, 0, 0, 0, 0, 0, 1, 1, 4, 4, 1, 3, 1, 1, 4, 0, 2, 5, 4, 2, 5, 1, 6, 2, 5, 221, 0, 0, 0, 0, 0, 0]",-1,-0.005485032425775571,-1,0
1036,"[1, 1, 1, 1, 3, 1, 1, 3, 0, 0, 0, 0, 0, 0, 2, 0, 2, 0, 1, 0, 0, 2, 0, 0, 1, 0, 1, 0, 0, 2, 0, 0, 0, 0, 0, 0, 0, 0, 0, 0, 2, 0, 0, 1, 0, 2, 2, 1, 2, 0, 0, 1, 1, 1, 1, 0, 0, 0, 0, 0, 0, 1, 1, 4, 4, 1, 3, 1, 1, 4, 0, 2, 5, 4, 2, 5, 1, 6, 2, 5, 221, 1, 0, 0, 0, 0, 0]",3,0.26030695679949223,-1,0
1037,"[1, 1, 1, 1, 3, 1, 1, 3, 0, 0, 0, 0, 0, 0, 2, 0, 2, 0, 1, 0, 0, 2, 0, 0, 1, 0, 1, 0, 0, 2, 0, 0, 0, 0, 0, 0, 0, 0, 0, 0, 2, 0, 0, 1, 0, 2, 2, 1, 2, 0, 0, 1, 1, 1, 1, 0, 0, 0, 0, 0, 0, 1, 1, 4, 4, 1, 3, 1, 1, 4, 0, 2, 5, 4, 2, 5, 1, 6, 2, 5, 221, 0, 0, 0, 0, 0, 0]",-1,-0.005485032425775571,-1,0
1038,"[1, 1, 3, 1, 3, 1, 2, 3, 0, 0, 0, 0, 0, 0, 2, 0, 2, 0, 1, 0, 0, 2, 0, 0, 1, 0, 1, 0, 0, 2, 0, 0, 0, 0, 0, 0, 0, 0, 0, 0, 2, 0, 0, 1, 0, 2, 2, 1, 2, 0, 0, 1, 1, 1, 1, 0, 0, 0, 0, 0, 0, 1, 1, 4, 4, 1, 3, 1, 1, 4, 0, 2, 5, 4, 2, 5, 1, 6, 2, 5, 222, 0, 0, 0, 0, 0, 0]",4,16.765801463743433,-1,0
1039,"[1, 1, 3, 1, 3, 1, 2, 3, 0, 0, 0, 0, 0, 0, 2, 0, 2, 0, 1, 0, 0, 2, 0, 0, 1, 0, 1, 0, 0, 2, 0, 0, 0, 0, 0, 0, 0, 0, 0, 0, 2, 0, 0, 1, 0, 2, 2, 1, 2, 0, 0, 1, 1, 1, 1, 0, 0, 0, 0, 0, 0, 1, 1, 4, 4, 1, 3, 1, 1, 4, 0, 2, 5, 4, 2, 5, 1, 6, 2, 5, 222, 1, 0, 0, 0, 0, 0]",3,0.2586355557812865,-1,1
1040,"[1, 1, 3, 1, 3, 1, 2, 3, 0, 0, 0, 0, 0, 0, 2, 0, 2, 0, 1, 0, 0, 2, 0, 0, 1, 0, 1, 0, 0, 2, 0, 0, 0, 0, 0, 0, 0, 0, 0, 0, 2, 0, 0, 1, 0, 2, 2, 1, 2, 0, 0, 1, 1, 1, 1, 0, 0, 0, 0, 0, 0, 1, 1, 4, 4, 1, 3, 1, 1, 4, 0, 2, 5, 4, 2, 5, 1, 6, 2, 5, 222, 0, 0, 0, 0, 0, 0]",-1,-0.005430455441247898,-1,1
1041,"[1, 1, 3, 1, 3, 1, 2, 3, 0, 0, 0, 0, 0, 0, 2, 0, 2, 0, 1, 0, 0, 2, 0, 0, 1, 0, 1, 0, 0, 2, 0, 0, 0, 0, 0, 0, 0, 0, 0, 0, 2, 0, 0, 1, 0, 2, 2, 1, 2, 0, 0, 1, 1, 1, 1, 0, 0, 0, 0, 0, 0, 1, 1, 4, 4, 1, 3, 1, 1, 4, 0, 2, 5, 4, 2, 5, 1, 6, 2, 5, 223, 0, 0, 0, 0, 0, 0]",4,13.937108404568523,-1,1
1042,"[1, 1, 3, 1, 3, 1, 2, 3, 0, 0, 0, 0, 0, 0, 2, 0, 2, 0, 1, 0, 0, 2, 0, 0, 1, 0, 1, 0, 0, 2, 0, 0, 0, 0, 0, 0, 0, 0, 0, 0, 2, 0, 0, 1, 0, 2, 2, 1, 2, 0, 0, 1, 1, 1, 1, 0, 0, 0, 0, 0, 0, 1, 1, 4, 4, 1, 3, 1, 1, 4, 0, 2, 5, 4, 2, 5, 1, 6, 2, 5, 223, 1, 0, 0, 0, 0, 0]",3,0.25699157885980206,-1,0
1043,"[1, 1, 1, 2, 3, 1, 2, 3, 0, 0, 0, 0, 0, 0, 2, 0, 2, 0, 1, 0, 0, 2, 0, 0, 1, 0, 1, 0, 0, 2, 0, 0, 0, 0, 0, 0, 0, 0, 0, 0, 2, 0, 0, 1, 0, 2, 2, 1, 2, 0, 0, 1, 1, 1, 1, 0, 0, 0, 0, 0, 0, 1, 1, 4, 4, 1, 3, 1, 1, 4, 0, 2, 5, 4, 2, 5, 1, 6, 2, 5, 223, 0, 0, 0, 0, 0, 0]","[[0 0 2 0]
 [0 0 0 1]]",-0.1415507392291569,-1,0
1044,"[1, 1, 1, 2, 3, 1, 2, 3, 0, 0, 0, 0, 0, 0, 2, 0, 2, 0, 1, 0, 0, 2, 0, 0, 1, 0, 1, 0, 0, 2, 0, 0, 0, 0, 0, 0, 0, 0, 0, 0, 2, 0, 0, 1, 0, 2, 2, 1, 2, 0, 0, 1, 1, 1, 1, 0, 0, 0, 0, 0, 0, 1, 1, 4, 4, 1, 3, 1, 1, 4, 0, 2, 5, 4, 2, 5, 1, 6, 2, 5, 223, 0, 0, 0, 0, 0, 0]",0,0.24039736911341836,-1,0
1045,"[1, 1, 1, 2, 3, 1, 2, 3, 0, 0, 0, 0, 0, 0, 2, 0, 2, 0, 1, 0, 0, 2, 0, 0, 1, 0, 1, 0, 0, 2, 0, 0, 0, 0, 0, 0, 0, 0, 0, 0, 2, 0, 0, 1, 0, 2, 2, 1, 2, 0, 0, 1, 1, 1, 1, 0, 0, 0, 0, 0, 0, 1, 1, 4, 4, 1, 3, 1, 1, 4, 0, 2, 5, 4, 2, 5, 1, 6, 2, 5, 223, 0, 0, 0, 0, 0, 0]",-1,-0.005376421506789748,-1,0
1046,"[1, 1, 1, 2, 3, 1, 2, 3, 0, 0, 0, 0, 0, 0, 2, 0, 2, 0, 1, 0, 0, 2, 0, 0, 1, 0, 1, 0, 0, 2, 0, 0, 0, 0, 0, 0, 0, 0, 0, 0, 2, 0, 0, 1, 0, 2, 2, 1, 2, 0, 0, 1, 1, 1, 1, 0, 0, 0, 0, 0, 0, 1, 1, 4, 4, 1, 3, 1, 1, 4, 0, 2, 5, 4, 2, 5, 1, 6, 2, 5, 223, 0, 0, 0, 0, 0, 0]",0,0.24039736911341836,-1,0
1047,"[1, 1, 1, 2, 3, 1, 2, 3, 0, 0, 0, 0, 0, 0, 2, 0, 2, 0, 1, 0, 0, 2, 0, 0, 1, 0, 1, 0, 0, 2, 0, 0, 0, 0, 0, 0, 0, 0, 0, 0, 2, 0, 0, 1, 0, 2, 2, 1, 2, 0, 0, 1, 1, 1, 1, 0, 0, 0, 0, 0, 0, 1, 1, 4, 4, 1, 3, 1, 1, 4, 0, 2, 5, 4, 2, 5, 1, 6, 2, 5, 223, 0, 0, 0, 0, 0, 0]",-1,-0.005376421506789748,-1,0
1048,"[1, 1, 1, 2, 3, 1, 2, 3, 0, 0, 0, 0, 0, 0, 2, 0, 2, 0, 1, 0, 0, 2, 0, 0, 1, 0, 1, 0, 0, 2, 0, 0, 0, 0, 0, 0, 0, 0, 0, 0, 2, 0, 0, 1, 0, 2, 2, 1, 2, 0, 0, 1, 1, 1, 1, 0, 0, 0, 0, 0, 0, 1, 1, 4, 4, 1, 3, 1, 1, 4, 0, 2, 5, 4, 2, 5, 1, 6, 2, 5, 223, 0, 0, 0, 0, 0, 0]",0,0.24039736911341836,-1,0
1049,"[1, 1, 1, 2, 3, 1, 2, 3, 0, 0, 0, 0, 0, 0, 2, 0, 2, 0, 1, 0, 0, 2, 0, 0, 1, 0, 1, 0, 0, 2, 0, 0, 0, 0, 0, 0, 0, 0, 0, 0, 2, 0, 0, 1, 0, 2, 2, 1, 2, 0, 0, 1, 1, 1, 1, 0, 0, 0, 0, 0, 0, 1, 1, 4, 4, 1, 3, 1, 1, 4, 0, 2, 5, 4, 2, 5, 1, 6, 2, 5, 223, 0, 0, 0, 0, 0, 0]",-1,-0.005376421506789748,-1,0
1050,"[1, 1, 1, 2, 3, 1, 2, 3, 0, 0, 0, 0, 0, 0, 2, 0, 2, 0, 1, 0, 0, 2, 0, 0, 1, 0, 1, 0, 0, 2, 0, 0, 0, 0, 0, 0, 0, 0, 0, 0, 2, 0, 0, 1, 0, 2, 2, 1, 2, 0, 0, 1, 1, 1, 1, 0, 0, 0, 0, 0, 0, 1, 1, 4, 4, 1, 3, 1, 1, 4, 0, 2, 5, 4, 2, 5, 1, 6, 2, 5, 224, 0, 0, 0, 0, 0, 0]",4,17.09272770113404,-1,0
1051,"[1, 1, 1, 2, 3, 1, 2, 3, 0, 0, 0, 0, 0, 0, 2, 0, 2, 0, 1, 0, 0, 2, 0, 0, 1, 0, 1, 0, 0, 2, 0, 0, 0, 0, 0, 0, 0, 0, 0, 0, 2, 0, 0, 1, 0, 2, 2, 1, 2, 0, 0, 1, 1, 1, 1, 0, 0, 0, 0, 0, 0, 1, 1, 4, 4, 1, 3, 1, 1, 4, 0, 2, 5, 4, 2, 5, 1, 6, 2, 5, 224, 1, 0, 0, 0, 0, 0]",3,0.25537563897512205,-1,1
1052,"[1, 1, 1, 2, 3, 1, 2, 3, 0, 0, 0, 0, 0, 0, 2, 0, 2, 0, 1, 0, 0, 2, 0, 0, 1, 0, 1, 0, 0, 2, 0, 0, 0, 0, 0, 0, 0, 0, 0, 0, 2, 0, 0, 1, 0, 2, 2, 1, 2, 0, 0, 1, 1, 1, 1, 0, 0, 0, 0, 0, 0, 1, 1, 4, 4, 1, 3, 1, 1, 4, 0, 2, 5, 4, 2, 5, 1, 6, 2, 5, 224, 0, 0, 0, 0, 0, 0]",-1,-0.005322925218962641,-1,1
1053,"[1, 1, 1, 1, 1, 1, 1, 1, 0, 0, 0, 0, 0, 0, 2, 0, 2, 0, 1, 0, 0, 2, 0, 0, 1, 0, 1, 0, 0, 2, 0, 0, 0, 0, 0, 0, 0, 0, 0, 0, 2, 0, 0, 1, 0, 2, 2, 1, 2, 0, 0, 1, 1, 1, 1, 0, 0, 0, 0, 0, 0, 1, 1, 4, 4, 1, 3, 1, 1, 4, 0, 2, 5, 4, 2, 5, 1, 6, 2, 3, 225, 0, 0, 0, 0, 0, 0]",4,14.704434134711926,-1,1
1054,"[1, 1, 1, 1, 1, 1, 1, 1, 0, 0, 0, 0, 0, 0, 2, 0, 2, 0, 1, 0, 0, 2, 0, 0, 1, 0, 1, 0, 0, 2, 0, 0, 0, 0, 0, 0, 0, 0, 0, 0, 2, 0, 0, 1, 0, 2, 2, 1, 2, 0, 0, 1, 1, 1, 1, 0, 0, 0, 0, 0, 0, 1, 1, 4, 4, 1, 3, 1, 1, 4, 0, 2, 5, 4, 2, 5, 1, 6, 2, 3, 225, 0, 0, 0, 0, 0, 0]",1,0.48857624287317314,-1,0
1055,"[1, 1, 1, 1, 1, 1, 1, 1, 0, 0, 0, 0, 0, 0, 2, 0, 2, 0, 1, 0, 0, 2, 0, 0, 1, 0, 1, 0, 0, 2, 0, 0, 0, 0, 0, 0, 0, 0, 0, 0, 2, 0, 0, 1, 0, 2, 2, 1, 2, 0, 0, 1, 1, 1, 1, 0, 0, 0, 0, 0, 0, 1, 1, 4, 4, 1, 3, 1, 1, 4, 0, 2, 5, 4, 2, 5, 1, 6, 2, 3, 225, 0, 0, 0, 0, 0, 0]",-1,-0.005269961228093217,-1,0
1056,"[1, 1, 1, 1, 1, 1, 1, 1, 0, 0, 0, 0, 0, 0, 2, 0, 2, 0, 1, 0, 0, 2, 0, 0, 1, 0, 1, 0, 0, 2, 0, 0, 0, 0, 0, 0, 0, 0, 0, 0, 2, 0, 0, 1, 0, 2, 2, 1, 2, 0, 0, 1, 1, 1, 1, 0, 0, 0, 0, 0, 0, 1, 1, 4, 4, 1, 3, 1, 1, 4, 0, 2, 5, 4, 2, 5, 1, 6, 2, 3, 225, 0, 1, 0, 0, 0, 0]",2,0.453788284273999,-1,0
1057,"[1, 1, 1, 1, 1, 1, 1, 1, 0, 0, 0, 0, 0, 0, 2, 0, 2, 0, 1, 0, 0, 2, 0, 0, 1, 0, 1, 0, 0, 2, 0, 0, 0, 0, 0, 0, 0, 0, 0, 0, 2, 0, 0, 1, 0, 2, 2, 1, 2, 0, 0, 1, 1, 1, 1, 0, 0, 0, 0, 0, 0, 1, 1, 4, 4, 1, 3, 1, 1, 4, 0, 2, 5, 4, 2, 5, 1, 6, 2, 3, 225, 0, 0, 0, 0, 0, 0]",-1,-0.005269961228093217,-1,0
1058,"[1, 1, 1, 1, 1, 1, 1, 1, 0, 0, 0, 0, 0, 0, 2, 0, 2, 0, 1, 0, 0, 2, 0, 0, 1, 0, 1, 0, 0, 2, 0, 0, 0, 0, 0, 0, 0, 0, 0, 0, 2, 0, 0, 1, 0, 2, 2, 1, 2, 0, 0, 1, 1, 1, 1, 0, 0, 0, 0, 0, 0, 1, 1, 4, 4, 1, 3, 1, 1, 4, 0, 2, 5, 4, 2, 5, 1, 6, 2, 3, 225, 0, 0, 0, 0, 0, 0]",1,0.48857624287317314,-1,0
1059,"[1, 1, 1, 1, 1, 1, 1, 1, 0, 0, 0, 0, 0, 0, 2, 0, 2, 0, 1, 0, 0, 2, 0, 0, 1, 0, 1, 0, 0, 2, 0, 0, 0, 0, 0, 0, 0, 0, 0, 0, 2, 0, 0, 1, 0, 2, 2, 1, 2, 0, 0, 1, 1, 1, 1, 0, 0, 0, 0, 0, 0, 1, 1, 4, 4, 1, 3, 1, 1, 4, 0, 2, 5, 4, 2, 5, 1, 6, 2, 3, 225, 0, 0, 0, 0, 0, 0]",-1,-0.005269961228093217,-1,0
1060,"[1, 1, 1, 1, 1, 1, 1, 1, 0, 0, 0, 0, 0, 0, 2, 0, 2, 0, 1, 0, 0, 2, 0, 0, 1, 0, 1, 0, 0, 2, 0, 0, 0, 0, 0, 0, 0, 0, 0, 0, 2, 0, 0, 1, 0, 2, 2, 1, 2, 0, 0, 1, 1, 1, 1, 0, 0, 0, 0, 0, 0, 1, 1, 4, 4, 1, 3, 1, 1, 4, 0, 2, 5, 4, 2, 5, 1, 6, 2, 3, 225, 0, 1, 0, 0, 0, 0]",2,0.453788284273999,-1,0
1061,"[1, 1, 1, 1, 1, 1, 1, 1, 0, 0, 0, 0, 0, 0, 2, 0, 2, 0, 1, 0, 0, 2, 0, 0, 1, 0, 1, 0, 0, 2, 0, 0, 0, 0, 0, 0, 0, 0, 0, 0, 2, 0, 0, 1, 0, 2, 2, 1, 2, 0, 0, 1, 1, 1, 1, 0, 0, 0, 0, 0, 0, 1, 1, 4, 4, 1, 3, 1, 1, 4, 0, 2, 5, 4, 2, 5, 1, 6, 2, 3, 225, 0, 1, 0, 0, 1, 0]","[[0 1 0 0]
 [0 0 0 1]]",0.7042131493320899,-1,0
1062,"[1, 1, 1, 1, 1, 1, 1, 1, 0, 0, 0, 0, 0, 0, 2, 0, 2, 0, 1, 0, 0, 2, 0, 0, 1, 0, 1, 0, 0, 2, 0, 0, 0, 0, 0, 0, 0, 0, 0, 0, 2, 0, 0, 1, 0, 2, 2, 1, 2, 0, 0, 1, 1, 1, 1, 0, 0, 0, 0, 0, 0, 1, 1, 4, 4, 1, 3, 1, 1, 4, 0, 2, 5, 4, 2, 5, 1, 6, 2, 3, 225, 0, 1, 0, 0, 0, 1]",2,-0.14621171572600097,-1,1
1063,"[1, 1, 1, 1, 1, 1, 1, 1, 0, 0, 0, 0, 0, 0, 2, 0, 2, 0, 1, 0, 0, 2, 0, 0, 1, 0, 1, 0, 0, 2, 0, 0, 0, 0, 0, 0, 0, 0, 0, 0, 2, 0, 0, 1, 0, 2, 2, 1, 2, 0, 0, 1, 1, 1, 1, 0, 0, 0, 0, 0, 0, 1, 1, 4, 4, 1, 3, 1, 1, 4, 0, 2, 5, 4, 2, 5, 1, 6, 2, 3, 225, 0, 0, 0, 0, 0, 0]",-1,-0.005269961228093217,-1,1
1064,"[1, 1, 1, 1, 1, 1, 1, 1, 0, 0, 0, 0, 0, 0, 2, 0, 2, 0, 1, 0, 0, 2, 0, 0, 1, 0, 1, 0, 0, 2, 0, 0, 0, 0, 0, 0, 0, 0, 0, 0, 2, 0, 0, 1, 0, 2, 2, 1, 2, 0, 0, 1, 1, 1, 1, 0, 0, 0, 0, 0, 0, 1, 1, 4, 4, 1, 3, 1, 1, 4, 0, 2, 5, 4, 2, 5, 1, 6, 2, 3, 225, 1, 0, 0, 0, 0, 0]",3,0.253788284273999,-1,0
1065,"[1, 1, 1, 1, 1, 1, 1, 1, 0, 0, 0, 0, 0, 0, 2, 0, 2, 0, 1, 0, 0, 2, 0, 0, 1, 0, 1, 0, 0, 2, 0, 0, 0, 0, 0, 0, 0, 0, 0, 0, 2, 0, 0, 1, 0, 2, 2, 1, 2, 0, 0, 1, 1, 1, 1, 0, 0, 0, 0, 0, 0, 1, 1, 4, 4, 1, 3, 1, 1, 4, 0, 2, 5, 4, 2, 5, 1, 6, 2, 3, 225, 0, 0, 0, 0, 0, 0]",-1,-0.005269961228093217,-1,0
1066,"[1, 1, 1, 1, 1, 1, 1, 1, 0, 0, 0, 0, 0, 0, 2, 0, 2, 0, 1, 0, 0, 2, 0, 0, 1, 0, 1, 0, 0, 2, 0, 0, 0, 0, 0, 0, 0, 0, 0, 0, 2, 0, 0, 1, 0, 2, 2, 1, 2, 0, 0, 1, 1, 1, 1, 0, 0, 0, 0, 0, 0, 1, 1, 4, 4, 1, 3, 1, 1, 4, 0, 2, 5, 4, 2, 5, 1, 6, 2, 3, 225, 1, 0, 0, 0, 0, 0]",3,0.253788284273999,-1,0
1067,"[1, 1, 1, 1, 1, 1, 1, 1, 0, 0, 0, 0, 0, 0, 2, 0, 2, 0, 1, 0, 0, 2, 0, 0, 1, 0, 1, 0, 0, 2, 0, 0, 0, 0, 0, 0, 0, 0, 0, 0, 2, 0, 0, 1, 0, 2, 2, 1, 2, 0, 0, 1, 1, 1, 1, 0, 0, 0, 0, 0, 0, 1, 1, 4, 4, 1, 3, 1, 1, 4, 0, 2, 5, 4, 2, 5, 1, 6, 2, 3, 225, 0, 0, 0, 0, 0, 0]",-1,-0.005269961228093217,-1,0
1068,"[1, 1, 1, 1, 1, 1, 1, 1, 0, 0, 0, 0, 0, 0, 2, 0, 2, 0, 1, 0, 0, 2, 0, 0, 1, 0, 1, 0, 0, 2, 0, 0, 0, 0, 0, 0, 0, 0, 0, 0, 2, 0, 0, 1, 0, 2, 2, 1, 2, 0, 0, 1, 1, 1, 1, 0, 0, 0, 0, 0, 0, 1, 1, 4, 4, 1, 3, 1, 1, 4, 0, 2, 5, 4, 2, 5, 1, 6, 2, 3, 225, 0, 1, 0, 0, 0, 0]",2,0.453788284273999,-1,0
1069,"[1, 1, 1, 1, 1, 1, 1, 1, 0, 0, 0, 0, 0, 0, 2, 0, 2, 0, 1, 0, 0, 2, 0, 0, 1, 0, 1, 0, 0, 2, 0, 0, 0, 0, 0, 0, 0, 0, 0, 0, 2, 0, 0, 1, 0, 2, 2, 1, 2, 0, 0, 1, 1, 1, 1, 0, 0, 0, 0, 0, 0, 1, 1, 4, 4, 1, 3, 1, 1, 4, 0, 2, 5, 4, 2, 5, 1, 6, 2, 3, 225, 0, 1, 0, 0, 1, 0]","[[0 0 1 0]
 [0 0 0 1]]",0.7042131493320899,-1,0
1070,"[1, 1, 0, 2, 1, 1, 2, 0, 0, 0, 0, 0, 0, 0, 2, 0, 2, 0, 1, 0, 0, 2, 0, 0, 1, 0, 1, 0, 0, 2, 0, 0, 0, 0, 0, 0, 0, 0, 0, 0, 2, 0, 0, 1, 0, 2, 2, 1, 2, 0, 0, 1, 1, 1, 1, 0, 0, 0, 0, 0, 0, 1, 1, 4, 4, 1, 3, 1, 1, 4, 0, 2, 5, 4, 2, 5, 1, 6, 2, 3, 225, 0, 0, 0, 0, 0, 0]",0,-0.14621171572600097,-1,1
1071,"[1, 1, 0, 2, 1, 1, 2, 0, 0, 0, 0, 0, 0, 0, 2, 0, 2, 0, 1, 0, 0, 2, 0, 0, 1, 0, 1, 0, 0, 2, 0, 0, 0, 0, 0, 0, 0, 0, 0, 0, 2, 0, 0, 1, 0, 2, 2, 1, 2, 0, 0, 1, 1, 1, 1, 0, 0, 0, 0, 0, 0, 1, 1, 4, 4, 1, 3, 1, 1, 4, 0, 2, 5, 4, 2, 5, 1, 6, 2, 3, 225, 1, 0, 0, 0, 0, 0]",3,0.253788284273999,-1,0
1072,"[1, 2, 0, 0, 1, 1, 2, 0, 0, 0, 0, 0, 0, 0, 2, 0, 2, 0, 1, 0, 0, 2, 0, 0, 1, 0, 1, 0, 0, 2, 0, 0, 0, 0, 0, 0, 0, 0, 0, 0, 2, 0, 0, 1, 0, 2, 2, 1, 2, 0, 0, 1, 1, 1, 1, 0, 0, 0, 0, 0, 0, 1, 1, 4, 4, 1, 3, 1, 1, 4, 0, 2, 5, 4, 2, 5, 1, 6, 2, 3, 225, 0, 0, 0, 0, 0, 0]","[[0 0 0 2]
 [0 1 0 0]]",-0.1447540338149599,-1,0
1073,"[1, 2, 0, 0, 1, 1, 2, 0, 0, 0, 0, 0, 0, 0, 2, 0, 2, 0, 1, 0, 0, 2, 0, 0, 1, 0, 1, 0, 0, 2, 0, 0, 0, 0, 0, 0, 0, 0, 0, 0, 2, 0, 0, 1, 0, 2, 2, 1, 2, 0, 0, 1, 1, 1, 1, 0, 0, 0, 0, 0, 0, 1, 1, 4, 4, 1, 3, 1, 1, 4, 0, 2, 5, 4, 2, 5, 1, 6, 2, 3, 225, 0, 1, 0, 0, 0, 0]",2,0.453788284273999,-1,0
1074,"[1, 2, 0, 0, 1, 1, 2, 0, 0, 0, 0, 0, 0, 0, 2, 0, 2, 0, 1, 0, 0, 2, 0, 0, 1, 0, 1, 0, 0, 2, 0, 0, 0, 0, 0, 0, 0, 0, 0, 0, 2, 0, 0, 1, 0, 2, 2, 1, 2, 0, 0, 1, 1, 1, 1, 0, 0, 0, 0, 0, 0, 1, 1, 4, 4, 1, 3, 1, 1, 4, 0, 2, 5, 4, 2, 5, 1, 6, 2, 3, 225, 0, 1, 0, 0, 1, 0]","[[1 0 0 0]
 [0 0 1 0]]",0.7042131493320899,-1,0
1075,"[1, 2, 0, 0, 1, 1, 2, 0, 0, 0, 0, 0, 0, 0, 2, 0, 2, 0, 1, 0, 0, 2, 0, 0, 1, 0, 1, 0, 0, 2, 0, 0, 0, 0, 0, 0, 0, 0, 0, 0, 2, 0, 0, 1, 0, 2, 2, 1, 2, 0, 0, 1, 1, 1, 1, 0, 0, 0, 0, 0, 0, 1, 1, 4, 4, 1, 3, 1, 1, 4, 0, 2, 5, 4, 2, 5, 1, 6, 2, 3, 225, 0, 0, 0, 0, 0, 0]",1,-7.494680944075536,-1,1
1076,"[1, 2, 0, 0, 1, 1, 2, 0, 0, 0, 0, 0, 0, 0, 2, 0, 2, 0, 1, 0, 0, 2, 0, 0, 1, 0, 1, 0, 0, 2, 0, 0, 0, 0, 0, 0, 0, 0, 0, 0, 2, 0, 0, 1, 0, 2, 2, 1, 2, 0, 0, 1, 1, 1, 1, 0, 0, 0, 0, 0, 0, 1, 1, 4, 4, 1, 3, 1, 1, 4, 0, 2, 5, 4, 2, 5, 1, 6, 2, 3, 225, 0, 0, 0, 0, 0, 0]",0,0.23719407452761535,-1,0
1077,"[1, 2, 0, 0, 1, 1, 2, 0, 0, 0, 0, 0, 0, 0, 2, 0, 2, 0, 1, 0, 0, 2, 0, 0, 1, 0, 1, 0, 0, 2, 0, 0, 0, 0, 0, 0, 0, 0, 0, 0, 2, 0, 0, 1, 0, 2, 2, 1, 2, 0, 0, 1, 1, 1, 1, 0, 0, 0, 0, 0, 0, 1, 1, 4, 4, 1, 3, 1, 1, 4, 0, 2, 5, 4, 2, 5, 1, 6, 2, 3, 225, 0, 0, 0, 0, 0, 0]",-1,-0.005269961228093217,-1,0
1078,"[1, 2, 0, 0, 1, 1, 2, 0, 0, 0, 0, 0, 0, 0, 2, 0, 2, 0, 1, 0, 0, 2, 0, 0, 1, 0, 1, 0, 0, 2, 0, 0, 0, 0, 0, 0, 0, 0, 0, 0, 2, 0, 0, 1, 0, 2, 2, 1, 2, 0, 0, 1, 1, 1, 1, 0, 0, 0, 0, 0, 0, 1, 1, 4, 4, 1, 3, 1, 1, 4, 0, 2, 5, 4, 2, 5, 1, 6, 2, 3, 225, 0, 0, 0, 0, 0, 0]",0,0.23719407452761535,-1,0
1079,"[1, 2, 0, 0, 1, 1, 2, 0, 0, 0, 0, 0, 0, 0, 2, 0, 2, 0, 1, 0, 0, 2, 0, 0, 1, 0, 1, 0, 0, 2, 0, 0, 0, 0, 0, 0, 0, 0, 0, 0, 2, 0, 0, 1, 0, 2, 2, 1, 2, 0, 0, 1, 1, 1, 1, 0, 0, 0, 0, 0, 0, 1, 1, 4, 4, 1, 3, 1, 1, 4, 0, 2, 5, 4, 2, 5, 1, 6, 2, 3, 225, 0, 0, 0, 0, 0, 0]",-1,-0.005269961228093217,-1,0
1080,"[1, 2, 0, 0, 1, 1, 2, 0, 0, 0, 0, 0, 0, 0, 2, 0, 2, 0, 1, 0, 0, 2, 0, 0, 1, 0, 1, 0, 0, 2, 0, 0, 0, 0, 0, 0, 0, 0, 0, 0, 2, 0, 0, 1, 0, 2, 2, 1, 2, 0, 0, 1, 1, 1, 1, 0, 0, 0, 0, 0, 0, 1, 1, 4, 4, 1, 3, 1, 1, 4, 0, 2, 5, 4, 2, 5, 1, 6, 2, 3, 226, 0, 0, 0, 0, 0, 0]",4,16.498438563059317,-1,0
1081,"[1, 2, 0, 0, 1, 1, 2, 0, 0, 0, 0, 0, 0, 0, 2, 0, 2, 0, 1, 0, 0, 2, 0, 0, 1, 0, 1, 0, 0, 2, 0, 0, 0, 0, 0, 0, 0, 0, 0, 0, 2, 0, 0, 1, 0, 2, 2, 1, 2, 0, 0, 1, 1, 1, 1, 0, 0, 0, 0, 0, 0, 1, 1, 4, 4, 1, 3, 1, 1, 4, 0, 2, 5, 4, 2, 5, 1, 6, 2, 3, 226, 0, 0, 0, 0, 0, 0]",-1,-0.00521752423773825,-1,1
1082,"[1, 2, 0, 0, 1, 1, 2, 0, 0, 0, 0, 0, 0, 0, 2, 0, 2, 0, 1, 0, 0, 2, 0, 0, 1, 0, 1, 0, 0, 2, 0, 0, 0, 0, 0, 0, 0, 0, 0, 0, 2, 0, 0, 1, 0, 2, 2, 1, 2, 0, 0, 1, 1, 1, 1, 0, 0, 0, 0, 0, 0, 1, 1, 4, 4, 1, 3, 1, 1, 4, 0, 2, 5, 4, 2, 5, 1, 6, 2, 3, 227, 0, 0, 0, 0, 0, 0]",4,13.87490481518179,-1,1
1083,"[1, 2, 0, 0, 1, 1, 2, 0, 0, 0, 0, 0, 0, 0, 2, 0, 2, 0, 1, 0, 0, 2, 0, 0, 1, 0, 1, 0, 0, 2, 0, 0, 0, 0, 0, 0, 0, 0, 0, 0, 2, 0, 0, 1, 0, 2, 2, 1, 2, 0, 0, 1, 1, 1, 1, 0, 0, 0, 0, 0, 0, 1, 1, 4, 4, 1, 3, 1, 1, 4, 0, 2, 5, 4, 2, 5, 1, 6, 2, 3, 227, 1, 0, 0, 0, 0, 0]",3,0.2507012033324676,-1,0
1084,"[1, 0, 1, 0, 1, 1, 2, 0, 0, 0, 0, 0, 0, 0, 2, 0, 2, 0, 1, 0, 0, 2, 0, 0, 1, 0, 1, 0, 0, 2, 0, 0, 0, 0, 0, 0, 0, 0, 0, 0, 2, 0, 0, 1, 0, 2, 2, 1, 2, 0, 0, 1, 1, 1, 1, 0, 0, 0, 0, 0, 0, 1, 1, 4, 4, 1, 3, 1, 1, 4, 0, 2, 5, 4, 2, 5, 1, 6, 2, 3, 227, 0, 0, 0, 0, 0, 0]","[[0 2 0 0]
 [0 0 1 0]]",-0.14784111475649137,-1,0
1085,"[1, 0, 1, 0, 1, 1, 2, 0, 0, 0, 0, 0, 0, 0, 2, 0, 2, 0, 1, 0, 0, 2, 0, 0, 1, 0, 1, 0, 0, 2, 0, 0, 0, 0, 0, 0, 0, 0, 0, 0, 2, 0, 0, 1, 0, 2, 2, 1, 2, 0, 0, 1, 1, 1, 1, 0, 0, 0, 0, 0, 0, 1, 1, 4, 4, 1, 3, 1, 1, 4, 0, 2, 5, 4, 2, 5, 1, 6, 2, 3, 227, 1, 0, 0, 0, 0, 0]",3,0.2507012033324676,-1,0
1086,"[1, 0, 1, 0, 1, 1, 2, 0, 0, 0, 0, 0, 0, 0, 2, 0, 2, 0, 1, 0, 0, 2, 0, 0, 1, 0, 1, 0, 0, 2, 0, 0, 0, 0, 0, 0, 0, 0, 0, 0, 2, 0, 0, 1, 0, 2, 2, 1, 2, 0, 0, 1, 1, 1, 1, 0, 0, 0, 0, 0, 0, 1, 1, 4, 4, 1, 3, 1, 1, 4, 0, 2, 5, 4, 2, 5, 1, 6, 2, 3, 227, 0, 0, 0, 0, 0, 0]",-1,-0.00516560900415501,-1,0
1087,"[1, 0, 1, 0, 1, 1, 2, 0, 0, 0, 0, 0, 0, 0, 2, 0, 2, 0, 1, 0, 0, 2, 0, 0, 1, 0, 1, 0, 0, 2, 0, 0, 0, 0, 0, 0, 0, 0, 0, 0, 2, 0, 0, 1, 0, 2, 2, 1, 2, 0, 0, 1, 1, 1, 1, 0, 0, 0, 0, 0, 0, 1, 1, 4, 4, 1, 3, 1, 1, 4, 0, 2, 5, 4, 2, 5, 1, 6, 2, 3, 227, 0, 1, 0, 0, 0, 0]",2,0.45070120333246755,-1,0
1088,"[1, 0, 1, 0, 1, 1, 2, 0, 0, 0, 0, 0, 0, 0, 2, 0, 2, 0, 1, 0, 0, 2, 0, 0, 1, 0, 1, 0, 0, 2, 0, 0, 0, 0, 0, 0, 0, 0, 0, 0, 2, 0, 0, 1, 0, 2, 2, 1, 2, 0, 0, 1, 1, 1, 1, 0, 0, 0, 0, 0, 0, 1, 1, 4, 4, 1, 3, 1, 1, 4, 0, 2, 5, 4, 2, 5, 1, 6, 2, 3, 227, 0, 1, 0, 0, 1, 0]","[[1 0 0 0]
 [0 1 0 0]]",0.7011260683905585,-1,0
1089,"[1, 0, 1, 0, 1, 1, 2, 0, 0, 0, 0, 0, 0, 0, 2, 0, 2, 0, 1, 0, 0, 2, 0, 0, 1, 0, 1, 0, 0, 2, 0, 0, 0, 0, 0, 0, 0, 0, 0, 0, 2, 0, 0, 1, 0, 2, 2, 1, 2, 0, 0, 1, 1, 1, 1, 0, 0, 0, 0, 0, 0, 1, 1, 4, 4, 1, 3, 1, 1, 4, 0, 2, 5, 4, 2, 5, 1, 6, 2, 3, 227, 0, 0, 0, 0, 0, 0]",1,-7.497768025017067,-1,1
1090,"[1, 0, 1, 0, 1, 1, 2, 0, 0, 0, 0, 0, 0, 0, 2, 0, 2, 0, 1, 0, 0, 2, 0, 0, 1, 0, 1, 0, 0, 2, 0, 0, 0, 0, 0, 0, 0, 0, 0, 0, 2, 0, 0, 1, 0, 2, 2, 1, 2, 0, 0, 1, 1, 1, 1, 0, 0, 0, 0, 0, 0, 1, 1, 4, 4, 1, 3, 1, 1, 4, 0, 2, 5, 4, 2, 5, 1, 6, 2, 3, 227, 1, 0, 0, 0, 0, 0]",3,0.2507012033324676,-1,0
1091,"[1, 0, 1, 0, 1, 1, 2, 0, 0, 0, 0, 0, 0, 0, 2, 0, 2, 0, 1, 0, 0, 2, 0, 0, 1, 0, 1, 0, 0, 2, 0, 0, 0, 0, 0, 0, 0, 0, 0, 0, 2, 0, 0, 1, 0, 2, 2, 1, 2, 0, 0, 1, 1, 1, 1, 0, 0, 0, 0, 0, 0, 1, 1, 4, 4, 1, 3, 1, 1, 4, 0, 2, 5, 4, 2, 5, 1, 6, 2, 3, 227, 0, 0, 0, 0, 0, 0]",-1,-0.00516560900415501,-1,0
1092,"[1, 0, 1, 0, 1, 1, 2, 0, 0, 0, 0, 0, 0, 0, 2, 0, 2, 0, 1, 0, 0, 2, 0, 0, 1, 0, 1, 0, 0, 2, 0, 0, 0, 0, 0, 0, 0, 0, 0, 0, 2, 0, 0, 1, 0, 2, 2, 1, 2, 0, 0, 1, 1, 1, 1, 0, 0, 0, 0, 0, 0, 1, 1, 4, 4, 1, 3, 1, 1, 4, 0, 2, 5, 4, 2, 5, 1, 6, 2, 3, 227, 1, 0, 0, 0, 0, 0]",3,0.2507012033324676,-1,0
1093,"[1, 0, 1, 0, 1, 1, 2, 0, 0, 0, 0, 0, 0, 0, 2, 0, 2, 0, 1, 0, 0, 2, 0, 0, 1, 0, 1, 0, 0, 2, 0, 0, 0, 0, 0, 0, 0, 0, 0, 0, 2, 0, 0, 1, 0, 2, 2, 1, 2, 0, 0, 1, 1, 1, 1, 0, 0, 0, 0, 0, 0, 1, 1, 4, 4, 1, 3, 1, 1, 4, 0, 2, 5, 4, 2, 5, 1, 6, 2, 3, 227, 0, 0, 0, 0, 0, 0]",-1,-0.00516560900415501,-1,0
1094,"[1, 0, 3, 0, 1, 1, 3, 0, 0, 0, 0, 0, 0, 0, 2, 0, 2, 0, 1, 0, 0, 2, 0, 0, 1, 0, 1, 0, 0, 2, 0, 0, 0, 0, 0, 0, 0, 0, 0, 0, 2, 0, 0, 1, 0, 2, 2, 1, 2, 0, 0, 1, 1, 1, 1, 0, 0, 0, 0, 0, 0, 1, 1, 4, 4, 1, 3, 1, 1, 4, 0, 2, 5, 4, 2, 5, 1, 6, 2, 3, 228, 0, 0, 0, 0, 0, 0]",4,16.333008031991557,-1,0
1095,"[1, 0, 3, 0, 1, 1, 3, 0, 0, 0, 0, 0, 0, 0, 2, 0, 2, 0, 1, 0, 0, 2, 0, 0, 1, 0, 1, 0, 0, 2, 0, 0, 0, 0, 0, 0, 0, 0, 0, 0, 2, 0, 0, 1, 0, 2, 2, 1, 2, 0, 0, 1, 1, 1, 1, 0, 0, 0, 0, 0, 0, 1, 1, 4, 4, 1, 3, 1, 1, 4, 0, 2, 5, 4, 2, 5, 1, 6, 2, 3, 228, 1, 0, 0, 0, 0, 0]",3,0.24920225671021037,-1,1
1096,"[1, 0, 3, 0, 1, 1, 3, 0, 0, 0, 0, 0, 0, 0, 2, 0, 2, 0, 1, 0, 0, 2, 0, 0, 1, 0, 1, 0, 0, 2, 0, 0, 0, 0, 0, 0, 0, 0, 0, 0, 2, 0, 0, 1, 0, 2, 2, 1, 2, 0, 0, 1, 1, 1, 1, 0, 0, 0, 0, 0, 0, 1, 1, 4, 4, 1, 3, 1, 1, 4, 0, 2, 5, 4, 2, 5, 1, 6, 2, 3, 228, 0, 0, 0, 0, 0, 0]",-1,-0.0051142103357768726,-1,1
1097,"[1, 0, 3, 0, 1, 1, 3, 0, 0, 0, 0, 0, 0, 0, 2, 0, 2, 0, 1, 0, 0, 2, 0, 0, 1, 0, 1, 0, 0, 2, 0, 0, 0, 0, 0, 0, 0, 0, 0, 0, 2, 0, 0, 1, 0, 2, 2, 1, 2, 0, 0, 1, 1, 1, 1, 0, 0, 0, 0, 0, 0, 1, 1, 4, 4, 1, 3, 1, 1, 4, 0, 2, 5, 4, 2, 5, 1, 6, 2, 3, 229, 0, 0, 0, 0, 0, 0]",4,13.610917344018404,-1,1
1098,"[1, 0, 3, 0, 1, 1, 3, 0, 0, 0, 0, 0, 0, 0, 2, 0, 2, 0, 1, 0, 0, 2, 0, 0, 1, 0, 1, 0, 0, 2, 0, 0, 0, 0, 0, 0, 0, 0, 0, 0, 2, 0, 0, 1, 0, 2, 2, 1, 2, 0, 0, 1, 1, 1, 1, 0, 0, 0, 0, 0, 0, 1, 1, 4, 4, 1, 3, 1, 1, 4, 0, 2, 5, 4, 2, 5, 1, 6, 2, 3, 229, 0, 1, 0, 0, 0, 0]",2,0.44773345703141787,-1,0
1099,"[1, 0, 3, 0, 1, 1, 3, 0, 0, 0, 0, 0, 0, 0, 2, 0, 2, 0, 1, 0, 0, 2, 0, 0, 1, 0, 1, 0, 0, 2, 0, 0, 0, 0, 0, 0, 0, 0, 0, 0, 2, 0, 0, 1, 0, 2, 2, 1, 2, 0, 0, 1, 1, 1, 1, 0, 0, 0, 0, 0, 0, 1, 1, 4, 4, 1, 3, 1, 1, 4, 0, 2, 5, 4, 2, 5, 1, 6, 2, 3, 229, 0, 1, 0, 0, 1, 0]","[[0 0 1 0]
 [0 1 0 0]]",0.6981583220895088,-1,0
1100,"[1, 0, 3, 0, 1, 1, 3, 0, 0, 0, 0, 0, 0, 0, 2, 0, 2, 0, 1, 0, 0, 2, 0, 0, 1, 0, 1, 0, 0, 2, 0, 0, 0, 0, 0, 0, 0, 0, 0, 0, 2, 0, 0, 1, 0, 2, 2, 1, 2, 0, 0, 1, 1, 1, 1, 0, 0, 0, 0, 0, 0, 1, 1, 4, 4, 1, 3, 1, 1, 4, 0, 2, 5, 4, 2, 5, 1, 6, 2, 3, 229, 0, 1, 0, 0, 0, 1]",2,-0.1522665429685821,-1,1
1101,"[1, 0, 3, 0, 1, 1, 3, 0, 0, 0, 0, 0, 0, 0, 2, 0, 2, 0, 1, 0, 0, 2, 0, 0, 1, 0, 1, 0, 0, 2, 0, 0, 0, 0, 0, 0, 0, 0, 0, 0, 2, 0, 0, 1, 0, 2, 2, 1, 2, 0, 0, 1, 1, 1, 1, 0, 0, 0, 0, 0, 0, 1, 1, 4, 4, 1, 3, 1, 1, 4, 0, 2, 5, 4, 2, 5, 1, 6, 2, 3, 229, 0, 0, 1, 0, 0, 0]","[[0 0 1 0]
 [1 0 1 0]]",-0.1522665429685821,-1,1
1102,"[1, 0, 3, 0, 1, 1, 3, 0, 0, 0, 0, 0, 0, 0, 2, 0, 2, 0, 1, 0, 0, 2, 0, 0, 1, 0, 1, 0, 0, 2, 0, 0, 0, 0, 0, 0, 0, 0, 0, 0, 2, 0, 0, 1, 0, 2, 2, 1, 2, 0, 0, 1, 1, 1, 1, 0, 0, 0, 0, 0, 0, 1, 1, 4, 4, 1, 3, 1, 1, 4, 0, 2, 5, 4, 2, 5, 1, 6, 2, 3, 229, 0, 0, 0, 0, 0, 0]",1,-3.251390182317141,-1,0
1103,"[1, 0, 1, 0, 1, 1, 1, 0, 0, 0, 0, 0, 0, 0, 2, 0, 2, 0, 1, 0, 0, 2, 0, 0, 1, 0, 1, 0, 0, 2, 0, 0, 0, 0, 0, 0, 0, 0, 0, 0, 2, 0, 0, 1, 0, 2, 2, 1, 2, 0, 0, 1, 1, 1, 1, 0, 0, 0, 0, 0, 0, 1, 1, 4, 4, 1, 3, 1, 1, 4, 0, 2, 5, 4, 2, 5, 1, 6, 2, 3, 230, 0, 0, 0, 0, 0, 0]",4,16.69588486077936,-1,0
1104,"[1, 0, 1, 0, 1, 1, 1, 0, 0, 0, 0, 0, 0, 0, 2, 0, 2, 0, 1, 0, 0, 2, 0, 0, 1, 0, 1, 0, 0, 2, 0, 0, 0, 0, 0, 0, 0, 0, 0, 0, 2, 0, 0, 1, 0, 2, 2, 1, 2, 0, 0, 1, 1, 1, 1, 0, 0, 0, 0, 0, 0, 1, 1, 4, 4, 1, 3, 1, 1, 4, 0, 2, 5, 4, 2, 5, 1, 6, 2, 3, 230, 0, 1, 0, 0, 0, 0]",2,0.4462950433001964,-1,1
1105,"[1, 0, 1, 0, 1, 1, 1, 0, 0, 0, 0, 0, 0, 0, 2, 0, 2, 0, 1, 0, 0, 2, 0, 0, 1, 0, 1, 0, 0, 2, 0, 0, 0, 0, 0, 0, 0, 0, 0, 0, 2, 0, 0, 1, 0, 2, 2, 1, 2, 0, 0, 1, 1, 1, 1, 0, 0, 0, 0, 0, 0, 1, 1, 4, 4, 1, 3, 1, 1, 4, 0, 2, 5, 4, 2, 5, 1, 6, 2, 3, 230, 0, 0, 0, 0, 0, 0]",-1,-0.005012942186140186,-1,1
1106,"[1, 0, 1, 0, 1, 1, 1, 0, 0, 0, 0, 0, 0, 0, 2, 0, 2, 0, 1, 0, 0, 2, 0, 0, 1, 0, 1, 0, 0, 2, 0, 0, 0, 0, 0, 0, 0, 0, 0, 0, 2, 0, 0, 1, 0, 2, 2, 1, 2, 0, 0, 1, 1, 1, 1, 0, 0, 0, 0, 0, 0, 1, 1, 4, 4, 1, 3, 1, 1, 4, 0, 2, 5, 4, 2, 5, 1, 6, 2, 3, 230, 0, 0, 0, 0, 0, 0]",-1,-0.005012942186140186,-1,1
1107,"[1, 0, 3, 0, 1, 1, 2, 0, 0, 0, 0, 0, 0, 0, 2, 0, 2, 0, 1, 0, 0, 2, 0, 0, 1, 0, 1, 0, 0, 2, 0, 0, 0, 0, 0, 0, 0, 0, 0, 0, 2, 0, 0, 1, 0, 2, 2, 1, 2, 0, 0, 1, 1, 1, 1, 0, 0, 0, 0, 0, 0, 1, 1, 4, 4, 1, 3, 1, 1, 4, 0, 2, 5, 4, 2, 5, 1, 6, 2, 3, 231, 0, 0, 0, 0, 0, 0]",4,13.86868164489231,-1,1
1108,"[1, 0, 3, 0, 1, 1, 2, 0, 0, 0, 0, 0, 0, 0, 2, 0, 2, 0, 1, 0, 0, 2, 0, 0, 1, 0, 1, 0, 0, 2, 0, 0, 0, 0, 0, 0, 0, 0, 0, 0, 2, 0, 0, 1, 0, 2, 2, 1, 2, 0, 0, 1, 1, 1, 1, 0, 0, 0, 0, 0, 0, 1, 1, 4, 4, 1, 3, 1, 1, 4, 0, 2, 5, 4, 2, 5, 1, 6, 2, 3, 231, 0, 1, 0, 0, 0, 0]",2,0.4448871971461853,-1,0
1109,"[1, 0, 3, 0, 1, 1, 2, 0, 0, 0, 0, 0, 0, 0, 2, 0, 2, 0, 1, 0, 0, 2, 0, 0, 1, 0, 1, 0, 0, 2, 0, 0, 0, 0, 0, 0, 0, 0, 0, 0, 2, 0, 0, 1, 0, 2, 2, 1, 2, 0, 0, 1, 1, 1, 1, 0, 0, 0, 0, 0, 0, 1, 1, 4, 4, 1, 3, 1, 1, 4, 0, 2, 5, 4, 2, 5, 1, 6, 2, 3, 231, 0, 1, 0, 0, 1, 0]","[[0 0 1 0]
 [0 1 0 0]]",0.6953120622042762,-1,0
1110,"[1, 0, 3, 0, 1, 1, 2, 0, 0, 0, 0, 0, 0, 0, 2, 0, 2, 0, 1, 0, 0, 2, 0, 0, 1, 0, 1, 0, 0, 2, 0, 0, 0, 0, 0, 0, 0, 0, 0, 0, 2, 0, 0, 1, 0, 2, 2, 1, 2, 0, 0, 1, 1, 1, 1, 0, 0, 0, 0, 0, 0, 1, 1, 4, 4, 1, 3, 1, 1, 4, 0, 2, 5, 4, 2, 5, 1, 6, 2, 3, 231, 0, 1, 0, 0, 0, 1]",2,-0.1551128028538147,-1,1
1111,"[1, 0, 3, 0, 1, 1, 2, 0, 0, 0, 0, 0, 0, 0, 2, 0, 2, 0, 1, 0, 0, 2, 0, 0, 1, 0, 1, 0, 0, 2, 0, 0, 0, 0, 0, 0, 0, 0, 0, 0, 2, 0, 0, 1, 0, 2, 2, 1, 2, 0, 0, 1, 1, 1, 1, 0, 0, 0, 0, 0, 0, 1, 1, 4, 4, 1, 3, 1, 1, 4, 0, 2, 5, 4, 2, 5, 1, 6, 2, 3, 231, 0, 0, 1, 0, 0, 0]","[[0 0 1 0]
 [1 0 3 0]]",-0.1551128028538147,-1,1
1112,"[0, 0, 1, 0, 2, 1, 4, 0, 0, 0, 0, 0, 0, 0, 2, 0, 2, 0, 1, 0, 0, 2, 0, 0, 1, 0, 1, 0, 0, 2, 0, 0, 0, 0, 0, 0, 0, 0, 0, 0, 2, 0, 0, 1, 0, 2, 2, 1, 2, 0, 0, 1, 1, 1, 1, 0, 0, 0, 0, 0, 0, 1, 1, 4, 4, 1, 3, 1, 1, 4, 0, 2, 5, 4, 2, 5, 1, 6, 2, 3, 231, 0, 0, 0, 0, 0, 0]",0,-0.1551128028538147,-1,0
1113,"[0, 0, 1, 0, 2, 1, 4, 0, 0, 0, 0, 0, 0, 0, 2, 0, 2, 0, 1, 0, 0, 2, 0, 0, 1, 0, 1, 0, 0, 2, 0, 0, 0, 0, 0, 0, 0, 0, 0, 0, 2, 0, 0, 1, 0, 2, 2, 1, 2, 0, 0, 1, 1, 1, 1, 0, 0, 0, 0, 0, 0, 1, 1, 4, 4, 1, 3, 1, 1, 4, 0, 2, 5, 4, 2, 5, 1, 6, 2, 3, 231, 1, 0, 0, 0, 0, 0]",3,0.24488719714618531,-1,0
1114,"[0, 0, 1, 0, 2, 1, 4, 0, 0, 0, 0, 0, 0, 0, 2, 0, 2, 0, 1, 0, 0, 2, 0, 0, 1, 0, 1, 0, 0, 2, 0, 0, 0, 0, 0, 0, 0, 0, 0, 0, 2, 0, 0, 1, 0, 2, 2, 1, 2, 0, 0, 1, 1, 1, 1, 0, 0, 0, 0, 0, 0, 1, 1, 4, 4, 1, 3, 1, 1, 4, 0, 2, 5, 4, 2, 5, 1, 6, 2, 3, 231, 0, 0, 0, 0, 0, 0]",-1,-0.004963062577982283,-1,0
1115,"[0, 0, 1, 0, 1, 1, 2, 0, 0, 0, 0, 0, 0, 0, 2, 0, 2, 0, 1, 0, 0, 2, 0, 0, 1, 0, 1, 0, 0, 2, 0, 0, 0, 0, 0, 0, 0, 0, 0, 0, 2, 0, 0, 1, 0, 2, 2, 1, 2, 0, 0, 1, 1, 1, 1, 0, 0, 0, 0, 0, 0, 1, 1, 4, 4, 1, 3, 1, 1, 4, 0, 2, 5, 4, 2, 5, 1, 6, 2, 2, 232, 0, 0, 0, 0, 0, 0]",4,16.530177989788466,-1,0
1116,"[0, 0, 1, 0, 3, 1, 2, 0, 0, 0, 0, 0, 0, 0, 2, 0, 2, 0, 1, 0, 0, 2, 0, 0, 1, 0, 1, 0, 0, 2, 0, 0, 0, 0, 0, 0, 0, 0, 0, 0, 2, 0, 0, 1, 0, 2, 2, 1, 2, 0, 0, 1, 1, 1, 1, 0, 0, 0, 0, 0, 0, 1, 1, 4, 4, 1, 3, 1, 1, 4, 0, 2, 5, 4, 2, 5, 1, 6, 2, 2, 233, 0, 0, 0, 0, 0, 0]",4,13.6342454858705,-1,1
1117,"[0, 0, 1, 0, 3, 1, 2, 0, 0, 0, 0, 0, 0, 0, 2, 0, 2, 0, 1, 0, 0, 2, 0, 0, 1, 0, 1, 0, 0, 2, 0, 0, 0, 0, 0, 0, 0, 0, 0, 0, 2, 0, 0, 1, 0, 2, 2, 1, 2, 0, 0, 1, 1, 1, 1, 0, 0, 0, 0, 0, 0, 1, 1, 4, 4, 1, 3, 1, 1, 4, 0, 2, 5, 4, 2, 5, 1, 6, 2, 2, 233, 0, 0, 0, 0, 0, 0]",0,0.22556944894916572,-1,0
1118,"[0, 0, 1, 0, 3, 1, 2, 0, 0, 0, 0, 0, 0, 0, 2, 0, 2, 0, 1, 0, 0, 2, 0, 0, 1, 0, 1, 0, 0, 2, 0, 0, 0, 0, 0, 0, 0, 0, 0, 0, 2, 0, 0, 1, 0, 2, 2, 1, 2, 0, 0, 1, 1, 1, 1, 0, 0, 0, 0, 0, 0, 1, 1, 4, 4, 1, 3, 1, 1, 4, 0, 2, 5, 4, 2, 5, 1, 6, 2, 2, 233, 0, 0, 0, 0, 0, 0]",-1,-0.004864787354476638,-1,0
1119,"[0, 0, 1, 0, 3, 1, 2, 0, 0, 0, 0, 0, 0, 0, 2, 0, 2, 0, 1, 0, 0, 2, 0, 0, 1, 0, 1, 0, 0, 2, 0, 0, 0, 0, 0, 0, 0, 0, 0, 0, 2, 0, 0, 1, 0, 2, 2, 1, 2, 0, 0, 1, 1, 1, 1, 0, 0, 0, 0, 0, 0, 1, 1, 4, 4, 1, 3, 1, 1, 4, 0, 2, 5, 4, 2, 5, 1, 6, 2, 2, 233, 1, 0, 0, 0, 0, 0]",3,0.24216365869554943,-1,0
1120,"[0, 0, 1, 0, 3, 1, 2, 0, 0, 0, 0, 0, 0, 0, 2, 0, 2, 0, 1, 0, 0, 2, 0, 0, 1, 0, 1, 0, 0, 2, 0, 0, 0, 0, 0, 0, 0, 0, 0, 0, 2, 0, 0, 1, 0, 2, 2, 1, 2, 0, 0, 1, 1, 1, 1, 0, 0, 0, 0, 0, 0, 1, 1, 4, 4, 1, 3, 1, 1, 4, 0, 2, 5, 4, 2, 5, 1, 6, 2, 2, 233, 0, 0, 0, 0, 0, 0]",-1,-0.004864787354476638,-1,0
1121,"[0, 0, 1, 0, 3, 1, 2, 0, 0, 0, 0, 0, 0, 0, 2, 0, 2, 0, 1, 0, 0, 2, 0, 0, 1, 0, 1, 0, 0, 2, 0, 0, 0, 0, 0, 0, 0, 0, 0, 0, 2, 0, 0, 1, 0, 2, 2, 1, 2, 0, 0, 1, 1, 1, 1, 0, 0, 0, 0, 0, 0, 1, 1, 4, 4, 1, 3, 1, 1, 4, 0, 2, 5, 4, 2, 5, 1, 6, 2, 2, 233, 1, 0, 0, 0, 0, 0]",3,0.24216365869554943,-1,0
1122,"[0, 0, 1, 0, 3, 1, 2, 0, 0, 0, 0, 0, 0, 0, 2, 0, 2, 0, 1, 0, 0, 2, 0, 0, 1, 0, 1, 0, 0, 2, 0, 0, 0, 0, 0, 0, 0, 0, 0, 0, 2, 0, 0, 1, 0, 2, 2, 1, 2, 0, 0, 1, 1, 1, 1, 0, 0, 0, 0, 0, 0, 1, 1, 4, 4, 1, 3, 1, 1, 4, 0, 2, 5, 4, 2, 5, 1, 6, 2, 2, 233, 0, 0, 0, 0, 0, 0]",-1,-0.004864787354476638,-1,0
1123,"[0, 0, 1, 0, 3, 1, 2, 0, 0, 0, 0, 0, 0, 0, 2, 0, 2, 0, 1, 0, 0, 2, 0, 0, 1, 0, 1, 0, 0, 2, 0, 0, 0, 0, 0, 0, 0, 0, 0, 0, 2, 0, 0, 1, 0, 2, 2, 1, 2, 0, 0, 1, 1, 1, 1, 0, 0, 0, 0, 0, 0, 1, 1, 4, 4, 1, 3, 1, 1, 4, 0, 2, 5, 4, 2, 5, 1, 6, 2, 2, 233, 1, 0, 0, 0, 0, 0]",3,0.24216365869554943,-1,0
1124,"[0, 0, 1, 0, 3, 1, 2, 0, 0, 0, 0, 0, 0, 0, 2, 0, 2, 0, 1, 0, 0, 2, 0, 0, 1, 0, 1, 0, 0, 2, 0, 0, 0, 0, 0, 0, 0, 0, 0, 0, 2, 0, 0, 1, 0, 2, 2, 1, 2, 0, 0, 1, 1, 1, 1, 0, 0, 0, 0, 0, 0, 1, 1, 4, 4, 1, 3, 1, 1, 4, 0, 2, 5, 4, 2, 5, 1, 6, 2, 2, 233, 0, 0, 0, 0, 0, 0]",-1,-0.004864787354476638,-1,0
1125,"[0, 0, 1, 0, 3, 1, 2, 0, 0, 0, 0, 0, 0, 0, 2, 0, 2, 0, 1, 0, 0, 2, 0, 0, 1, 0, 1, 0, 0, 2, 0, 0, 0, 0, 0, 0, 0, 0, 0, 0, 2, 0, 0, 1, 0, 2, 2, 1, 2, 0, 0, 1, 1, 1, 1, 0, 0, 0, 0, 0, 0, 1, 1, 4, 4, 1, 3, 1, 1, 4, 0, 2, 5, 4, 2, 5, 1, 6, 2, 2, 233, 1, 0, 0, 0, 0, 0]",3,0.24216365869554943,-1,0
1126,"[0, 0, 1, 0, 3, 1, 2, 0, 0, 0, 0, 0, 0, 0, 2, 0, 2, 0, 1, 0, 0, 2, 0, 0, 1, 0, 1, 0, 0, 2, 0, 0, 0, 0, 0, 0, 0, 0, 0, 0, 2, 0, 0, 1, 0, 2, 2, 1, 2, 0, 0, 1, 1, 1, 1, 0, 0, 0, 0, 0, 0, 1, 1, 4, 4, 1, 3, 1, 1, 4, 0, 2, 5, 4, 2, 5, 1, 6, 2, 2, 233, 0, 0, 0, 0, 0, 0]",-1,-0.004864787354476638,-1,0
1127,"[0, 0, 1, 0, 5, 1, 2, 0, 0, 0, 0, 0, 0, 0, 2, 0, 2, 0, 1, 0, 0, 2, 0, 0, 1, 0, 1, 0, 0, 2, 0, 0, 0, 0, 0, 0, 0, 0, 0, 0, 2, 0, 0, 1, 0, 2, 2, 1, 2, 0, 0, 1, 1, 1, 1, 0, 0, 0, 0, 0, 0, 1, 1, 4, 4, 1, 3, 1, 1, 4, 0, 2, 5, 4, 2, 5, 1, 6, 2, 2, 234, 0, 0, 0, 0, 0, 0]",4,16.527319455082896,-1,0
1128,"[0, 0, 1, 0, 2, 1, 1, 0, 0, 0, 0, 0, 0, 0, 2, 0, 2, 0, 1, 0, 0, 2, 0, 0, 1, 0, 1, 0, 0, 2, 0, 0, 0, 0, 0, 0, 0, 0, 0, 0, 2, 0, 0, 1, 0, 2, 2, 1, 2, 0, 0, 1, 1, 1, 1, 0, 0, 0, 0, 0, 0, 1, 1, 4, 4, 1, 3, 1, 1, 4, 0, 2, 5, 4, 2, 5, 1, 6, 2, 5, 235, 0, 0, 0, 0, 0, 0]",4,13.862964549485177,-1,1
1129,"[0, 0, 1, 0, 2, 1, 1, 0, 0, 0, 0, 0, 0, 0, 2, 0, 2, 0, 1, 0, 0, 2, 0, 0, 1, 0, 1, 0, 0, 2, 0, 0, 0, 0, 0, 0, 0, 0, 0, 0, 2, 0, 0, 1, 0, 2, 2, 1, 2, 0, 0, 1, 1, 1, 1, 0, 0, 0, 0, 0, 0, 1, 1, 4, 4, 1, 3, 1, 1, 4, 0, 2, 5, 4, 2, 5, 1, 6, 2, 5, 235, 0, 1, 0, 0, 0, 0]",2,0.4395632222882836,-1,0
1130,"[0, 0, 1, 0, 2, 1, 1, 0, 0, 0, 0, 0, 0, 0, 2, 0, 2, 0, 1, 0, 0, 2, 0, 0, 1, 0, 1, 0, 0, 2, 0, 0, 0, 0, 0, 0, 0, 0, 0, 0, 2, 0, 0, 1, 0, 2, 2, 1, 2, 0, 0, 1, 1, 1, 1, 0, 0, 0, 0, 0, 0, 1, 1, 4, 4, 1, 3, 1, 1, 4, 0, 2, 5, 4, 2, 5, 1, 6, 2, 5, 235, 0, 1, 0, 0, 1, 0]","[[0 0 1 0]
 [1 0 0 0]]",0.6899880873463745,-1,0
1131,"[0, 0, 1, 0, 2, 1, 1, 0, 0, 0, 0, 0, 0, 0, 2, 0, 2, 0, 1, 0, 0, 2, 0, 0, 1, 0, 1, 0, 0, 2, 0, 0, 0, 0, 0, 0, 0, 0, 0, 0, 2, 0, 0, 1, 0, 2, 2, 1, 2, 0, 0, 1, 1, 1, 1, 0, 0, 0, 0, 0, 0, 1, 1, 4, 4, 1, 3, 1, 1, 4, 0, 2, 5, 4, 2, 5, 1, 6, 2, 5, 235, 0, 0, 0, 0, 0, 0]",-1,-0.004768458110777481,-1,1
1132,"[0, 0, 1, 0, 2, 1, 1, 0, 0, 0, 0, 0, 0, 0, 2, 0, 2, 0, 1, 0, 0, 2, 0, 0, 1, 0, 1, 0, 0, 2, 0, 0, 0, 0, 0, 0, 0, 0, 0, 0, 2, 0, 0, 1, 0, 2, 2, 1, 2, 0, 0, 1, 1, 1, 1, 0, 0, 0, 0, 0, 0, 1, 1, 4, 4, 1, 3, 1, 1, 4, 0, 2, 5, 4, 2, 5, 1, 6, 2, 5, 235, 0, 1, 0, 0, 0, 0]",2,0.4395632222882836,-1,0
1133,"[0, 0, 1, 0, 2, 1, 1, 0, 0, 0, 0, 0, 0, 0, 2, 0, 2, 0, 1, 0, 0, 2, 0, 0, 1, 0, 1, 0, 0, 2, 0, 0, 0, 0, 0, 0, 0, 0, 0, 0, 2, 0, 0, 1, 0, 2, 2, 1, 2, 0, 0, 1, 1, 1, 1, 0, 0, 0, 0, 0, 0, 1, 1, 4, 4, 1, 3, 1, 1, 4, 0, 2, 5, 4, 2, 5, 1, 6, 2, 5, 235, 0, 1, 0, 0, 1, 0]","[[0 0 1 0]
 [1 0 0 0]]",0.6899880873463745,-1,0
1134,"[1, 0, 0, 0, 1, 1, 2, 0, 0, 0, 0, 0, 0, 0, 2, 0, 2, 0, 1, 0, 0, 2, 0, 0, 1, 0, 1, 0, 0, 2, 0, 0, 0, 0, 0, 0, 0, 0, 0, 0, 2, 0, 0, 1, 0, 2, 2, 1, 2, 0, 0, 1, 1, 1, 1, 0, 0, 0, 0, 0, 0, 1, 1, 4, 4, 1, 3, 1, 1, 4, 0, 2, 5, 4, 2, 5, 1, 6, 2, 5, 235, 0, 0, 0, 0, 0, 0]",0,-0.16043677771171638,-1,1
1135,"[1, 0, 0, 0, 1, 1, 2, 0, 0, 0, 0, 0, 0, 0, 2, 0, 2, 0, 1, 0, 0, 2, 0, 0, 1, 0, 1, 0, 0, 2, 0, 0, 0, 0, 0, 0, 0, 0, 0, 0, 2, 0, 0, 1, 0, 2, 2, 1, 2, 0, 0, 1, 1, 1, 1, 0, 0, 0, 0, 0, 0, 1, 1, 4, 4, 1, 3, 1, 1, 4, 0, 2, 5, 4, 2, 5, 1, 6, 2, 5, 235, 1, 0, 0, 0, 0, 0]",3,0.23956322228828364,-1,0
1136,"[1, 0, 0, 0, 1, 1, 2, 0, 0, 0, 0, 0, 0, 0, 2, 0, 2, 0, 1, 0, 0, 2, 0, 0, 1, 0, 1, 0, 0, 2, 0, 0, 0, 0, 0, 0, 0, 0, 0, 0, 2, 0, 0, 1, 0, 2, 2, 1, 2, 0, 0, 1, 1, 1, 1, 0, 0, 0, 0, 0, 0, 1, 1, 4, 4, 1, 3, 1, 1, 4, 0, 2, 5, 4, 2, 5, 1, 6, 2, 5, 235, 0, 0, 0, 0, 0, 0]",-1,-0.004768458110777481,-1,0
1137,"[1, 0, 0, 0, 1, 1, 2, 0, 0, 0, 0, 0, 0, 0, 2, 0, 2, 0, 1, 0, 0, 2, 0, 0, 1, 0, 1, 0, 0, 2, 0, 0, 0, 0, 0, 0, 0, 0, 0, 0, 2, 0, 0, 1, 0, 2, 2, 1, 2, 0, 0, 1, 1, 1, 1, 0, 0, 0, 0, 0, 0, 1, 1, 4, 4, 1, 3, 1, 1, 4, 0, 2, 5, 4, 2, 5, 1, 6, 2, 5, 235, 1, 0, 0, 0, 0, 0]",3,0.23956322228828364,-1,0
1138,"[1, 0, 0, 0, 1, 1, 2, 0, 0, 0, 0, 0, 0, 0, 2, 0, 2, 0, 1, 0, 0, 2, 0, 0, 1, 0, 1, 0, 0, 2, 0, 0, 0, 0, 0, 0, 0, 0, 0, 0, 2, 0, 0, 1, 0, 2, 2, 1, 2, 0, 0, 1, 1, 1, 1, 0, 0, 0, 0, 0, 0, 1, 1, 4, 4, 1, 3, 1, 1, 4, 0, 2, 5, 4, 2, 5, 1, 6, 2, 5, 235, 0, 0, 0, 0, 0, 0]",-1,-0.004768458110777481,-1,0
1139,"[1, 0, 0, 0, 1, 1, 2, 0, 0, 0, 0, 0, 0, 0, 2, 0, 2, 0, 1, 0, 0, 2, 0, 0, 1, 0, 1, 0, 0, 2, 0, 0, 0, 0, 0, 0, 0, 0, 0, 0, 2, 0, 0, 1, 0, 2, 2, 1, 2, 0, 0, 1, 1, 1, 1, 0, 0, 0, 0, 0, 0, 1, 1, 4, 4, 1, 3, 1, 1, 4, 0, 2, 5, 4, 2, 5, 1, 6, 2, 5, 235, 0, 0, 0, 0, 0, 0]",0,0.22296901254189994,-1,0
1140,"[1, 0, 0, 0, 1, 1, 2, 0, 0, 0, 0, 0, 0, 0, 2, 0, 2, 0, 1, 0, 0, 2, 0, 0, 1, 0, 1, 0, 0, 2, 0, 0, 0, 0, 0, 0, 0, 0, 0, 0, 2, 0, 0, 1, 0, 2, 2, 1, 2, 0, 0, 1, 1, 1, 1, 0, 0, 0, 0, 0, 0, 1, 1, 4, 4, 1, 3, 1, 1, 4, 0, 2, 5, 4, 2, 5, 1, 6, 2, 5, 235, 0, 0, 0, 0, 0, 0]",-1,-0.004768458110777481,-1,0
1141,"[1, 0, 0, 0, 1, 1, 2, 0, 0, 0, 0, 0, 0, 0, 2, 0, 2, 0, 1, 0, 0, 2, 0, 0, 1, 0, 1, 0, 0, 2, 0, 0, 0, 0, 0, 0, 0, 0, 0, 0, 2, 0, 0, 1, 0, 2, 2, 1, 2, 0, 0, 1, 1, 1, 1, 0, 0, 0, 0, 0, 0, 1, 1, 4, 4, 1, 3, 1, 1, 4, 0, 2, 5, 4, 2, 5, 1, 6, 2, 5, 235, 1, 0, 0, 0, 0, 0]",3,0.23956322228828364,-1,0
1142,"[1, 0, 0, 0, 1, 1, 2, 0, 0, 0, 0, 0, 0, 0, 2, 0, 2, 0, 1, 0, 0, 2, 0, 0, 1, 0, 1, 0, 0, 2, 0, 0, 0, 0, 0, 0, 0, 0, 0, 0, 2, 0, 0, 1, 0, 2, 2, 1, 2, 0, 0, 1, 1, 1, 1, 0, 0, 0, 0, 0, 0, 1, 1, 4, 4, 1, 3, 1, 1, 4, 0, 2, 5, 4, 2, 5, 1, 6, 2, 5, 235, 0, 0, 0, 0, 0, 0]",-1,-0.004768458110777481,-1,0
1143,"[1, 0, 0, 0, 1, 1, 2, 0, 0, 0, 0, 0, 0, 0, 2, 0, 2, 0, 1, 0, 0, 2, 0, 0, 1, 0, 1, 0, 0, 2, 0, 0, 0, 0, 0, 0, 0, 0, 0, 0, 2, 0, 0, 1, 0, 2, 2, 1, 2, 0, 0, 1, 1, 1, 1, 0, 0, 0, 0, 0, 0, 1, 1, 4, 4, 1, 3, 1, 1, 4, 0, 2, 5, 4, 2, 5, 1, 6, 2, 5, 235, 0, 0, 0, 0, 0, 0]",0,0.22296901254189994,-1,0
1144,"[1, 0, 0, 0, 1, 1, 2, 0, 0, 0, 0, 0, 0, 0, 2, 0, 2, 0, 1, 0, 0, 2, 0, 0, 1, 0, 1, 0, 0, 2, 0, 0, 0, 0, 0, 0, 0, 0, 0, 0, 2, 0, 0, 1, 0, 2, 2, 1, 2, 0, 0, 1, 1, 1, 1, 0, 0, 0, 0, 0, 0, 1, 1, 4, 4, 1, 3, 1, 1, 4, 0, 2, 5, 4, 2, 5, 1, 6, 2, 5, 235, 0, 0, 0, 0, 0, 0]",-1,-0.004768458110777481,-1,0
1145,"[2, 1, 0, 0, 2, 2, 2, 0, 0, 0, 0, 0, 0, 0, 2, 0, 2, 0, 1, 0, 0, 2, 0, 0, 1, 0, 1, 0, 0, 2, 0, 0, 0, 0, 0, 0, 0, 0, 0, 0, 2, 0, 0, 1, 0, 2, 2, 1, 2, 0, 0, 1, 1, 1, 1, 0, 0, 0, 0, 0, 0, 1, 1, 4, 4, 1, 3, 1, 1, 4, 0, 2, 5, 4, 2, 5, 1, 6, 2, 5, 236, 0, 0, 0, 0, 0, 0]",4,16.48351462775383,-1,0
1146,"[2, 1, 0, 0, 2, 2, 2, 0, 0, 0, 0, 0, 0, 0, 2, 0, 2, 0, 1, 0, 0, 2, 0, 0, 1, 0, 1, 0, 0, 2, 0, 0, 0, 0, 0, 0, 0, 0, 0, 0, 2, 0, 0, 1, 0, 2, 2, 1, 2, 0, 0, 1, 1, 1, 1, 0, 0, 0, 0, 0, 0, 1, 1, 4, 4, 1, 3, 1, 1, 4, 0, 2, 5, 4, 2, 5, 1, 6, 2, 5, 236, 0, 0, 0, 0, 0, 0]",-1,-0.0047210111598151175,-1,1
1147,"[2, 1, 0, 0, 2, 2, 2, 0, 0, 0, 0, 0, 0, 0, 2, 0, 2, 0, 1, 0, 0, 2, 0, 0, 1, 0, 1, 0, 0, 2, 0, 0, 0, 0, 0, 0, 0, 0, 0, 0, 2, 0, 0, 1, 0, 2, 2, 1, 2, 0, 0, 1, 1, 1, 1, 0, 0, 0, 0, 0, 0, 1, 1, 4, 4, 1, 3, 1, 1, 4, 0, 2, 5, 4, 2, 5, 1, 6, 2, 5, 236, 0, 0, 0, 0, 0, 0]",-1,-0.0047210111598151175,-1,1
1148,"[2, 1, 0, 0, 2, 2, 2, 0, 0, 0, 0, 0, 0, 0, 2, 0, 2, 0, 1, 0, 0, 2, 0, 0, 1, 0, 1, 0, 0, 2, 0, 0, 0, 0, 0, 0, 0, 0, 0, 0, 2, 0, 0, 1, 0, 2, 2, 1, 2, 0, 0, 1, 1, 1, 1, 0, 0, 0, 0, 0, 0, 1, 1, 4, 4, 1, 3, 1, 1, 4, 0, 2, 5, 4, 2, 5, 1, 6, 2, 5, 237, 0, 0, 0, 0, 0, 0]",4,13.802723349288824,-1,1
1149,"[2, 1, 0, 0, 2, 2, 2, 0, 0, 0, 0, 0, 0, 0, 2, 0, 2, 0, 1, 0, 0, 2, 0, 0, 1, 0, 1, 0, 0, 2, 0, 0, 0, 0, 0, 0, 0, 0, 0, 0, 2, 0, 0, 1, 0, 2, 2, 1, 2, 0, 0, 1, 1, 1, 1, 0, 0, 0, 0, 0, 0, 1, 1, 4, 4, 1, 3, 1, 1, 4, 0, 2, 5, 4, 2, 5, 1, 6, 2, 5, 237, 0, 1, 0, 0, 0, 0]",2,0.4370854838585964,-1,0
1150,"[2, 1, 0, 0, 2, 2, 2, 0, 0, 0, 0, 0, 0, 0, 2, 0, 2, 0, 1, 0, 0, 2, 0, 0, 1, 0, 1, 0, 0, 2, 0, 0, 0, 0, 0, 0, 0, 0, 0, 0, 2, 0, 0, 1, 0, 2, 2, 1, 2, 0, 0, 1, 1, 1, 1, 0, 0, 0, 0, 0, 0, 1, 1, 4, 4, 1, 3, 1, 1, 4, 0, 2, 5, 4, 2, 5, 1, 6, 2, 5, 237, 0, 1, 0, 0, 1, 0]","[[0 1 0 0]
 [0 0 1 0]]",0.6875103489166874,-1,0
1151,"[2, 0, 1, 0, 2, 3, 1, 0, 0, 0, 0, 0, 0, 0, 2, 0, 2, 0, 1, 0, 0, 2, 0, 0, 1, 0, 1, 0, 0, 2, 0, 0, 0, 0, 0, 0, 0, 0, 0, 0, 2, 0, 0, 1, 0, 2, 2, 1, 2, 0, 0, 1, 1, 1, 1, 0, 0, 0, 0, 0, 0, 1, 1, 4, 4, 1, 3, 1, 1, 4, 0, 2, 5, 4, 2, 5, 1, 6, 2, 5, 237, 0, 0, 0, 0, 0, 0]",0,-0.16291451614140356,-1,1
1152,"[2, 0, 1, 0, 2, 3, 1, 0, 0, 0, 0, 0, 0, 0, 2, 0, 2, 0, 1, 0, 0, 2, 0, 0, 1, 0, 1, 0, 0, 2, 0, 0, 0, 0, 0, 0, 0, 0, 0, 0, 2, 0, 0, 1, 0, 2, 2, 1, 2, 0, 0, 1, 1, 1, 1, 0, 0, 0, 0, 0, 0, 1, 1, 4, 4, 1, 3, 1, 1, 4, 0, 2, 5, 4, 2, 5, 1, 6, 2, 5, 238, 0, 0, 0, 0, 0, 0]",4,16.48090901832925,-1,0
1153,"[1, 0, 1, 0, 1, 1, 1, 0, 0, 0, 0, 0, 0, 0, 2, 0, 2, 0, 1, 0, 0, 2, 0, 0, 1, 0, 1, 0, 0, 2, 0, 0, 0, 0, 0, 0, 0, 0, 0, 0, 2, 0, 0, 1, 0, 2, 2, 1, 2, 0, 0, 1, 1, 1, 1, 0, 0, 0, 0, 0, 0, 1, 1, 4, 4, 1, 3, 1, 1, 4, 0, 2, 5, 4, 2, 5, 1, 6, 2, 1, 239, 0, 0, 0, 0, 0, 0]",4,14.017377671164962,-1,1
1154,"[1, 0, 1, 0, 1, 1, 1, 0, 0, 0, 0, 0, 0, 0, 2, 0, 2, 0, 1, 0, 0, 2, 0, 0, 1, 0, 1, 0, 0, 2, 0, 0, 0, 0, 0, 0, 0, 0, 0, 0, 2, 0, 0, 1, 0, 2, 2, 1, 2, 0, 0, 1, 1, 1, 1, 0, 0, 0, 0, 0, 0, 1, 1, 4, 4, 1, 3, 1, 1, 4, 0, 2, 5, 4, 2, 5, 1, 6, 2, 1, 239, 0, 1, 0, 0, 0, 0]",2,0.43472932940380093,-1,0
1155,"[1, 0, 1, 0, 1, 1, 1, 0, 0, 0, 0, 0, 0, 0, 2, 0, 2, 0, 1, 0, 0, 2, 0, 0, 1, 0, 1, 0, 0, 2, 0, 0, 0, 0, 0, 0, 0, 0, 0, 0, 2, 0, 0, 1, 0, 2, 2, 1, 2, 0, 0, 1, 1, 1, 1, 0, 0, 0, 0, 0, 0, 1, 1, 4, 4, 1, 3, 1, 1, 4, 0, 2, 5, 4, 2, 5, 1, 6, 2, 1, 239, 0, 1, 0, 0, 1, 0]","[[1 0 0 0]
 [0 1 0 0]]",0.6851541944618919,-1,0
1156,"[0, 1, 1, 0, 2, 0, 1, 0, 0, 0, 0, 0, 0, 0, 2, 0, 2, 0, 1, 0, 0, 2, 0, 0, 1, 0, 1, 0, 0, 2, 0, 0, 0, 0, 0, 0, 0, 0, 0, 0, 2, 0, 0, 1, 0, 2, 2, 1, 2, 0, 0, 1, 1, 1, 1, 0, 0, 0, 0, 0, 0, 1, 1, 4, 4, 1, 3, 1, 1, 4, 0, 2, 5, 4, 2, 5, 1, 6, 2, 1, 239, 0, 0, 0, 0, 0, 0]",0,-0.16527067059619902,-1,1
1157,"[0, 1, 1, 0, 2, 0, 1, 0, 0, 0, 0, 0, 0, 0, 2, 0, 2, 0, 1, 0, 0, 2, 0, 0, 1, 0, 1, 0, 0, 2, 0, 0, 0, 0, 0, 0, 0, 0, 0, 0, 2, 0, 0, 1, 0, 2, 2, 1, 2, 0, 0, 1, 1, 1, 1, 0, 0, 0, 0, 0, 0, 1, 1, 4, 4, 1, 3, 1, 1, 4, 0, 2, 5, 4, 2, 5, 1, 6, 2, 1, 239, 1, 0, 0, 0, 0, 0]",3,0.234729329403801,-1,0
1158,"[0, 1, 1, 0, 2, 0, 1, 0, 0, 0, 0, 0, 0, 0, 2, 0, 2, 0, 1, 0, 0, 2, 0, 0, 1, 0, 1, 0, 0, 2, 0, 0, 0, 0, 0, 0, 0, 0, 0, 0, 2, 0, 0, 1, 0, 2, 2, 1, 2, 0, 0, 1, 1, 1, 1, 0, 0, 0, 0, 0, 0, 1, 1, 4, 4, 1, 3, 1, 1, 4, 0, 2, 5, 4, 2, 5, 1, 6, 2, 1, 239, 0, 0, 0, 0, 0, 0]",-1,-0.004581484193875242,-1,0
1159,"[0, 1, 1, 0, 2, 0, 1, 0, 0, 0, 0, 0, 0, 0, 2, 0, 2, 0, 1, 0, 0, 2, 0, 0, 1, 0, 1, 0, 0, 2, 0, 0, 0, 0, 0, 0, 0, 0, 0, 0, 2, 0, 0, 1, 0, 2, 2, 1, 2, 0, 0, 1, 1, 1, 1, 0, 0, 0, 0, 0, 0, 1, 1, 4, 4, 1, 3, 1, 1, 4, 0, 2, 5, 4, 2, 5, 1, 6, 2, 1, 239, 1, 0, 0, 0, 0, 0]",3,0.234729329403801,-1,0
1160,"[0, 1, 1, 0, 2, 0, 1, 0, 0, 0, 0, 0, 0, 0, 2, 0, 2, 0, 1, 0, 0, 2, 0, 0, 1, 0, 1, 0, 0, 2, 0, 0, 0, 0, 0, 0, 0, 0, 0, 0, 2, 0, 0, 1, 0, 2, 2, 1, 2, 0, 0, 1, 1, 1, 1, 0, 0, 0, 0, 0, 0, 1, 1, 4, 4, 1, 3, 1, 1, 4, 0, 2, 5, 4, 2, 5, 1, 6, 2, 1, 239, 0, 0, 0, 0, 0, 0]",-1,-0.004581484193875242,-1,0
1161,"[0, 1, 1, 0, 2, 0, 1, 0, 0, 0, 0, 0, 0, 0, 2, 0, 2, 0, 1, 0, 0, 2, 0, 0, 1, 0, 1, 0, 0, 2, 0, 0, 0, 0, 0, 0, 0, 0, 0, 0, 2, 0, 0, 1, 0, 2, 2, 1, 2, 0, 0, 1, 1, 1, 1, 0, 0, 0, 0, 0, 0, 1, 1, 4, 4, 1, 3, 1, 1, 4, 0, 2, 5, 4, 2, 5, 1, 6, 2, 1, 239, 1, 0, 0, 0, 0, 0]",3,0.234729329403801,-1,0
1162,"[0, 1, 1, 0, 2, 0, 1, 0, 0, 0, 0, 0, 0, 0, 2, 0, 2, 0, 1, 0, 0, 2, 0, 0, 1, 0, 1, 0, 0, 2, 0, 0, 0, 0, 0, 0, 0, 0, 0, 0, 2, 0, 0, 1, 0, 2, 2, 1, 2, 0, 0, 1, 1, 1, 1, 0, 0, 0, 0, 0, 0, 1, 1, 4, 4, 1, 3, 1, 1, 4, 0, 2, 5, 4, 2, 5, 1, 6, 2, 1, 239, 0, 0, 0, 0, 0, 0]",-1,-0.004581484193875242,-1,0
1163,"[0, 1, 1, 0, 2, 0, 1, 0, 0, 0, 0, 0, 0, 0, 2, 0, 2, 0, 1, 0, 0, 2, 0, 0, 1, 0, 1, 0, 0, 2, 0, 0, 0, 0, 0, 0, 0, 0, 0, 0, 2, 0, 0, 1, 0, 2, 2, 1, 2, 0, 0, 1, 1, 1, 1, 0, 0, 0, 0, 0, 0, 1, 1, 4, 4, 1, 3, 1, 1, 4, 0, 2, 5, 4, 2, 5, 1, 6, 2, 1, 240, 0, 0, 0, 0, 0, 0]",4,16.682222462654742,-1,0
1164,"[0, 1, 1, 0, 2, 0, 1, 0, 0, 0, 0, 0, 0, 0, 2, 0, 2, 0, 1, 0, 0, 2, 0, 0, 1, 0, 1, 0, 0, 2, 0, 0, 0, 0, 0, 0, 0, 0, 0, 0, 2, 0, 0, 1, 0, 2, 2, 1, 2, 0, 0, 1, 1, 1, 1, 0, 0, 0, 0, 0, 0, 1, 1, 4, 4, 1, 3, 1, 1, 4, 0, 2, 5, 4, 2, 5, 1, 6, 2, 1, 240, 0, 0, 0, 0, 0, 0]",-1,-0.004535897664470626,-1,1
1165,"[0, 1, 1, 0, 2, 0, 1, 0, 0, 0, 0, 0, 0, 0, 2, 0, 2, 0, 1, 0, 0, 2, 0, 0, 1, 0, 1, 0, 0, 2, 0, 0, 0, 0, 0, 0, 0, 0, 0, 0, 2, 0, 0, 1, 0, 2, 2, 1, 2, 0, 0, 1, 1, 1, 1, 0, 0, 0, 0, 0, 0, 1, 1, 4, 4, 1, 3, 1, 1, 4, 0, 2, 5, 4, 2, 5, 1, 6, 2, 1, 240, 0, 0, 0, 0, 0, 0]",-1,-0.004535897664470626,-1,1
1166,"[0, 1, 1, 0, 2, 0, 1, 0, 0, 0, 0, 0, 0, 0, 2, 0, 2, 0, 1, 0, 0, 2, 0, 0, 1, 0, 1, 0, 0, 2, 0, 0, 0, 0, 0, 0, 0, 0, 0, 0, 2, 0, 0, 1, 0, 2, 2, 1, 2, 0, 0, 1, 1, 1, 1, 0, 0, 0, 0, 0, 0, 1, 1, 4, 4, 1, 3, 1, 1, 4, 0, 2, 5, 4, 2, 5, 1, 6, 2, 1, 241, 0, 0, 0, 0, 0, 0]",4,13.537233449665065,-1,1
1167,"[0, 1, 1, 0, 2, 0, 1, 0, 0, 0, 0, 0, 0, 0, 2, 0, 2, 0, 1, 0, 0, 2, 0, 0, 1, 0, 1, 0, 0, 2, 0, 0, 0, 0, 0, 0, 0, 0, 0, 0, 2, 0, 0, 1, 0, 2, 2, 1, 2, 0, 0, 1, 1, 1, 1, 0, 0, 0, 0, 0, 0, 1, 1, 4, 4, 1, 3, 1, 1, 4, 0, 2, 5, 4, 2, 5, 1, 6, 2, 1, 241, 1, 0, 0, 0, 0, 0]",3,0.23249301251613924,-1,0
1168,"[0, 1, 1, 0, 2, 0, 1, 0, 0, 0, 0, 0, 0, 0, 2, 0, 2, 0, 1, 0, 0, 2, 0, 0, 1, 0, 1, 0, 0, 2, 0, 0, 0, 0, 0, 0, 0, 0, 0, 0, 2, 0, 0, 1, 0, 2, 2, 1, 2, 0, 0, 1, 1, 1, 1, 0, 0, 0, 0, 0, 0, 1, 1, 4, 4, 1, 3, 1, 1, 4, 0, 2, 5, 4, 2, 5, 1, 6, 2, 1, 241, 0, 0, 0, 0, 0, 0]",-1,-0.004490764728612382,-1,0
1169,"[0, 1, 1, 0, 2, 0, 1, 0, 0, 0, 0, 0, 0, 0, 2, 0, 2, 0, 1, 0, 0, 2, 0, 0, 1, 0, 1, 0, 0, 2, 0, 0, 0, 0, 0, 0, 0, 0, 0, 0, 2, 0, 0, 1, 0, 2, 2, 1, 2, 0, 0, 1, 1, 1, 1, 0, 0, 0, 0, 0, 0, 1, 1, 4, 4, 1, 3, 1, 1, 4, 0, 2, 5, 4, 2, 5, 1, 6, 2, 1, 242, 0, 0, 0, 0, 0, 0]",4,16.679863794528085,-1,0
1170,"[0, 1, 1, 0, 2, 0, 1, 0, 0, 0, 0, 0, 0, 0, 2, 0, 2, 0, 1, 0, 0, 2, 0, 0, 1, 0, 1, 0, 0, 2, 0, 0, 0, 0, 0, 0, 0, 0, 0, 0, 2, 0, 0, 1, 0, 2, 2, 1, 2, 0, 0, 1, 1, 1, 1, 0, 0, 0, 0, 0, 0, 1, 1, 4, 4, 1, 3, 1, 1, 4, 0, 2, 5, 4, 2, 5, 1, 6, 2, 1, 242, 1, 0, 0, 0, 0, 0]",3,0.23141909377709055,-1,1
1171,"[0, 1, 1, 0, 2, 0, 1, 0, 0, 0, 0, 0, 0, 0, 2, 0, 2, 0, 1, 0, 0, 2, 0, 0, 1, 0, 1, 0, 0, 2, 0, 0, 0, 0, 0, 0, 0, 0, 0, 0, 2, 0, 0, 1, 0, 2, 2, 1, 2, 0, 0, 1, 1, 1, 1, 0, 0, 0, 0, 0, 0, 1, 1, 4, 4, 1, 3, 1, 1, 4, 0, 2, 5, 4, 2, 5, 1, 6, 2, 1, 242, 0, 0, 0, 0, 0, 0]",-1,-0.004446080872969317,-1,1
1172,"[0, 1, 3, 0, 2, 0, 2, 0, 0, 0, 0, 0, 0, 0, 2, 0, 2, 0, 1, 0, 0, 2, 0, 0, 1, 0, 1, 0, 0, 2, 0, 0, 0, 0, 0, 0, 0, 0, 0, 0, 2, 0, 0, 1, 0, 2, 2, 1, 2, 0, 0, 1, 1, 1, 1, 0, 0, 0, 0, 0, 0, 1, 1, 4, 4, 1, 3, 1, 1, 4, 0, 2, 5, 4, 2, 5, 1, 6, 2, 1, 243, 0, 0, 0, 0, 0, 0]",4,13.49532906341845,-1,1
1173,"[0, 1, 3, 0, 4, 0, 2, 0, 0, 0, 0, 0, 0, 0, 2, 0, 2, 0, 1, 0, 0, 2, 0, 0, 1, 0, 1, 0, 0, 2, 0, 0, 0, 0, 0, 0, 0, 0, 0, 0, 2, 0, 0, 1, 0, 2, 2, 1, 2, 0, 0, 1, 1, 1, 1, 0, 0, 0, 0, 0, 0, 1, 1, 4, 4, 1, 3, 1, 1, 4, 0, 2, 5, 4, 2, 5, 1, 6, 2, 1, 244, 0, 0, 0, 0, 0, 0]",4,16.311636308491547,-1,0
1174,"[0, 1, 3, 0, 4, 0, 2, 0, 0, 0, 0, 0, 0, 0, 2, 0, 2, 0, 1, 0, 0, 2, 0, 0, 1, 0, 1, 0, 0, 2, 0, 0, 0, 0, 0, 0, 0, 0, 0, 0, 2, 0, 0, 1, 0, 2, 2, 1, 2, 0, 0, 1, 1, 1, 1, 0, 0, 0, 0, 0, 0, 1, 1, 4, 4, 1, 3, 1, 1, 4, 0, 2, 5, 4, 2, 5, 1, 6, 2, 1, 244, 0, 0, 0, 0, 0, 0]",-1,-0.004358042573099065,-1,1
1175,"[0, 1, 3, 0, 4, 0, 2, 0, 0, 0, 0, 0, 0, 0, 2, 0, 2, 0, 1, 0, 0, 2, 0, 0, 1, 0, 1, 0, 0, 2, 0, 0, 0, 0, 0, 0, 0, 0, 0, 0, 2, 0, 0, 1, 0, 2, 2, 1, 2, 0, 0, 1, 1, 1, 1, 0, 0, 0, 0, 0, 0, 1, 1, 4, 4, 1, 3, 1, 1, 4, 0, 2, 5, 4, 2, 5, 1, 6, 2, 1, 244, 0, 0, 0, 0, 0, 0]",-1,-0.004358042573099065,-1,1
1176,"[0, 1, 3, 0, 4, 0, 2, 0, 0, 0, 0, 0, 0, 0, 2, 0, 2, 0, 1, 0, 0, 2, 0, 0, 1, 0, 1, 0, 0, 2, 0, 0, 0, 0, 0, 0, 0, 0, 0, 0, 2, 0, 0, 1, 0, 2, 2, 1, 2, 0, 0, 1, 1, 1, 1, 0, 0, 0, 0, 0, 0, 1, 1, 4, 4, 1, 3, 1, 1, 4, 0, 2, 5, 4, 2, 5, 1, 6, 2, 1, 245, 0, 0, 0, 0, 0, 0]",4,13.327793512566188,-1,1
1177,"[0, 1, 3, 0, 4, 0, 2, 0, 0, 0, 0, 0, 0, 0, 2, 0, 2, 0, 1, 0, 0, 2, 0, 0, 1, 0, 1, 0, 0, 2, 0, 0, 0, 0, 0, 0, 0, 0, 0, 0, 2, 0, 0, 1, 0, 2, 2, 1, 2, 0, 0, 1, 1, 1, 1, 0, 0, 0, 0, 0, 0, 1, 1, 4, 4, 1, 3, 1, 1, 4, 0, 2, 5, 4, 2, 5, 1, 6, 2, 1, 245, 1, 0, 0, 0, 0, 0]",3,0.22837021298009755,-1,0
1178,"[0, 2, 1, 0, 4, 0, 2, 0, 0, 0, 0, 0, 0, 0, 2, 0, 2, 0, 1, 0, 0, 2, 0, 0, 1, 0, 1, 0, 0, 2, 0, 0, 0, 0, 0, 0, 0, 0, 0, 0, 2, 0, 0, 1, 0, 2, 2, 1, 2, 0, 0, 1, 1, 1, 1, 0, 0, 0, 0, 0, 0, 1, 1, 4, 4, 1, 3, 1, 1, 4, 0, 2, 5, 4, 2, 5, 1, 6, 2, 1, 245, 0, 0, 0, 0, 0, 0]","[[0 0 2 0]
 [0 1 0 0]]",-0.1701721051088614,-1,0
1179,"[0, 2, 1, 0, 6, 0, 2, 0, 0, 0, 0, 0, 0, 0, 2, 0, 2, 0, 1, 0, 0, 2, 0, 0, 1, 0, 1, 0, 0, 2, 0, 0, 0, 0, 0, 0, 0, 0, 0, 0, 2, 0, 0, 1, 0, 2, 2, 1, 2, 0, 0, 1, 1, 1, 1, 0, 0, 0, 0, 0, 0, 1, 1, 4, 4, 1, 3, 1, 1, 4, 0, 2, 5, 4, 2, 5, 1, 6, 2, 1, 246, 0, 0, 0, 0, 0, 0]",4,16.471708258985007,-1,0
1180,"[0, 2, 1, 0, 6, 0, 2, 0, 0, 0, 0, 0, 0, 0, 2, 0, 2, 0, 1, 0, 0, 2, 0, 0, 1, 0, 1, 0, 0, 2, 0, 0, 0, 0, 0, 0, 0, 0, 0, 0, 2, 0, 0, 1, 0, 2, 2, 1, 2, 0, 0, 1, 1, 1, 1, 0, 0, 0, 0, 0, 0, 1, 1, 4, 4, 1, 3, 1, 1, 4, 0, 2, 5, 4, 2, 5, 1, 6, 2, 1, 246, 0, 0, 0, 0, 0, 0]",-1,-0.004271747548366062,-1,1
1181,"[0, 2, 1, 0, 6, 0, 2, 0, 0, 0, 0, 0, 0, 0, 2, 0, 2, 0, 1, 0, 0, 2, 0, 0, 1, 0, 1, 0, 0, 2, 0, 0, 0, 0, 0, 0, 0, 0, 0, 0, 2, 0, 0, 1, 0, 2, 2, 1, 2, 0, 0, 1, 1, 1, 1, 0, 0, 0, 0, 0, 0, 1, 1, 4, 4, 1, 3, 1, 1, 4, 0, 2, 5, 4, 2, 5, 1, 6, 2, 1, 246, 0, 0, 0, 0, 0, 0]",-1,-0.004271747548366062,-1,1
1182,"[0, 2, 1, 0, 6, 0, 2, 0, 0, 0, 0, 0, 0, 0, 2, 0, 2, 0, 1, 0, 0, 2, 0, 0, 1, 0, 1, 0, 0, 2, 0, 0, 0, 0, 0, 0, 0, 0, 0, 0, 2, 0, 0, 1, 0, 2, 2, 1, 2, 0, 0, 1, 1, 1, 1, 0, 0, 0, 0, 0, 0, 1, 1, 4, 4, 1, 3, 1, 1, 4, 0, 2, 5, 4, 2, 5, 1, 6, 2, 1, 247, 0, 0, 0, 0, 0, 0]",4,13.207776820764076,-1,1
1183,"[0, 2, 1, 0, 6, 0, 2, 0, 0, 0, 0, 0, 0, 0, 2, 0, 2, 0, 1, 0, 0, 2, 0, 0, 1, 0, 1, 0, 0, 2, 0, 0, 0, 0, 0, 0, 0, 0, 0, 0, 2, 0, 0, 1, 0, 2, 2, 1, 2, 0, 0, 1, 1, 1, 1, 0, 0, 0, 0, 0, 0, 1, 1, 4, 4, 1, 3, 1, 1, 4, 0, 2, 5, 4, 2, 5, 1, 6, 2, 1, 247, 0, 0, 0, 0, 0, 0]",0,0.2098835649620294,-1,0
1184,"[0, 2, 1, 0, 6, 0, 2, 0, 0, 0, 0, 0, 0, 0, 2, 0, 2, 0, 1, 0, 0, 2, 0, 0, 1, 0, 1, 0, 0, 2, 0, 0, 0, 0, 0, 0, 0, 0, 0, 0, 2, 0, 0, 1, 0, 2, 2, 1, 2, 0, 0, 1, 1, 1, 1, 0, 0, 0, 0, 0, 0, 1, 1, 4, 4, 1, 3, 1, 1, 4, 0, 2, 5, 4, 2, 5, 1, 6, 2, 1, 247, 0, 0, 0, 0, 0, 0]",-1,-0.004229242950078235,-1,0
1185,"[0, 2, 1, 0, 6, 0, 2, 0, 0, 0, 0, 0, 0, 0, 2, 0, 2, 0, 1, 0, 0, 2, 0, 0, 1, 0, 1, 0, 0, 2, 0, 0, 0, 0, 0, 0, 0, 0, 0, 0, 2, 0, 0, 1, 0, 2, 2, 1, 2, 0, 0, 1, 1, 1, 1, 0, 0, 0, 0, 0, 0, 1, 1, 4, 4, 1, 3, 1, 1, 4, 0, 2, 5, 4, 2, 5, 1, 6, 2, 1, 247, 0, 1, 0, 0, 0, 0]",2,0.4264777747084131,-1,0
1186,"[0, 2, 1, 0, 6, 0, 2, 0, 0, 0, 0, 0, 0, 0, 2, 0, 2, 0, 1, 0, 0, 2, 0, 0, 1, 0, 1, 0, 0, 2, 0, 0, 0, 0, 0, 0, 0, 0, 0, 0, 2, 0, 0, 1, 0, 2, 2, 1, 2, 0, 0, 1, 1, 1, 1, 0, 0, 0, 0, 0, 0, 1, 1, 4, 4, 1, 3, 1, 1, 4, 0, 2, 5, 4, 2, 5, 1, 6, 2, 1, 247, 0, 1, 0, 0, 1, 0]","[[0 0 1 0]
 [1 0 0 0]]",0.676902639766504,-1,0
1187,"[0, 2, 1, 0, 6, 0, 2, 0, 0, 0, 0, 0, 0, 0, 2, 0, 2, 0, 1, 0, 0, 2, 0, 0, 1, 0, 1, 0, 0, 2, 0, 0, 0, 0, 0, 0, 0, 0, 0, 0, 2, 0, 0, 1, 0, 2, 2, 1, 2, 0, 0, 1, 1, 1, 1, 0, 0, 0, 0, 0, 0, 1, 1, 4, 4, 1, 3, 1, 1, 4, 0, 2, 5, 4, 2, 5, 1, 6, 2, 1, 247, 0, 0, 0, 0, 0, 0]",1,-9.433651814017654,-1,1
1188,"[1, 3, 1, 0, 7, 1, 2, 0, 0, 0, 0, 0, 0, 0, 2, 0, 2, 0, 1, 0, 0, 2, 0, 0, 1, 0, 1, 0, 0, 2, 0, 0, 0, 0, 0, 0, 0, 0, 0, 0, 2, 0, 0, 1, 0, 2, 2, 1, 2, 0, 0, 1, 1, 1, 1, 0, 0, 0, 0, 0, 0, 1, 1, 4, 4, 1, 3, 1, 1, 4, 0, 2, 5, 4, 2, 5, 1, 6, 2, 1, 248, 0, 0, 0, 0, 0, 0]",4,16.5269862654794,-1,0
1189,"[1, 3, 1, 0, 7, 1, 2, 0, 0, 0, 0, 0, 0, 0, 2, 0, 2, 0, 1, 0, 0, 2, 0, 0, 1, 0, 1, 0, 0, 2, 0, 0, 0, 0, 0, 0, 0, 0, 0, 0, 2, 0, 0, 1, 0, 2, 2, 1, 2, 0, 0, 1, 1, 1, 1, 0, 0, 0, 0, 0, 0, 1, 1, 4, 4, 1, 3, 1, 1, 4, 0, 2, 5, 4, 2, 5, 1, 6, 2, 1, 248, 0, 1, 0, 0, 0, 0]",2,0.4255723132638162,-1,1
1190,"[1, 3, 1, 0, 7, 1, 2, 0, 0, 0, 0, 0, 0, 0, 2, 0, 2, 0, 1, 0, 0, 2, 0, 0, 1, 0, 1, 0, 0, 2, 0, 0, 0, 0, 0, 0, 0, 0, 0, 0, 2, 0, 0, 1, 0, 2, 2, 1, 2, 0, 0, 1, 1, 1, 1, 0, 0, 0, 0, 0, 0, 1, 1, 4, 4, 1, 3, 1, 1, 4, 0, 2, 5, 4, 2, 5, 1, 6, 2, 1, 248, 0, 1, 0, 0, 1, 0]","[[3 0 1 0]
 [1 3 1 0]]",1.7508136458044121,-1,1
1191,"[3, 0, 1, 0, 5, 4, 2, 0, 0, 0, 0, 0, 0, 0, 2, 0, 2, 0, 1, 0, 0, 2, 0, 0, 1, 0, 1, 0, 0, 2, 0, 0, 0, 0, 0, 0, 0, 0, 0, 0, 2, 0, 0, 1, 0, 2, 2, 1, 2, 0, 0, 1, 1, 1, 1, 0, 0, 0, 0, 0, 0, 1, 1, 4, 4, 1, 3, 1, 1, 4, 0, 2, 5, 4, 2, 5, 1, 6, 2, 1, 248, 0, 0, 0, 0, 0, 0]",0,-0.17442768673618375,-1,0
1192,"[3, 0, 1, 0, 5, 4, 2, 0, 0, 0, 0, 0, 0, 0, 2, 0, 2, 0, 1, 0, 0, 2, 0, 0, 1, 0, 1, 0, 0, 2, 0, 0, 0, 0, 0, 0, 0, 0, 0, 0, 2, 0, 0, 1, 0, 2, 2, 1, 2, 0, 0, 1, 1, 1, 1, 0, 0, 0, 0, 0, 0, 1, 1, 4, 4, 1, 3, 1, 1, 4, 0, 2, 5, 4, 2, 5, 1, 6, 2, 1, 248, 0, 1, 0, 0, 0, 0]",2,0.4255723132638162,-1,1
1193,"[3, 0, 1, 0, 5, 4, 2, 0, 0, 0, 0, 0, 0, 0, 2, 0, 2, 0, 1, 0, 0, 2, 0, 0, 1, 0, 1, 0, 0, 2, 0, 0, 0, 0, 0, 0, 0, 0, 0, 0, 2, 0, 0, 1, 0, 2, 2, 1, 2, 0, 0, 1, 1, 1, 1, 0, 0, 0, 0, 0, 0, 1, 1, 4, 4, 1, 3, 1, 1, 4, 0, 2, 5, 4, 2, 5, 1, 6, 2, 1, 248, 0, 0, 0, 0, 0, 0]",-1,-0.004187161279609798,-1,1
1194,"[3, 0, 1, 0, 5, 4, 2, 0, 0, 0, 0, 0, 0, 0, 2, 0, 2, 0, 1, 0, 0, 2, 0, 0, 1, 0, 1, 0, 0, 2, 0, 0, 0, 0, 0, 0, 0, 0, 0, 0, 2, 0, 0, 1, 0, 2, 2, 1, 2, 0, 0, 1, 1, 1, 1, 0, 0, 0, 0, 0, 0, 1, 1, 4, 4, 1, 3, 1, 1, 4, 0, 2, 5, 4, 2, 5, 1, 6, 2, 1, 249, 0, 0, 0, 0, 0, 0]",4,13.517444953337252,-1,1
1195,"[3, 0, 1, 0, 5, 4, 2, 0, 0, 0, 0, 0, 0, 0, 2, 0, 2, 0, 1, 0, 0, 2, 0, 0, 1, 0, 1, 0, 0, 2, 0, 0, 0, 0, 0, 0, 0, 0, 0, 0, 2, 0, 0, 1, 0, 2, 2, 1, 2, 0, 0, 1, 1, 1, 1, 0, 0, 0, 0, 0, 0, 1, 1, 4, 4, 1, 3, 1, 1, 4, 0, 2, 5, 4, 2, 5, 1, 6, 2, 1, 249, 1, 0, 0, 0, 0, 0]",3,0.2246934095130448,-1,0
1196,"[1, 0, 2, 0, 5, 4, 2, 0, 0, 0, 0, 0, 0, 0, 2, 0, 2, 0, 1, 0, 0, 2, 0, 0, 1, 0, 1, 0, 0, 2, 0, 0, 0, 0, 0, 0, 0, 0, 0, 0, 2, 0, 0, 1, 0, 2, 2, 1, 2, 0, 0, 1, 1, 1, 1, 0, 0, 0, 0, 0, 0, 1, 1, 4, 4, 1, 3, 1, 1, 4, 0, 2, 5, 4, 2, 5, 1, 6, 2, 1, 249, 0, 0, 0, 0, 0, 0]","[[2 0 0 0]
 [0 0 1 0]]",-0.17384890857591415,-1,0
1197,"[1, 0, 2, 0, 5, 4, 2, 0, 0, 0, 0, 0, 0, 0, 2, 0, 2, 0, 1, 0, 0, 2, 0, 0, 1, 0, 1, 0, 0, 2, 0, 0, 0, 0, 0, 0, 0, 0, 0, 0, 2, 0, 0, 1, 0, 2, 2, 1, 2, 0, 0, 1, 1, 1, 1, 0, 0, 0, 0, 0, 0, 1, 1, 4, 4, 1, 3, 1, 1, 4, 0, 2, 5, 4, 2, 5, 1, 6, 2, 1, 249, 1, 0, 0, 0, 0, 0]",3,0.2246934095130448,-1,0
1198,"[1, 0, 0, 1, 5, 4, 2, 0, 0, 0, 0, 0, 0, 0, 2, 0, 2, 0, 1, 0, 0, 2, 0, 0, 1, 0, 1, 0, 0, 2, 0, 0, 0, 0, 0, 0, 0, 0, 0, 0, 2, 0, 0, 1, 0, 2, 2, 1, 2, 0, 0, 1, 1, 1, 1, 0, 0, 0, 0, 0, 0, 1, 1, 4, 4, 1, 3, 1, 1, 4, 0, 2, 5, 4, 2, 5, 1, 6, 2, 1, 249, 0, 0, 0, 0, 0, 0]","[[0 0 2 0]
 [0 0 0 1]]",-0.17384890857591415,-1,0
1199,"[2, 1, 0, 1, 6, 5, 2, 0, 0, 0, 0, 0, 0, 0, 2, 0, 2, 0, 1, 0, 0, 2, 0, 0, 1, 0, 1, 0, 0, 2, 0, 0, 0, 0, 0, 0, 0, 0, 0, 0, 2, 0, 0, 1, 0, 2, 2, 1, 2, 0, 0, 1, 1, 1, 1, 0, 0, 0, 0, 0, 0, 1, 1, 4, 4, 1, 3, 1, 1, 4, 0, 2, 5, 4, 2, 5, 1, 6, 2, 1, 250, 0, 0, 0, 0, 0, 0]",4,16.78590014443578,-1,0
1200,"[2, 1, 0, 1, 6, 5, 2, 0, 0, 0, 0, 0, 0, 0, 2, 0, 2, 0, 1, 0, 0, 2, 0, 0, 1, 0, 1, 0, 0, 2, 0, 0, 0, 0, 0, 0, 0, 0, 0, 0, 2, 0, 0, 1, 0, 2, 2, 1, 2, 0, 0, 1, 1, 1, 1, 0, 0, 0, 0, 0, 0, 1, 1, 4, 4, 1, 3, 1, 1, 4, 0, 2, 5, 4, 2, 5, 1, 6, 2, 1, 250, 1, 0, 0, 0, 0, 0]",3,0.22384058440442353,-1,1
1201,"[2, 1, 0, 1, 6, 5, 2, 0, 0, 0, 0, 0, 0, 0, 2, 0, 2, 0, 1, 0, 0, 2, 0, 0, 1, 0, 1, 0, 0, 2, 0, 0, 0, 0, 0, 0, 0, 0, 0, 0, 2, 0, 0, 1, 0, 2, 2, 1, 2, 0, 0, 1, 1, 1, 1, 0, 0, 0, 0, 0, 0, 1, 1, 4, 4, 1, 3, 1, 1, 4, 0, 2, 5, 4, 2, 5, 1, 6, 2, 1, 250, 0, 0, 0, 0, 0, 0]",-1,-0.0041042499311949405,-1,1
1202,"[3, 2, 0, 1, 7, 6, 2, 0, 0, 0, 0, 0, 0, 0, 2, 0, 2, 0, 1, 0, 0, 2, 0, 0, 1, 0, 1, 0, 0, 2, 0, 0, 0, 0, 0, 0, 0, 0, 0, 0, 2, 0, 0, 1, 0, 2, 2, 1, 2, 0, 0, 1, 1, 1, 1, 0, 0, 0, 0, 0, 0, 1, 1, 4, 4, 1, 3, 1, 1, 4, 0, 2, 5, 4, 2, 5, 1, 6, 2, 1, 251, 0, 0, 0, 0, 0, 0]",4,13.435114245118907,-1,1
1203,"[3, 2, 0, 1, 7, 6, 2, 0, 0, 0, 0, 0, 0, 0, 2, 0, 2, 0, 1, 0, 0, 2, 0, 0, 1, 0, 1, 0, 0, 2, 0, 0, 0, 0, 0, 0, 0, 0, 0, 0, 2, 0, 0, 1, 0, 2, 2, 1, 2, 0, 0, 1, 1, 1, 1, 0, 0, 0, 0, 0, 0, 1, 1, 4, 4, 1, 3, 1, 1, 4, 0, 2, 5, 4, 2, 5, 1, 6, 2, 1, 251, 0, 1, 0, 0, 0, 0]",2,0.4230133464091099,-1,0
1204,"[3, 2, 0, 1, 7, 6, 2, 0, 0, 0, 0, 0, 0, 0, 2, 0, 2, 0, 1, 0, 0, 2, 0, 0, 1, 0, 1, 0, 0, 2, 0, 0, 0, 0, 0, 0, 0, 0, 0, 0, 2, 0, 0, 1, 0, 2, 2, 1, 2, 0, 0, 1, 1, 1, 1, 0, 0, 0, 0, 0, 0, 1, 1, 4, 4, 1, 3, 1, 1, 4, 0, 2, 5, 4, 2, 5, 1, 6, 2, 1, 251, 0, 1, 0, 0, 1, 0]","[[1 0 0 0]
 [0 0 1 0]]",0.6734382114672008,-1,0
1205,"[3, 2, 0, 1, 7, 6, 2, 0, 0, 0, 0, 0, 0, 0, 2, 0, 2, 0, 1, 0, 0, 2, 0, 0, 1, 0, 1, 0, 0, 2, 0, 0, 0, 0, 0, 0, 0, 0, 0, 0, 2, 0, 0, 1, 0, 2, 2, 1, 2, 0, 0, 1, 1, 1, 1, 0, 0, 0, 0, 0, 0, 1, 1, 4, 4, 1, 3, 1, 1, 4, 0, 2, 5, 4, 2, 5, 1, 6, 2, 1, 251, 0, 0, 0, 0, 0, 0]",1,-9.437116242316957,-1,1
1206,"[3, 2, 0, 1, 7, 6, 2, 0, 0, 0, 0, 0, 0, 0, 2, 0, 2, 0, 1, 0, 0, 2, 0, 0, 1, 0, 1, 0, 0, 2, 0, 0, 0, 0, 0, 0, 0, 0, 0, 0, 2, 0, 0, 1, 0, 2, 2, 1, 2, 0, 0, 1, 1, 1, 1, 0, 0, 0, 0, 0, 0, 1, 1, 4, 4, 1, 3, 1, 1, 4, 0, 2, 5, 4, 2, 5, 1, 6, 2, 1, 251, 0, 0, 0, 0, 0, 0]",0,0.20641913666272627,-1,0
1207,"[3, 2, 0, 1, 7, 6, 2, 0, 0, 0, 0, 0, 0, 0, 2, 0, 2, 0, 1, 0, 0, 2, 0, 0, 1, 0, 1, 0, 0, 2, 0, 0, 0, 0, 0, 0, 0, 0, 0, 0, 2, 0, 0, 1, 0, 2, 2, 1, 2, 0, 0, 1, 1, 1, 1, 0, 0, 0, 0, 0, 0, 1, 1, 4, 4, 1, 3, 1, 1, 4, 0, 2, 5, 4, 2, 5, 1, 6, 2, 1, 251, 0, 0, 0, 0, 0, 0]",-1,-0.004063411962044584,-1,0
1208,"[3, 2, 0, 1, 7, 6, 2, 0, 0, 0, 0, 0, 0, 0, 2, 0, 2, 0, 1, 0, 0, 2, 0, 0, 1, 0, 1, 0, 0, 2, 0, 0, 0, 0, 0, 0, 0, 0, 0, 0, 2, 0, 0, 1, 0, 2, 2, 1, 2, 0, 0, 1, 1, 1, 1, 0, 0, 0, 0, 0, 0, 1, 1, 4, 4, 1, 3, 1, 1, 4, 0, 2, 5, 4, 2, 5, 1, 6, 2, 1, 251, 0, 0, 0, 0, 0, 0]",0,0.20641913666272627,-1,0
1209,"[3, 2, 0, 1, 7, 6, 2, 0, 0, 0, 0, 0, 0, 0, 2, 0, 2, 0, 1, 0, 0, 2, 0, 0, 1, 0, 1, 0, 0, 2, 0, 0, 0, 0, 0, 0, 0, 0, 0, 0, 2, 0, 0, 1, 0, 2, 2, 1, 2, 0, 0, 1, 1, 1, 1, 0, 0, 0, 0, 0, 0, 1, 1, 4, 4, 1, 3, 1, 1, 4, 0, 2, 5, 4, 2, 5, 1, 6, 2, 1, 251, 0, 0, 0, 0, 0, 0]",-1,-0.004063411962044584,-1,0
1210,"[3, 2, 0, 1, 7, 6, 2, 0, 0, 0, 0, 0, 0, 0, 2, 0, 2, 0, 1, 0, 0, 2, 0, 0, 1, 0, 1, 0, 0, 2, 0, 0, 0, 0, 0, 0, 0, 0, 0, 0, 2, 0, 0, 1, 0, 2, 2, 1, 2, 0, 0, 1, 1, 1, 1, 0, 0, 0, 0, 0, 0, 1, 1, 4, 4, 1, 3, 1, 1, 4, 0, 2, 5, 4, 2, 5, 1, 6, 2, 1, 251, 0, 1, 0, 0, 0, 0]",2,0.4230133464091099,-1,0
1211,"[3, 2, 0, 1, 7, 6, 2, 0, 0, 0, 0, 0, 0, 0, 2, 0, 2, 0, 1, 0, 0, 2, 0, 0, 1, 0, 1, 0, 0, 2, 0, 0, 0, 0, 0, 0, 0, 0, 0, 0, 2, 0, 0, 1, 0, 2, 2, 1, 2, 0, 0, 1, 1, 1, 1, 0, 0, 0, 0, 0, 0, 1, 1, 4, 4, 1, 3, 1, 1, 4, 0, 2, 5, 4, 2, 5, 1, 6, 2, 1, 251, 0, 1, 0, 0, 1, 0]","[[1 0 0 0]
 [0 1 0 0]]",0.6734382114672008,-1,0
1212,"[3, 2, 0, 1, 7, 6, 2, 0, 0, 0, 0, 0, 0, 0, 2, 0, 2, 0, 1, 0, 0, 2, 0, 0, 1, 0, 1, 0, 0, 2, 0, 0, 0, 0, 0, 0, 0, 0, 0, 0, 2, 0, 0, 1, 0, 2, 2, 1, 2, 0, 0, 1, 1, 1, 1, 0, 0, 0, 0, 0, 0, 1, 1, 4, 4, 1, 3, 1, 1, 4, 0, 2, 5, 4, 2, 5, 1, 6, 2, 1, 251, 0, 0, 0, 0, 0, 0]",1,-9.437116242316957,-1,1
1213,"[3, 2, 0, 1, 7, 6, 2, 0, 0, 0, 0, 0, 0, 0, 2, 0, 2, 0, 1, 0, 0, 2, 0, 0, 1, 0, 1, 0, 0, 2, 0, 0, 0, 0, 0, 0, 0, 0, 0, 0, 2, 0, 0, 1, 0, 2, 2, 1, 2, 0, 0, 1, 1, 1, 1, 0, 0, 0, 0, 0, 0, 1, 1, 4, 4, 1, 3, 1, 1, 4, 0, 2, 5, 4, 2, 5, 1, 6, 2, 1, 251, 1, 0, 0, 0, 0, 0]",3,0.22301334640910997,-1,0
1214,"[3, 0, 0, 2, 7, 6, 2, 0, 0, 0, 0, 0, 0, 0, 2, 0, 2, 0, 1, 0, 0, 2, 0, 0, 1, 0, 1, 0, 0, 2, 0, 0, 0, 0, 0, 0, 0, 0, 0, 0, 2, 0, 0, 1, 0, 2, 2, 1, 2, 0, 0, 1, 1, 1, 1, 0, 0, 0, 0, 0, 0, 1, 1, 4, 4, 1, 3, 1, 1, 4, 0, 2, 5, 4, 2, 5, 1, 6, 2, 1, 251, 0, 0, 0, 0, 0, 0]","[[0 2 0 0]
 [0 0 0 1]]",-0.175528971679849,-1,0
1215,"[4, 1, 0, 2, 8, 7, 2, 0, 0, 0, 0, 0, 0, 0, 2, 0, 2, 0, 1, 0, 0, 2, 0, 0, 1, 0, 1, 0, 0, 2, 0, 0, 0, 0, 0, 0, 0, 0, 0, 0, 2, 0, 0, 1, 0, 2, 2, 1, 2, 0, 0, 1, 1, 1, 1, 0, 0, 0, 0, 0, 0, 1, 1, 4, 4, 1, 3, 1, 1, 4, 0, 2, 5, 4, 2, 5, 1, 6, 2, 1, 252, 0, 0, 0, 0, 0, 0]",4,16.438924099280012,-1,0
1216,"[4, 1, 0, 2, 8, 7, 2, 0, 0, 0, 0, 0, 0, 0, 2, 0, 2, 0, 1, 0, 0, 2, 0, 0, 1, 0, 1, 0, 0, 2, 0, 0, 0, 0, 0, 0, 0, 0, 0, 0, 2, 0, 0, 1, 0, 2, 2, 1, 2, 0, 0, 1, 1, 1, 1, 0, 0, 0, 0, 0, 0, 1, 1, 4, 4, 1, 3, 1, 1, 4, 0, 2, 5, 4, 2, 5, 1, 6, 2, 1, 253, 0, 0, 0, 0, 0, 0]",4,13.412544958713708,-1,1
1217,"[4, 1, 0, 2, 8, 7, 2, 0, 0, 0, 0, 0, 0, 0, 2, 0, 2, 0, 1, 0, 0, 2, 0, 0, 1, 0, 1, 0, 0, 2, 0, 0, 0, 0, 0, 0, 0, 0, 0, 0, 2, 0, 0, 1, 0, 2, 2, 1, 2, 0, 0, 1, 1, 1, 1, 0, 0, 0, 0, 0, 0, 1, 1, 4, 4, 1, 3, 1, 1, 4, 0, 2, 5, 4, 2, 5, 1, 6, 2, 1, 253, 0, 1, 0, 0, 0, 0]",2,0.4214336140973056,-1,0
1218,"[4, 1, 0, 2, 8, 7, 2, 0, 0, 0, 0, 0, 0, 0, 2, 0, 2, 0, 1, 0, 0, 2, 0, 0, 1, 0, 1, 0, 0, 2, 0, 0, 0, 0, 0, 0, 0, 0, 0, 0, 2, 0, 0, 1, 0, 2, 2, 1, 2, 0, 0, 1, 1, 1, 1, 0, 0, 0, 0, 0, 0, 1, 1, 4, 4, 1, 3, 1, 1, 4, 0, 2, 5, 4, 2, 5, 1, 6, 2, 1, 253, 0, 1, 0, 0, 1, 0]","[[1 0 0 0]
 [0 0 1 0]]",0.6718584791553965,-1,0
1219,"[3, 1, 1, 2, 9, 7, 1, 0, 0, 0, 0, 0, 0, 0, 2, 0, 2, 0, 1, 0, 0, 2, 0, 0, 1, 0, 1, 0, 0, 2, 0, 0, 0, 0, 0, 0, 0, 0, 0, 0, 2, 0, 0, 1, 0, 2, 2, 1, 2, 0, 0, 1, 1, 1, 1, 0, 0, 0, 0, 0, 0, 1, 1, 4, 4, 1, 3, 1, 1, 4, 0, 2, 5, 4, 2, 5, 1, 6, 2, 1, 253, 0, 0, 0, 0, 0, 0]",0,-0.17856638590269439,-1,1
1220,"[3, 1, 1, 2, 9, 7, 1, 0, 0, 0, 0, 0, 0, 0, 2, 0, 2, 0, 1, 0, 0, 2, 0, 0, 1, 0, 1, 0, 0, 2, 0, 0, 0, 0, 0, 0, 0, 0, 0, 0, 2, 0, 0, 1, 0, 2, 2, 1, 2, 0, 0, 1, 1, 1, 1, 0, 0, 0, 0, 0, 0, 1, 1, 4, 4, 1, 3, 1, 1, 4, 0, 2, 5, 4, 2, 5, 1, 6, 2, 1, 253, 0, 1, 0, 0, 0, 0]",2,0.4214336140973056,-1,0
1221,"[3, 1, 1, 2, 9, 7, 1, 0, 0, 0, 0, 0, 0, 0, 2, 0, 2, 0, 1, 0, 0, 2, 0, 0, 1, 0, 1, 0, 0, 2, 0, 0, 0, 0, 0, 0, 0, 0, 0, 0, 2, 0, 0, 1, 0, 2, 2, 1, 2, 0, 0, 1, 1, 1, 1, 0, 0, 0, 0, 0, 0, 1, 1, 4, 4, 1, 3, 1, 1, 4, 0, 2, 5, 4, 2, 5, 1, 6, 2, 1, 253, 0, 1, 0, 0, 1, 0]","[[0 0 0 1]
 [1 0 0 0]]",0.6718584791553965,-1,0
1222,"[3, 1, 1, 2, 9, 7, 1, 0, 0, 0, 0, 0, 0, 0, 2, 0, 2, 0, 1, 0, 0, 2, 0, 0, 1, 0, 1, 0, 0, 2, 0, 0, 0, 0, 0, 0, 0, 0, 0, 0, 2, 0, 0, 1, 0, 2, 2, 1, 2, 0, 0, 1, 1, 1, 1, 0, 0, 0, 0, 0, 0, 1, 1, 4, 4, 1, 3, 1, 1, 4, 0, 2, 5, 4, 2, 5, 1, 6, 2, 1, 253, 0, 0, 0, 0, 0, 0]",-1,-0.0039829510142949005,-1,1
1223,"[3, 1, 1, 2, 9, 7, 1, 0, 0, 0, 0, 0, 0, 0, 2, 0, 2, 0, 1, 0, 0, 2, 0, 0, 1, 0, 1, 0, 0, 2, 0, 0, 0, 0, 0, 0, 0, 0, 0, 0, 2, 0, 0, 1, 0, 2, 2, 1, 2, 0, 0, 1, 1, 1, 1, 0, 0, 0, 0, 0, 0, 1, 1, 4, 4, 1, 3, 1, 1, 4, 0, 2, 5, 4, 2, 5, 1, 6, 2, 1, 254, 0, 0, 0, 0, 0, 0]",4,16.780685838307665,-1,0
1224,"[4, 2, 1, 2, 10, 8, 1, 0, 0, 0, 0, 0, 0, 0, 2, 0, 2, 0, 1, 0, 0, 2, 0, 0, 1, 0, 1, 0, 0, 2, 0, 0, 0, 0, 0, 0, 0, 0, 0, 0, 2, 0, 0, 1, 0, 2, 2, 1, 2, 0, 0, 1, 1, 1, 1, 0, 0, 0, 0, 0, 0, 1, 1, 4, 4, 1, 3, 1, 1, 4, 0, 2, 5, 4, 2, 5, 1, 6, 2, 1, 255, 0, 0, 0, 0, 0, 0]",4,13.333935496092709,-1,1
1225,"[4, 2, 1, 2, 10, 8, 1, 0, 0, 0, 0, 0, 0, 0, 2, 0, 2, 0, 1, 0, 0, 2, 0, 0, 1, 0, 1, 0, 0, 2, 0, 0, 0, 0, 0, 0, 0, 0, 0, 0, 2, 0, 0, 1, 0, 2, 2, 1, 2, 0, 0, 1, 1, 1, 1, 0, 0, 0, 0, 0, 0, 1, 1, 4, 4, 1, 3, 1, 1, 4, 0, 2, 5, 4, 2, 5, 1, 6, 2, 1, 255, 1, 0, 0, 0, 0, 0]",3,0.21995009782393704,-1,0
1226,"[2, 3, 1, 2, 10, 8, 1, 0, 0, 0, 0, 0, 0, 0, 2, 0, 2, 0, 1, 0, 0, 2, 0, 0, 1, 0, 1, 0, 0, 2, 0, 0, 0, 0, 0, 0, 0, 0, 0, 0, 2, 0, 0, 1, 0, 2, 2, 1, 2, 0, 0, 1, 1, 1, 1, 0, 0, 0, 0, 0, 0, 1, 1, 4, 4, 1, 3, 1, 1, 4, 0, 2, 5, 4, 2, 5, 1, 6, 2, 1, 255, 0, 0, 0, 0, 0, 0]","[[2 0 0 0]
 [0 1 0 0]]",-0.17859222026502192,-1,0
1227,"[2, 3, 3, 2, 10, 8, 2, 0, 0, 0, 0, 0, 0, 0, 2, 0, 2, 0, 1, 0, 0, 2, 0, 0, 1, 0, 1, 0, 0, 2, 0, 0, 0, 0, 0, 0, 0, 0, 0, 0, 2, 0, 0, 1, 0, 2, 2, 1, 2, 0, 0, 1, 1, 1, 1, 0, 0, 0, 0, 0, 0, 1, 1, 4, 4, 1, 3, 1, 1, 4, 0, 2, 5, 4, 2, 5, 1, 6, 2, 1, 256, 0, 0, 0, 0, 0, 0]",4,17.05112983085141,-1,0
1228,"[2, 3, 3, 2, 10, 8, 2, 0, 0, 0, 0, 0, 0, 0, 2, 0, 2, 0, 1, 0, 0, 2, 0, 0, 1, 0, 1, 0, 0, 2, 0, 0, 0, 0, 0, 0, 0, 0, 0, 0, 2, 0, 0, 1, 0, 2, 2, 1, 2, 0, 0, 1, 1, 1, 1, 0, 0, 0, 0, 0, 0, 1, 1, 4, 4, 1, 3, 1, 1, 4, 0, 2, 5, 4, 2, 5, 1, 6, 2, 1, 256, 0, 0, 0, 0, 0, 0]",0,0.36146077681117683,-1,1
1229,"[2, 3, 3, 2, 9, 7, 2, 0, 0, 0, 0, 0, 0, 0, 2, 0, 2, 0, 1, 0, 0, 2, 0, 0, 1, 0, 1, 0, 0, 2, 0, 0, 0, 0, 0, 0, 0, 0, 0, 0, 2, 2, 0, 1, 0, 2, 2, 1, 2, 0, 0, 1, 1, 1, 1, 0, 0, 0, 0, 0, 0, 1, 1, 4, 4, 1, 3, 1, 1, 4, 0, 2, 5, 4, 2, 5, 1, 6, 2, 1, 256, 0, 0, 0, 0, 0, 0]",9,0.509217589469751,-1,1
1230,"[2, 3, 3, 2, 9, 7, 2, 0, 0, 0, 0, 0, 0, 0, 2, 0, 2, 0, 1, 0, 0, 2, 0, 0, 1, 0, 1, 0, 0, 2, 0, 0, 0, 0, 0, 0, 0, 0, 0, 0, 2, 2, 0, 1, 0, 2, 2, 1, 2, 0, 0, 1, 1, 1, 1, 0, 0, 0, 0, 0, 0, 1, 1, 4, 4, 1, 3, 1, 1, 4, 0, 2, 5, 4, 2, 5, 1, 6, 2, 1, 256, 0, 0, 0, 0, 0, 0]",1,0.23804697485963178,-1,1
1231,"[2, 3, 3, 2, 9, 7, 2, 0, 0, 0, 0, 0, 0, 0, 2, 0, 2, 0, 1, 0, 0, 2, 0, 0, 1, 0, 1, 0, 0, 2, 0, 0, 0, 0, 0, 0, 0, 0, 0, 0, 2, 2, 0, 1, 0, 2, 2, 1, 2, 0, 0, 1, 1, 1, 1, 0, 0, 0, 0, 0, 0, 1, 1, 4, 4, 1, 3, 1, 1, 4, 0, 2, 5, 4, 2, 5, 1, 6, 2, 1, 256, 0, 0, 0, 0, 0, 0]",-1,-0.0038652370221649874,-1,1
1232,"[2, 3, 5, 2, 9, 7, 3, 0, 0, 0, 0, 0, 0, 0, 2, 0, 2, 0, 1, 0, 0, 2, 0, 0, 1, 0, 1, 0, 0, 2, 0, 0, 0, 0, 0, 0, 0, 0, 0, 0, 2, 2, 0, 1, 0, 2, 2, 1, 2, 0, 0, 1, 1, 1, 1, 0, 0, 0, 0, 0, 0, 1, 1, 4, 4, 1, 3, 1, 1, 4, 0, 2, 5, 4, 2, 5, 1, 6, 2, 1, 257, 0, 0, 0, 0, 0, 0]",4,14.558818603510481,-1,1
1233,"[2, 3, 5, 2, 9, 7, 3, 0, 0, 0, 0, 0, 0, 0, 2, 0, 2, 0, 1, 0, 0, 2, 0, 0, 1, 0, 1, 0, 0, 2, 0, 0, 0, 0, 0, 0, 0, 0, 0, 0, 2, 2, 0, 1, 0, 2, 2, 1, 2, 0, 0, 1, 1, 1, 1, 0, 0, 0, 0, 0, 0, 1, 1, 4, 4, 1, 3, 1, 1, 4, 0, 2, 5, 4, 2, 5, 1, 6, 2, 1, 257, 1, 0, 0, 0, 0, 0]",3,0.21855859062343141,-1,0
1234,"[0, 3, 6, 2, 9, 7, 3, 0, 0, 0, 0, 0, 0, 0, 2, 0, 2, 0, 1, 0, 0, 2, 0, 0, 1, 0, 1, 0, 0, 2, 0, 0, 0, 0, 0, 0, 0, 0, 0, 0, 2, 2, 0, 1, 0, 2, 2, 1, 2, 0, 0, 1, 1, 1, 1, 0, 0, 0, 0, 0, 0, 1, 1, 4, 4, 1, 3, 1, 1, 4, 0, 2, 5, 4, 2, 5, 1, 6, 2, 1, 257, 0, 0, 0, 0, 0, 0]","[[2 0 0 0]
 [0 0 1 0]]",-0.17998372746552754,-1,0
1235,"[0, 3, 6, 2, 9, 7, 3, 0, 0, 0, 0, 0, 0, 0, 2, 0, 2, 0, 1, 0, 0, 2, 0, 0, 1, 0, 1, 0, 0, 2, 0, 0, 0, 0, 0, 0, 0, 0, 0, 0, 2, 2, 0, 1, 0, 2, 2, 1, 2, 0, 0, 1, 1, 1, 1, 0, 0, 0, 0, 0, 0, 1, 1, 4, 4, 1, 3, 1, 1, 4, 0, 2, 5, 4, 2, 5, 1, 6, 2, 1, 257, 1, 0, 0, 0, 0, 0]",3,0.21855859062343141,-1,0
1236,"[1, 3, 4, 2, 9, 7, 3, 0, 0, 0, 0, 0, 0, 0, 2, 0, 2, 0, 1, 0, 0, 2, 0, 0, 1, 0, 1, 0, 0, 2, 0, 0, 0, 0, 0, 0, 0, 0, 0, 0, 2, 2, 0, 1, 0, 2, 2, 1, 2, 0, 0, 1, 1, 1, 1, 0, 0, 0, 0, 0, 0, 1, 1, 4, 4, 1, 3, 1, 1, 4, 0, 2, 5, 4, 2, 5, 1, 6, 2, 1, 257, 0, 0, 0, 0, 0, 0]","[[0 0 2 0]
 [1 0 0 0]]",-0.17998372746552754,-1,0
1237,"[1, 3, 4, 2, 9, 7, 3, 0, 0, 0, 0, 0, 0, 0, 2, 0, 2, 0, 1, 0, 0, 2, 0, 0, 1, 0, 1, 0, 0, 2, 0, 0, 0, 0, 0, 0, 0, 0, 0, 0, 2, 2, 0, 1, 0, 2, 2, 1, 2, 0, 0, 1, 1, 1, 1, 0, 0, 0, 0, 0, 0, 1, 1, 4, 4, 1, 3, 1, 1, 4, 0, 2, 5, 4, 2, 5, 1, 6, 2, 1, 257, 0, 0, 0, 0, 0, 0]",0,0.2019643808770477,-1,0
1238,"[1, 3, 4, 2, 9, 7, 3, 0, 0, 0, 0, 0, 0, 0, 2, 0, 2, 0, 1, 0, 0, 2, 0, 0, 1, 0, 1, 0, 0, 2, 0, 0, 0, 0, 0, 0, 0, 0, 0, 0, 2, 2, 0, 1, 0, 2, 2, 1, 2, 0, 0, 1, 1, 1, 1, 0, 0, 0, 0, 0, 0, 1, 1, 4, 4, 1, 3, 1, 1, 4, 0, 2, 5, 4, 2, 5, 1, 6, 2, 1, 257, 0, 0, 0, 0, 0, 0]",-1,-0.003826777271195576,-1,0
1239,"[1, 3, 4, 2, 9, 7, 3, 0, 0, 0, 0, 0, 0, 0, 2, 0, 2, 0, 1, 0, 0, 2, 0, 0, 1, 0, 1, 0, 0, 2, 0, 0, 0, 0, 0, 0, 0, 0, 0, 0, 2, 2, 0, 1, 0, 2, 2, 1, 2, 0, 0, 1, 1, 1, 1, 0, 0, 0, 0, 0, 0, 1, 1, 4, 4, 1, 3, 1, 1, 4, 0, 2, 5, 4, 2, 5, 1, 6, 2, 1, 257, 0, 0, 0, 0, 0, 0]",1,0.45334654922260553,-1,0
1240,"[1, 3, 4, 2, 9, 7, 3, 0, 0, 0, 0, 0, 0, 0, 2, 0, 2, 0, 1, 0, 0, 2, 0, 0, 1, 0, 1, 0, 0, 2, 0, 0, 0, 0, 0, 0, 0, 0, 0, 0, 2, 2, 0, 1, 0, 2, 2, 1, 2, 0, 0, 1, 1, 1, 1, 0, 0, 0, 0, 0, 0, 1, 1, 4, 4, 1, 3, 1, 1, 4, 0, 2, 5, 4, 2, 5, 1, 6, 2, 1, 257, 0, 0, 0, 0, 0, 0]",-1,-0.003826777271195576,-1,0
1241,"[1, 1, 2, 1, 4, 3, 1, 0, 0, 0, 0, 0, 0, 0, 2, 0, 2, 0, 1, 0, 0, 2, 0, 0, 1, 0, 1, 0, 0, 2, 0, 0, 0, 0, 0, 0, 0, 0, 0, 0, 2, 2, 0, 1, 0, 2, 2, 1, 2, 0, 0, 1, 1, 1, 1, 0, 0, 0, 0, 0, 0, 1, 1, 4, 4, 1, 3, 1, 1, 4, 0, 2, 5, 4, 2, 5, 1, 6, 2, 6, 258, 0, 0, 0, 0, 0, 0]",4,17.05214878555444,-1,0
1242,"[1, 1, 2, 1, 4, 3, 1, 0, 0, 0, 0, 0, 0, 0, 2, 0, 2, 0, 1, 0, 0, 2, 0, 0, 1, 0, 1, 0, 0, 2, 0, 0, 0, 0, 0, 0, 0, 0, 0, 0, 2, 2, 0, 1, 0, 2, 2, 1, 2, 0, 0, 1, 1, 1, 1, 0, 0, 0, 0, 0, 0, 1, 1, 4, 4, 1, 3, 1, 1, 4, 0, 2, 5, 4, 2, 5, 1, 6, 2, 6, 259, 0, 0, 0, 0, 0, 0]",4,14.605652650480371,-1,1
1243,"[1, 1, 2, 1, 4, 3, 1, 0, 0, 0, 0, 0, 0, 0, 2, 0, 2, 0, 1, 0, 0, 2, 0, 0, 1, 0, 1, 0, 0, 2, 0, 0, 0, 0, 0, 0, 0, 0, 0, 0, 2, 2, 0, 1, 0, 2, 2, 1, 2, 0, 0, 1, 1, 1, 1, 0, 0, 0, 0, 0, 0, 1, 1, 4, 4, 1, 3, 1, 1, 4, 0, 2, 5, 4, 2, 5, 1, 6, 2, 6, 260, 0, 0, 0, 0, 0, 0]",4,17.050735762452657,-1,0
1244,"[1, 1, 2, 1, 4, 3, 1, 0, 0, 0, 0, 0, 0, 0, 2, 0, 2, 0, 1, 0, 0, 2, 0, 0, 1, 0, 1, 0, 0, 2, 0, 0, 0, 0, 0, 0, 0, 0, 0, 0, 2, 2, 0, 1, 0, 2, 2, 1, 2, 0, 0, 1, 1, 1, 1, 0, 0, 0, 0, 0, 0, 1, 1, 4, 4, 1, 3, 1, 1, 4, 0, 2, 5, 4, 2, 5, 1, 6, 2, 6, 260, 0, 0, 0, 0, 0, 0]",-1,-0.003713678910716694,-1,1
1245,"[1, 1, 2, 1, 4, 3, 1, 0, 0, 0, 0, 0, 0, 0, 2, 0, 2, 0, 1, 0, 0, 2, 0, 0, 1, 0, 1, 0, 0, 2, 0, 0, 0, 0, 0, 0, 0, 0, 0, 0, 2, 2, 0, 1, 0, 2, 2, 1, 2, 0, 0, 1, 1, 1, 1, 0, 0, 0, 0, 0, 0, 1, 1, 4, 4, 1, 3, 1, 1, 4, 0, 2, 5, 4, 2, 5, 1, 6, 2, 6, 260, 0, 0, 0, 0, 0, 0]",-1,-0.003713678910716694,-1,1
1246,"[1, 1, 4, 1, 4, 3, 2, 0, 0, 0, 0, 0, 0, 0, 2, 0, 2, 0, 1, 0, 0, 2, 0, 0, 1, 0, 1, 0, 0, 2, 0, 0, 0, 0, 0, 0, 0, 0, 0, 0, 2, 2, 0, 1, 0, 2, 2, 1, 2, 0, 0, 1, 1, 1, 1, 0, 0, 0, 0, 0, 0, 1, 1, 4, 4, 1, 3, 1, 1, 4, 0, 2, 5, 4, 2, 5, 1, 6, 2, 6, 261, 0, 0, 0, 0, 0, 0]",4,14.714108053030415,-1,1
1247,"[1, 1, 4, 1, 4, 3, 2, 0, 0, 0, 0, 0, 0, 0, 2, 0, 2, 0, 1, 0, 0, 2, 0, 0, 1, 0, 1, 0, 0, 2, 0, 0, 0, 0, 0, 0, 0, 0, 0, 0, 2, 2, 0, 1, 0, 2, 2, 1, 2, 0, 0, 1, 1, 1, 1, 0, 0, 0, 0, 0, 0, 1, 1, 4, 4, 1, 3, 1, 1, 4, 0, 2, 5, 4, 2, 5, 1, 6, 2, 6, 261, 0, 1, 0, 0, 0, 0]",2,0.4160345824345624,-1,0
1248,"[1, 1, 4, 1, 4, 3, 2, 0, 0, 0, 0, 0, 0, 0, 2, 0, 2, 0, 1, 0, 0, 2, 0, 0, 1, 0, 1, 0, 0, 2, 0, 0, 0, 0, 0, 0, 0, 0, 0, 0, 2, 2, 0, 1, 0, 2, 2, 1, 2, 0, 0, 1, 1, 1, 1, 0, 0, 0, 0, 0, 0, 1, 1, 4, 4, 1, 3, 1, 1, 4, 0, 2, 5, 4, 2, 5, 1, 6, 2, 6, 261, 0, 0, 0, 0, 0, 0]",-1,-0.003676727188152855,-1,0
1249,"[1, 1, 4, 1, 4, 3, 2, 0, 0, 0, 0, 0, 0, 0, 2, 0, 2, 0, 1, 0, 0, 2, 0, 0, 1, 0, 1, 0, 0, 2, 0, 0, 0, 0, 0, 0, 0, 0, 0, 0, 2, 2, 0, 1, 0, 2, 2, 1, 2, 0, 0, 1, 1, 1, 1, 0, 0, 0, 0, 0, 0, 1, 1, 4, 4, 1, 3, 1, 1, 4, 0, 2, 5, 4, 2, 5, 1, 6, 2, 6, 261, 0, 0, 0, 0, 0, 0]",1,0.4508225410337366,-1,0
1250,"[1, 1, 4, 1, 4, 3, 2, 0, 0, 0, 0, 0, 0, 0, 2, 0, 2, 0, 1, 0, 0, 2, 0, 0, 1, 0, 1, 0, 0, 2, 0, 0, 0, 0, 0, 0, 0, 0, 0, 0, 2, 2, 0, 1, 0, 2, 2, 1, 2, 0, 0, 1, 1, 1, 1, 0, 0, 0, 0, 0, 0, 1, 1, 4, 4, 1, 3, 1, 1, 4, 0, 2, 5, 4, 2, 5, 1, 6, 2, 6, 261, 0, 0, 0, 0, 0, 0]",-1,-0.003676727188152855,-1,0
1251,"[1, 1, 4, 1, 4, 3, 2, 0, 0, 0, 0, 0, 0, 0, 2, 0, 2, 0, 1, 0, 0, 2, 0, 0, 1, 0, 1, 0, 0, 2, 0, 0, 0, 0, 0, 0, 0, 0, 0, 0, 2, 2, 0, 1, 0, 2, 2, 1, 2, 0, 0, 1, 1, 1, 1, 0, 0, 0, 0, 0, 0, 1, 1, 4, 4, 1, 3, 1, 1, 4, 0, 2, 5, 4, 2, 5, 1, 6, 2, 6, 261, 1, 0, 0, 0, 0, 0]",3,0.21603458243456247,-1,0
1252,"[1, 1, 2, 2, 4, 3, 2, 0, 0, 0, 0, 0, 0, 0, 2, 0, 2, 0, 1, 0, 0, 2, 0, 0, 1, 0, 1, 0, 0, 2, 0, 0, 0, 0, 0, 0, 0, 0, 0, 0, 2, 2, 0, 1, 0, 2, 2, 1, 2, 0, 0, 1, 1, 1, 1, 0, 0, 0, 0, 0, 0, 1, 1, 4, 4, 1, 3, 1, 1, 4, 0, 2, 5, 4, 2, 5, 1, 6, 2, 6, 261, 0, 0, 0, 0, 0, 0]","[[0 0 2 0]
 [0 0 0 1]]",-0.18250773565439649,-1,0
1253,"[1, 1, 2, 2, 4, 3, 2, 0, 0, 0, 0, 0, 0, 0, 2, 0, 2, 0, 1, 0, 0, 2, 0, 0, 1, 0, 1, 0, 0, 2, 0, 0, 0, 0, 0, 0, 0, 0, 0, 0, 2, 2, 0, 1, 0, 2, 2, 1, 2, 0, 0, 1, 1, 1, 1, 0, 0, 0, 0, 0, 0, 1, 1, 4, 4, 1, 3, 1, 1, 4, 0, 2, 5, 4, 2, 5, 1, 6, 2, 6, 261, 0, 1, 0, 0, 0, 0]",2,0.4160345824345624,-1,0
1254,"[1, 1, 2, 2, 4, 3, 2, 0, 0, 0, 0, 0, 0, 0, 2, 0, 2, 0, 1, 0, 0, 2, 0, 0, 1, 0, 1, 0, 0, 2, 0, 0, 0, 0, 0, 0, 0, 0, 0, 0, 2, 2, 0, 1, 0, 2, 2, 1, 2, 0, 0, 1, 1, 1, 1, 0, 0, 0, 0, 0, 0, 1, 1, 4, 4, 1, 3, 1, 1, 4, 0, 2, 5, 4, 2, 5, 1, 6, 2, 6, 261, 0, 1, 0, 0, 1, 0]","[[0 0 1 0]
 [0 1 0 0]]",0.6664594474926533,-1,0
1255,"[1, 1, 2, 2, 4, 3, 2, 0, 0, 0, 0, 0, 0, 0, 2, 0, 2, 0, 1, 0, 0, 2, 0, 0, 1, 0, 1, 0, 0, 2, 0, 0, 0, 0, 0, 0, 0, 0, 0, 0, 2, 2, 0, 1, 0, 2, 2, 1, 2, 0, 0, 1, 1, 1, 1, 0, 0, 0, 0, 0, 0, 1, 1, 4, 4, 1, 3, 1, 1, 4, 0, 2, 5, 4, 2, 5, 1, 6, 2, 6, 261, 0, 1, 0, 0, 0, 1]",2,-0.18396541756543755,-1,1
1256,"[1, 1, 2, 2, 4, 3, 2, 0, 0, 0, 0, 0, 0, 0, 2, 0, 2, 0, 1, 0, 0, 2, 0, 0, 1, 0, 1, 0, 0, 2, 0, 0, 0, 0, 0, 0, 0, 0, 0, 0, 2, 2, 0, 1, 0, 2, 2, 1, 2, 0, 0, 1, 1, 1, 1, 0, 0, 0, 0, 0, 0, 1, 1, 4, 4, 1, 3, 1, 1, 4, 0, 2, 5, 4, 2, 5, 1, 6, 2, 6, 261, 0, 0, 1, 0, 0, 0]","[[1 1 1 0]
 [1 1 2 1]]",-0.18396541756543755,-1,1
1257,"[1, 1, 1, 1, 4, 3, 3, 1, 0, 0, 0, 0, 0, 0, 2, 0, 2, 0, 1, 0, 0, 2, 0, 0, 1, 0, 1, 0, 0, 2, 0, 0, 0, 0, 0, 0, 0, 0, 0, 0, 2, 2, 0, 1, 0, 2, 2, 1, 2, 0, 0, 1, 1, 1, 1, 0, 0, 0, 0, 0, 0, 1, 1, 4, 4, 1, 3, 1, 1, 4, 0, 2, 5, 4, 2, 5, 1, 6, 2, 6, 261, 0, 0, 0, 0, 0, 0]",0,-0.18396541756543755,-1,0
1258,"[1, 1, 1, 1, 4, 3, 3, 1, 0, 0, 0, 0, 0, 0, 2, 0, 2, 0, 1, 0, 0, 2, 0, 0, 1, 0, 1, 0, 0, 2, 0, 0, 0, 0, 0, 0, 0, 0, 0, 0, 2, 2, 0, 1, 0, 2, 2, 1, 2, 0, 0, 1, 1, 1, 1, 0, 0, 0, 0, 0, 0, 1, 1, 4, 4, 1, 3, 1, 1, 4, 0, 2, 5, 4, 2, 5, 1, 6, 2, 6, 261, 0, 0, 0, 0, 0, 0]",0,0.19944037268817877,-1,0
1259,"[1, 1, 1, 1, 4, 3, 3, 1, 0, 0, 0, 0, 0, 0, 2, 0, 2, 0, 1, 0, 0, 2, 0, 0, 1, 0, 1, 0, 0, 2, 0, 0, 0, 0, 0, 0, 0, 0, 0, 0, 2, 2, 0, 1, 0, 2, 2, 1, 2, 0, 0, 1, 1, 1, 1, 0, 0, 0, 0, 0, 0, 1, 1, 4, 4, 1, 3, 1, 1, 4, 0, 2, 5, 4, 2, 5, 1, 6, 2, 6, 261, 0, 0, 0, 0, 0, 0]",-1,-0.003676727188152855,-1,0
1260,"[1, 1, 1, 1, 4, 3, 3, 1, 0, 0, 0, 0, 0, 0, 2, 0, 2, 0, 1, 0, 0, 2, 0, 0, 1, 0, 1, 0, 0, 2, 0, 0, 0, 0, 0, 0, 0, 0, 0, 0, 2, 2, 0, 1, 0, 2, 2, 1, 2, 0, 0, 1, 1, 1, 1, 0, 0, 0, 0, 0, 0, 1, 1, 4, 4, 1, 3, 1, 1, 4, 0, 2, 5, 4, 2, 5, 1, 6, 2, 6, 261, 0, 0, 0, 0, 0, 0]",0,0.19944037268817877,-1,0
1261,"[1, 1, 1, 1, 4, 3, 3, 1, 0, 0, 0, 0, 0, 0, 2, 0, 2, 0, 1, 0, 0, 2, 0, 0, 1, 0, 1, 0, 0, 2, 0, 0, 0, 0, 0, 0, 0, 0, 0, 0, 2, 2, 0, 1, 0, 2, 2, 1, 2, 0, 0, 1, 1, 1, 1, 0, 0, 0, 0, 0, 0, 1, 1, 4, 4, 1, 3, 1, 1, 4, 0, 2, 5, 4, 2, 5, 1, 6, 2, 6, 261, 0, 0, 0, 0, 0, 0]",-1,-0.003676727188152855,-1,0
1262,"[2, 1, 1, 1, 5, 3, 3, 1, 0, 0, 0, 0, 0, 0, 2, 0, 2, 0, 1, 0, 0, 2, 0, 0, 1, 0, 1, 0, 0, 2, 0, 0, 0, 0, 0, 0, 0, 0, 0, 0, 2, 2, 0, 1, 0, 2, 2, 1, 2, 0, 0, 1, 1, 1, 1, 0, 0, 0, 0, 0, 0, 1, 1, 4, 4, 1, 3, 1, 1, 4, 0, 2, 5, 4, 2, 5, 1, 6, 2, 6, 262, 0, 0, 0, 0, 0, 0]",4,17.049407113948977,-1,0
1263,"[3, 1, 1, 1, 6, 3, 3, 1, 0, 0, 0, 0, 0, 0, 2, 0, 2, 0, 1, 0, 0, 2, 0, 0, 1, 0, 1, 0, 0, 2, 0, 0, 0, 0, 0, 0, 0, 0, 0, 0, 2, 2, 0, 1, 0, 2, 2, 1, 2, 0, 0, 1, 1, 1, 1, 0, 0, 0, 0, 0, 0, 1, 1, 4, 4, 1, 3, 1, 1, 4, 0, 2, 5, 4, 2, 5, 1, 6, 2, 6, 263, 0, 0, 0, 0, 0, 0]",4,14.751050949981508,-1,1
1264,"[3, 1, 1, 1, 6, 3, 3, 1, 0, 0, 0, 0, 0, 0, 2, 0, 2, 0, 1, 0, 0, 2, 0, 0, 1, 0, 1, 0, 0, 2, 0, 0, 0, 0, 0, 0, 0, 0, 0, 0, 2, 2, 0, 1, 0, 2, 2, 1, 2, 0, 0, 1, 1, 1, 1, 0, 0, 0, 0, 0, 0, 1, 1, 4, 4, 1, 3, 1, 1, 4, 0, 2, 5, 4, 2, 5, 1, 6, 2, 6, 263, 0, 0, 0, 0, 0, 0]",0,0.19829937928682193,-1,0
1265,"[3, 1, 1, 1, 6, 3, 3, 1, 0, 0, 0, 0, 0, 0, 2, 0, 2, 0, 1, 0, 0, 2, 0, 0, 1, 0, 1, 0, 0, 2, 0, 0, 0, 0, 0, 0, 0, 0, 0, 0, 2, 2, 0, 1, 0, 2, 2, 1, 2, 0, 0, 1, 1, 1, 1, 0, 0, 0, 0, 0, 0, 1, 1, 4, 4, 1, 3, 1, 1, 4, 0, 2, 5, 4, 2, 5, 1, 6, 2, 6, 263, 0, 0, 0, 0, 0, 0]",-1,-0.003603923111938305,-1,0
1266,"[3, 1, 1, 1, 6, 3, 3, 1, 0, 0, 0, 0, 0, 0, 2, 0, 2, 0, 1, 0, 0, 2, 0, 0, 1, 0, 1, 0, 0, 2, 0, 0, 0, 0, 0, 0, 0, 0, 0, 0, 2, 2, 0, 1, 0, 2, 2, 1, 2, 0, 0, 1, 1, 1, 1, 0, 0, 0, 0, 0, 0, 1, 1, 4, 4, 1, 3, 1, 1, 4, 0, 2, 5, 4, 2, 5, 1, 6, 2, 6, 263, 0, 0, 0, 0, 0, 0]",0,0.19829937928682193,-1,0
1267,"[3, 1, 1, 1, 6, 3, 3, 1, 0, 0, 0, 0, 0, 0, 2, 0, 2, 0, 1, 0, 0, 2, 0, 0, 1, 0, 1, 0, 0, 2, 0, 0, 0, 0, 0, 0, 0, 0, 0, 0, 2, 2, 0, 1, 0, 2, 2, 1, 2, 0, 0, 1, 1, 1, 1, 0, 0, 0, 0, 0, 0, 1, 1, 4, 4, 1, 3, 1, 1, 4, 0, 2, 5, 4, 2, 5, 1, 6, 2, 6, 263, 0, 0, 0, 0, 0, 0]",-1,-0.003603923111938305,-1,0
1268,"[3, 1, 1, 1, 6, 3, 3, 1, 0, 0, 0, 0, 0, 0, 2, 0, 2, 0, 1, 0, 0, 2, 0, 0, 1, 0, 1, 0, 0, 2, 0, 0, 0, 0, 0, 0, 0, 0, 0, 0, 2, 2, 0, 1, 0, 2, 2, 1, 2, 0, 0, 1, 1, 1, 1, 0, 0, 0, 0, 0, 0, 1, 1, 4, 4, 1, 3, 1, 1, 4, 0, 2, 5, 4, 2, 5, 1, 6, 2, 6, 263, 0, 0, 0, 0, 0, 0]",1,0.4496815476323798,-1,0
1269,"[3, 1, 1, 1, 6, 3, 3, 1, 0, 0, 0, 0, 0, 0, 2, 0, 2, 0, 1, 0, 0, 2, 0, 0, 1, 0, 1, 0, 0, 2, 0, 0, 0, 0, 0, 0, 0, 0, 0, 0, 2, 2, 0, 1, 0, 2, 2, 1, 2, 0, 0, 1, 1, 1, 1, 0, 0, 0, 0, 0, 0, 1, 1, 4, 4, 1, 3, 1, 1, 4, 0, 2, 5, 4, 2, 5, 1, 6, 2, 6, 263, 0, 0, 0, 0, 0, 0]",-1,-0.003603923111938305,-1,0
1270,"[3, 1, 1, 1, 6, 3, 3, 1, 0, 0, 0, 0, 0, 0, 2, 0, 2, 0, 1, 0, 0, 2, 0, 0, 1, 0, 1, 0, 0, 2, 0, 0, 0, 0, 0, 0, 0, 0, 0, 0, 2, 2, 0, 1, 0, 2, 2, 1, 2, 0, 0, 1, 1, 1, 1, 0, 0, 0, 0, 0, 0, 1, 1, 4, 4, 1, 3, 1, 1, 4, 0, 2, 5, 4, 2, 5, 1, 6, 2, 6, 263, 0, 0, 0, 0, 0, 0]",0,0.19829937928682193,-1,0
1271,"[3, 1, 1, 1, 6, 3, 3, 1, 0, 0, 0, 0, 0, 0, 2, 0, 2, 0, 1, 0, 0, 2, 0, 0, 1, 0, 1, 0, 0, 2, 0, 0, 0, 0, 0, 0, 0, 0, 0, 0, 2, 2, 0, 1, 0, 2, 2, 1, 2, 0, 0, 1, 1, 1, 1, 0, 0, 0, 0, 0, 0, 1, 1, 4, 4, 1, 3, 1, 1, 4, 0, 2, 5, 4, 2, 5, 1, 6, 2, 6, 263, 0, 0, 0, 0, 0, 0]",-1,-0.003603923111938305,-1,0
1272,"[3, 1, 1, 1, 6, 3, 3, 1, 0, 0, 0, 0, 0, 0, 2, 0, 2, 0, 1, 0, 0, 2, 0, 0, 1, 0, 1, 0, 0, 2, 0, 0, 0, 0, 0, 0, 0, 0, 0, 0, 2, 2, 0, 1, 0, 2, 2, 1, 2, 0, 0, 1, 1, 1, 1, 0, 0, 0, 0, 0, 0, 1, 1, 4, 4, 1, 3, 1, 1, 4, 0, 2, 5, 4, 2, 5, 1, 6, 2, 6, 263, 0, 1, 0, 0, 0, 0]",2,0.4148935890332056,-1,0
1273,"[3, 1, 1, 1, 6, 3, 3, 1, 0, 0, 0, 0, 0, 0, 2, 0, 2, 0, 1, 0, 0, 2, 0, 0, 1, 0, 1, 0, 0, 2, 0, 0, 0, 0, 0, 0, 0, 0, 0, 0, 2, 2, 0, 1, 0, 2, 2, 1, 2, 0, 0, 1, 1, 1, 1, 0, 0, 0, 0, 0, 0, 1, 1, 4, 4, 1, 3, 1, 1, 4, 0, 2, 5, 4, 2, 5, 1, 6, 2, 6, 263, 0, 1, 0, 0, 1, 0]","[[1 0 0 0]
 [0 0 1 0]]",0.6653184540912965,-1,0
1274,"[3, 1, 1, 1, 6, 3, 3, 1, 0, 0, 0, 0, 0, 0, 2, 0, 2, 0, 1, 0, 0, 2, 0, 0, 1, 0, 1, 0, 0, 2, 0, 0, 0, 0, 0, 0, 0, 0, 0, 0, 2, 2, 0, 1, 0, 2, 2, 1, 2, 0, 0, 1, 1, 1, 1, 0, 0, 0, 0, 0, 0, 1, 1, 4, 4, 1, 3, 1, 1, 4, 0, 2, 5, 4, 2, 5, 1, 6, 2, 6, 263, 0, 0, 0, 0, 0, 0]",1,-9.445235999692862,-1,1
1275,"[3, 1, 1, 1, 6, 3, 3, 1, 0, 0, 0, 0, 0, 0, 2, 0, 2, 0, 1, 0, 0, 2, 0, 0, 1, 0, 1, 0, 0, 2, 0, 0, 0, 0, 0, 0, 0, 0, 0, 0, 2, 2, 0, 1, 0, 2, 2, 1, 2, 0, 0, 1, 1, 1, 1, 0, 0, 0, 0, 0, 0, 1, 1, 4, 4, 1, 3, 1, 1, 4, 0, 2, 5, 4, 2, 5, 1, 6, 2, 6, 263, 1, 0, 0, 0, 0, 0]",3,0.21489358903320563,-1,0
1276,"[1, 1, 1, 2, 6, 3, 3, 1, 0, 0, 0, 0, 0, 0, 2, 0, 2, 0, 1, 0, 0, 2, 0, 0, 1, 0, 1, 0, 0, 2, 0, 0, 0, 0, 0, 0, 0, 0, 0, 0, 2, 2, 0, 1, 0, 2, 2, 1, 2, 0, 0, 1, 1, 1, 1, 0, 0, 0, 0, 0, 0, 1, 1, 4, 4, 1, 3, 1, 1, 4, 0, 2, 5, 4, 2, 5, 1, 6, 2, 6, 263, 0, 0, 0, 0, 0, 0]","[[2 0 0 0]
 [0 0 0 1]]",-0.18364872905575333,-1,0
1277,"[1, 1, 1, 2, 6, 3, 3, 3, 0, 0, 0, 0, 0, 0, 2, 0, 2, 0, 1, 0, 0, 2, 0, 0, 1, 0, 1, 0, 0, 2, 0, 0, 0, 0, 0, 0, 0, 0, 0, 0, 2, 2, 0, 1, 0, 2, 2, 1, 2, 0, 0, 1, 1, 1, 1, 0, 0, 0, 0, 0, 0, 1, 1, 4, 4, 1, 3, 1, 1, 4, 0, 2, 5, 4, 2, 5, 1, 6, 2, 6, 264, 0, 0, 0, 0, 0, 0]",4,17.048158573821965,-1,0
1278,"[1, 1, 1, 2, 6, 3, 3, 3, 0, 0, 0, 0, 0, 0, 2, 0, 2, 0, 1, 0, 0, 2, 0, 0, 1, 0, 1, 0, 0, 2, 0, 0, 0, 0, 0, 0, 0, 0, 0, 0, 2, 2, 0, 1, 0, 2, 2, 1, 2, 0, 0, 1, 1, 1, 1, 0, 0, 0, 0, 0, 0, 1, 1, 4, 4, 1, 3, 1, 1, 4, 0, 2, 5, 4, 2, 5, 1, 6, 2, 6, 264, 0, 0, 0, 0, 0, 0]",-1,-0.003568063477819303,-1,1
1279,"[1, 1, 1, 2, 6, 3, 3, 3, 0, 0, 0, 0, 0, 0, 2, 0, 2, 0, 1, 0, 0, 2, 0, 0, 1, 0, 1, 0, 0, 2, 0, 0, 0, 0, 0, 0, 0, 0, 0, 0, 2, 2, 0, 1, 0, 2, 2, 1, 2, 0, 0, 1, 1, 1, 1, 0, 0, 0, 0, 0, 0, 1, 1, 4, 4, 1, 3, 1, 1, 4, 0, 2, 5, 4, 2, 5, 1, 6, 2, 6, 264, 0, 0, 0, 0, 0, 0]",1,0.4491394670519244,-1,0
1280,"[1, 1, 1, 2, 6, 3, 3, 3, 0, 0, 0, 0, 0, 0, 2, 0, 2, 0, 1, 0, 0, 2, 0, 0, 1, 0, 1, 0, 0, 2, 0, 0, 0, 0, 0, 0, 0, 0, 0, 0, 2, 2, 0, 1, 0, 2, 2, 1, 2, 0, 0, 1, 1, 1, 1, 0, 0, 0, 0, 0, 0, 1, 1, 4, 4, 1, 3, 1, 1, 4, 0, 2, 5, 4, 2, 5, 1, 6, 2, 6, 264, 0, 0, 0, 0, 0, 0]",-1,-0.003568063477819303,-1,0
1281,"[1, 1, 1, 2, 6, 3, 3, 3, 0, 0, 0, 0, 0, 0, 2, 0, 2, 0, 1, 0, 0, 2, 0, 0, 1, 0, 1, 0, 0, 2, 0, 0, 0, 0, 0, 0, 0, 0, 0, 0, 2, 2, 0, 1, 0, 2, 2, 1, 2, 0, 0, 1, 1, 1, 1, 0, 0, 0, 0, 0, 0, 1, 1, 4, 4, 1, 3, 1, 1, 4, 0, 2, 5, 4, 2, 5, 1, 6, 2, 6, 264, 0, 1, 0, 0, 0, 0]",2,0.41435150845275026,-1,0
1282,"[1, 1, 1, 2, 6, 3, 3, 3, 0, 0, 0, 0, 0, 0, 2, 0, 2, 0, 1, 0, 0, 2, 0, 0, 1, 0, 1, 0, 0, 2, 0, 0, 0, 0, 0, 0, 0, 0, 0, 0, 2, 2, 0, 1, 0, 2, 2, 1, 2, 0, 0, 1, 1, 1, 1, 0, 0, 0, 0, 0, 0, 1, 1, 4, 4, 1, 3, 1, 1, 4, 0, 2, 5, 4, 2, 5, 1, 6, 2, 6, 264, 0, 1, 0, 0, 1, 0]","[[0 0 0 1]
 [0 1 0 0]]",0.6647763735108412,-1,0
1283,"[1, 1, 1, 2, 6, 3, 3, 3, 0, 0, 0, 0, 0, 0, 2, 0, 2, 0, 1, 0, 0, 2, 0, 0, 1, 0, 1, 0, 0, 2, 0, 0, 0, 0, 0, 0, 0, 0, 0, 0, 2, 2, 0, 1, 0, 2, 2, 1, 2, 0, 0, 1, 1, 1, 1, 0, 0, 0, 0, 0, 0, 1, 1, 4, 4, 1, 3, 1, 1, 4, 0, 2, 5, 4, 2, 5, 1, 6, 2, 6, 264, 0, 1, 0, 0, 0, 1]",2,-0.18564849154724972,-1,1
1284,"[1, 1, 1, 2, 6, 3, 3, 3, 0, 0, 0, 0, 0, 0, 2, 0, 2, 0, 1, 0, 0, 2, 0, 0, 1, 0, 1, 0, 0, 2, 0, 0, 0, 0, 0, 0, 0, 0, 0, 0, 2, 2, 0, 1, 0, 2, 2, 1, 2, 0, 0, 1, 1, 1, 1, 0, 0, 0, 0, 0, 0, 1, 1, 4, 4, 1, 3, 1, 1, 4, 0, 2, 5, 4, 2, 5, 1, 6, 2, 6, 264, 0, 0, 1, 0, 0, 0]","[[1 1 1 1]
 [1 1 1 1]]",-0.18564849154724972,-1,1
1285,"[1, 1, 1, 2, 6, 3, 3, 3, 0, 0, 0, 0, 0, 0, 2, 0, 2, 0, 1, 0, 0, 2, 0, 0, 1, 0, 1, 0, 0, 2, 0, 0, 0, 0, 0, 0, 0, 0, 0, 0, 2, 2, 0, 1, 0, 2, 2, 1, 2, 0, 0, 1, 1, 1, 1, 0, 0, 0, 0, 0, 0, 1, 1, 4, 4, 1, 3, 1, 1, 4, 0, 2, 5, 4, 2, 5, 1, 6, 2, 6, 264, 0, 0, 0, 0, 0, 0]",0,-0.18564849154724972,-1,0
1286,"[1, 1, 1, 2, 6, 3, 3, 3, 0, 0, 0, 0, 0, 0, 2, 0, 2, 0, 1, 0, 0, 2, 0, 0, 1, 0, 1, 0, 0, 2, 0, 0, 0, 0, 0, 0, 0, 0, 0, 0, 2, 2, 0, 1, 0, 2, 2, 1, 2, 0, 0, 1, 1, 1, 1, 0, 0, 0, 0, 0, 0, 1, 1, 4, 4, 1, 3, 1, 1, 4, 0, 2, 5, 4, 2, 5, 1, 6, 2, 6, 264, 1, 0, 0, 0, 0, 0]",3,0.2143515084527503,-1,0
1287,"[1, 2, 1, 0, 6, 3, 3, 3, 0, 0, 0, 0, 0, 0, 2, 0, 2, 0, 1, 0, 0, 2, 0, 0, 1, 0, 1, 0, 0, 2, 0, 0, 0, 0, 0, 0, 0, 0, 0, 0, 2, 2, 0, 1, 0, 2, 2, 1, 2, 0, 0, 1, 1, 1, 1, 0, 0, 0, 0, 0, 0, 1, 1, 4, 4, 1, 3, 1, 1, 4, 0, 2, 5, 4, 2, 5, 1, 6, 2, 6, 264, 0, 0, 0, 0, 0, 0]","[[0 0 0 2]
 [0 1 0 0]]",-0.18419080963620865,-1,0
1288,"[1, 2, 1, 0, 6, 3, 3, 3, 0, 0, 0, 0, 0, 0, 2, 0, 2, 0, 1, 0, 0, 2, 0, 0, 1, 0, 1, 0, 0, 2, 0, 0, 0, 0, 0, 0, 0, 0, 0, 0, 2, 2, 0, 1, 0, 2, 2, 1, 2, 0, 0, 1, 1, 1, 1, 0, 0, 0, 0, 0, 0, 1, 1, 4, 4, 1, 3, 1, 1, 4, 0, 2, 5, 4, 2, 5, 1, 6, 2, 6, 264, 1, 0, 0, 0, 0, 0]",3,0.2143515084527503,-1,0
1289,"[1, 0, 1, 1, 6, 3, 3, 3, 0, 0, 0, 0, 0, 0, 2, 0, 2, 0, 1, 0, 0, 2, 0, 0, 1, 0, 1, 0, 0, 2, 0, 0, 0, 0, 0, 0, 0, 0, 0, 0, 2, 2, 0, 1, 0, 2, 2, 1, 2, 0, 0, 1, 1, 1, 1, 0, 0, 0, 0, 0, 0, 1, 1, 4, 4, 1, 3, 1, 1, 4, 0, 2, 5, 4, 2, 5, 1, 6, 2, 6, 264, 0, 0, 0, 0, 0, 0]","[[0 2 0 0]
 [0 0 0 1]]",-0.18419080963620865,-1,0
1290,"[1, 0, 1, 1, 6, 3, 3, 3, 0, 0, 0, 0, 0, 0, 2, 0, 2, 0, 1, 0, 0, 2, 0, 0, 1, 0, 1, 0, 0, 2, 0, 0, 0, 0, 0, 0, 0, 0, 0, 0, 2, 2, 0, 1, 0, 2, 2, 1, 2, 0, 0, 1, 1, 1, 1, 0, 0, 0, 0, 0, 0, 1, 1, 4, 4, 1, 3, 1, 1, 4, 0, 2, 5, 4, 2, 5, 1, 6, 2, 6, 264, 0, 1, 0, 0, 0, 0]",2,0.41435150845275026,-1,0
1291,"[1, 0, 1, 1, 6, 3, 3, 3, 0, 0, 0, 0, 0, 0, 2, 0, 2, 0, 1, 0, 0, 2, 0, 0, 1, 0, 1, 0, 0, 2, 0, 0, 0, 0, 0, 0, 0, 0, 0, 0, 2, 2, 0, 1, 0, 2, 2, 1, 2, 0, 0, 1, 1, 1, 1, 0, 0, 0, 0, 0, 0, 1, 1, 4, 4, 1, 3, 1, 1, 4, 0, 2, 5, 4, 2, 5, 1, 6, 2, 6, 264, 0, 1, 0, 0, 1, 0]","[[0 0 1 0]
 [0 0 0 1]]",0.6647763735108412,-1,0
1292,"[1, 0, 1, 1, 6, 3, 3, 3, 0, 0, 0, 0, 0, 0, 2, 0, 2, 0, 1, 0, 0, 2, 0, 0, 1, 0, 1, 0, 0, 2, 0, 0, 0, 0, 0, 0, 0, 0, 0, 0, 2, 2, 0, 1, 0, 2, 2, 1, 2, 0, 0, 1, 1, 1, 1, 0, 0, 0, 0, 0, 0, 1, 1, 4, 4, 1, 3, 1, 1, 4, 0, 2, 5, 4, 2, 5, 1, 6, 2, 6, 264, 0, 0, 0, 0, 0, 0]",1,-9.445778080273318,-1,1
1293,"[1, 0, 1, 1, 6, 3, 3, 3, 0, 0, 0, 0, 0, 0, 2, 0, 2, 0, 1, 0, 0, 2, 0, 0, 1, 0, 1, 0, 0, 2, 0, 0, 0, 0, 0, 0, 0, 0, 0, 0, 2, 2, 0, 1, 0, 2, 2, 1, 2, 0, 0, 1, 1, 1, 1, 0, 0, 0, 0, 0, 0, 1, 1, 4, 4, 1, 3, 1, 1, 4, 0, 2, 5, 4, 2, 5, 1, 6, 2, 6, 264, 0, 1, 0, 0, 0, 0]",2,0.41435150845275026,-1,0
1294,"[1, 0, 1, 1, 6, 3, 3, 3, 0, 0, 0, 0, 0, 0, 2, 0, 2, 0, 1, 0, 0, 2, 0, 0, 1, 0, 1, 0, 0, 2, 0, 0, 0, 0, 0, 0, 0, 0, 0, 0, 2, 2, 0, 1, 0, 2, 2, 1, 2, 0, 0, 1, 1, 1, 1, 0, 0, 0, 0, 0, 0, 1, 1, 4, 4, 1, 3, 1, 1, 4, 0, 2, 5, 4, 2, 5, 1, 6, 2, 6, 264, 0, 1, 0, 0, 1, 0]","[[0 0 1 0]
 [0 1 0 0]]",0.6647763735108412,-1,0
1295,"[1, 0, 1, 1, 6, 3, 3, 3, 0, 0, 0, 0, 0, 0, 2, 0, 2, 0, 1, 0, 0, 2, 0, 0, 1, 0, 1, 0, 0, 2, 0, 0, 0, 0, 0, 0, 0, 0, 0, 0, 2, 2, 0, 1, 0, 2, 2, 1, 2, 0, 0, 1, 1, 1, 1, 0, 0, 0, 0, 0, 0, 1, 1, 4, 4, 1, 3, 1, 1, 4, 0, 2, 5, 4, 2, 5, 1, 6, 2, 6, 264, 0, 1, 0, 0, 0, 1]",2,-0.18564849154724972,-1,1
1296,"[1, 0, 1, 1, 6, 3, 3, 3, 0, 0, 0, 0, 0, 0, 2, 0, 2, 0, 1, 0, 0, 2, 0, 0, 1, 0, 1, 0, 0, 2, 0, 0, 0, 0, 0, 0, 0, 0, 0, 0, 2, 2, 0, 1, 0, 2, 2, 1, 2, 0, 0, 1, 1, 1, 1, 0, 0, 0, 0, 0, 0, 1, 1, 4, 4, 1, 3, 1, 1, 4, 0, 2, 5, 4, 2, 5, 1, 6, 2, 6, 264, 0, 0, 0, 0, 0, 0]",-1,-0.003568063477819303,-1,1
1297,"[1, 0, 1, 1, 6, 3, 3, 3, 0, 0, 0, 0, 0, 0, 2, 0, 2, 0, 1, 0, 0, 2, 0, 0, 1, 0, 1, 0, 0, 2, 0, 0, 0, 0, 0, 0, 0, 0, 0, 0, 2, 2, 0, 1, 0, 2, 2, 1, 2, 0, 0, 1, 1, 1, 1, 0, 0, 0, 0, 0, 0, 1, 1, 4, 4, 1, 3, 1, 1, 4, 0, 2, 5, 4, 2, 5, 1, 6, 2, 6, 264, 1, 0, 0, 0, 0, 0]",3,0.2143515084527503,-1,0
1298,"[1, 0, 1, 1, 6, 3, 3, 3, 0, 0, 0, 0, 0, 0, 2, 0, 2, 0, 1, 0, 0, 2, 0, 0, 1, 0, 1, 0, 0, 2, 0, 0, 0, 0, 0, 0, 0, 0, 0, 0, 2, 2, 0, 1, 0, 2, 2, 1, 2, 0, 0, 1, 1, 1, 1, 0, 0, 0, 0, 0, 0, 1, 1, 4, 4, 1, 3, 1, 1, 4, 0, 2, 5, 4, 2, 5, 1, 6, 2, 6, 264, 0, 0, 0, 0, 0, 0]",-1,-0.003568063477819303,-1,0
1299,"[2, 0, 1, 1, 7, 3, 3, 3, 0, 0, 0, 0, 0, 0, 2, 0, 2, 0, 1, 0, 0, 2, 0, 0, 1, 0, 1, 0, 0, 2, 0, 0, 0, 0, 0, 0, 0, 0, 0, 0, 2, 2, 0, 1, 0, 2, 2, 1, 2, 0, 0, 1, 1, 1, 1, 0, 0, 0, 0, 0, 0, 1, 1, 4, 4, 1, 3, 1, 1, 4, 0, 2, 5, 4, 2, 5, 1, 6, 2, 6, 265, 0, 0, 0, 0, 0, 0]",4,16.77473237439815,-1,0
1300,"[3, 0, 1, 1, 8, 3, 3, 3, 0, 0, 0, 0, 0, 0, 2, 0, 2, 0, 1, 0, 0, 2, 0, 0, 1, 0, 1, 0, 0, 2, 0, 0, 0, 0, 0, 0, 0, 0, 0, 0, 2, 2, 0, 1, 0, 2, 2, 1, 2, 0, 0, 1, 1, 1, 1, 0, 0, 0, 0, 0, 0, 1, 1, 4, 4, 1, 3, 1, 1, 4, 0, 2, 5, 4, 2, 5, 1, 6, 2, 6, 266, 0, 0, 0, 0, 0, 0]",4,14.72158693353451,-1,1
1301,"[3, 0, 1, 1, 8, 3, 3, 3, 0, 0, 0, 0, 0, 0, 2, 0, 2, 0, 1, 0, 0, 2, 0, 0, 1, 0, 1, 0, 0, 2, 0, 0, 0, 0, 0, 0, 0, 0, 0, 0, 2, 2, 0, 1, 0, 2, 2, 1, 2, 0, 0, 1, 1, 1, 1, 0, 0, 0, 0, 0, 0, 1, 1, 4, 4, 1, 3, 1, 1, 4, 0, 2, 5, 4, 2, 5, 1, 6, 2, 6, 267, 0, 0, 0, 0, 0, 0]",4,16.51278306377093,-1,0
1302,"[3, 0, 1, 1, 8, 3, 3, 3, 0, 0, 0, 0, 0, 0, 2, 0, 2, 0, 1, 0, 0, 2, 0, 0, 1, 0, 1, 0, 0, 2, 0, 0, 0, 0, 0, 0, 0, 0, 0, 0, 2, 2, 0, 1, 0, 2, 2, 1, 2, 0, 0, 1, 1, 1, 1, 0, 0, 0, 0, 0, 0, 1, 1, 4, 4, 1, 3, 1, 1, 4, 0, 2, 5, 4, 2, 5, 1, 6, 2, 6, 267, 0, 1, 0, 0, 0, 0]",2,0.4128327752810348,-1,1
1303,"[3, 0, 1, 1, 8, 3, 3, 3, 0, 0, 0, 0, 0, 0, 2, 0, 2, 0, 1, 0, 0, 2, 0, 0, 1, 0, 1, 0, 0, 2, 0, 0, 0, 0, 0, 0, 0, 0, 0, 0, 2, 2, 0, 1, 0, 2, 2, 1, 2, 0, 0, 1, 1, 1, 1, 0, 0, 0, 0, 0, 0, 1, 1, 4, 4, 1, 3, 1, 1, 4, 0, 2, 5, 4, 2, 5, 1, 6, 2, 6, 267, 0, 1, 0, 0, 1, 0]","[[3 1 1 1]
 [2 0 1 1]]",-0.16328290023839487,-1,1
1304,"[3, 0, 1, 1, 8, 3, 3, 3, 0, 0, 0, 0, 0, 0, 2, 0, 2, 0, 1, 0, 0, 2, 0, 0, 1, 0, 1, 0, 0, 2, 0, 0, 0, 0, 0, 0, 0, 0, 0, 0, 2, 2, 0, 1, 0, 2, 2, 1, 2, 0, 0, 1, 1, 1, 1, 0, 0, 0, 0, 0, 0, 1, 1, 4, 4, 1, 3, 1, 1, 4, 0, 2, 5, 4, 2, 5, 1, 6, 2, 6, 267, 0, 0, 0, 0, 0, 0]",1,-0.1871672247189652,-1,0
1305,"[3, 0, 1, 1, 8, 3, 3, 3, 0, 0, 0, 0, 0, 0, 2, 0, 2, 0, 1, 0, 0, 2, 0, 0, 1, 0, 1, 0, 0, 2, 0, 0, 0, 0, 0, 0, 0, 0, 0, 0, 2, 2, 0, 1, 0, 2, 2, 1, 2, 0, 0, 1, 1, 1, 1, 0, 0, 0, 0, 0, 0, 1, 1, 4, 4, 1, 3, 1, 1, 4, 0, 2, 5, 4, 2, 5, 1, 6, 2, 6, 267, 0, 0, 0, 0, 0, 0]",0,0.3078075221116181,-1,1
1306,"[3, 0, 1, 1, 7, 2, 3, 3, 0, 0, 0, 0, 0, 0, 2, 0, 2, 0, 1, 0, 0, 2, 0, 0, 1, 0, 1, 0, 0, 2, 0, 0, 0, 0, 0, 0, 0, 0, 0, 0, 2, 2, 0, 1, 0, 2, 2, 1, 2, 0, 2, 1, 1, 1, 1, 0, 0, 0, 0, 0, 0, 1, 1, 4, 4, 1, 3, 1, 1, 4, 0, 2, 5, 4, 2, 5, 1, 6, 2, 6, 267, 0, 0, 0, 0, 0, 0]",18,0.5028072564086473,-1,1
1307,"[3, 0, 1, 1, 7, 2, 3, 3, 0, 0, 0, 0, 0, 0, 2, 0, 2, 0, 1, 0, 0, 2, 0, 0, 1, 0, 1, 0, 0, 2, 0, 0, 0, 0, 0, 0, 0, 0, 0, 0, 2, 2, 0, 1, 0, 2, 2, 1, 2, 0, 2, 1, 1, 1, 1, 0, 0, 0, 0, 0, 0, 1, 1, 4, 4, 1, 3, 1, 1, 4, 0, 2, 5, 4, 2, 5, 1, 6, 2, 6, 267, 0, 0, 0, 0, 0, 0]",-1,-0.0034626112654673,-1,1
1308,"[4, 0, 1, 1, 8, 2, 3, 3, 0, 0, 0, 0, 0, 0, 2, 0, 2, 0, 1, 0, 0, 2, 0, 0, 1, 0, 1, 0, 0, 2, 0, 0, 0, 0, 0, 0, 0, 0, 0, 0, 2, 2, 0, 1, 0, 2, 2, 1, 2, 0, 2, 1, 1, 1, 1, 0, 0, 0, 0, 0, 0, 1, 1, 4, 4, 1, 3, 1, 1, 4, 0, 2, 5, 4, 2, 5, 1, 6, 2, 6, 268, 0, 0, 0, 0, 0, 0]",4,15.78869452580853,-1,1
1309,"[4, 0, 1, 1, 8, 2, 3, 3, 0, 0, 0, 0, 0, 0, 2, 0, 2, 0, 1, 0, 0, 2, 0, 0, 1, 0, 1, 0, 0, 2, 0, 0, 0, 0, 0, 0, 0, 0, 0, 0, 2, 2, 0, 1, 0, 2, 2, 1, 2, 0, 2, 1, 1, 1, 1, 0, 0, 0, 0, 0, 0, 1, 1, 4, 4, 1, 3, 1, 1, 4, 0, 2, 5, 4, 2, 5, 1, 6, 2, 6, 268, 0, 0, 0, 0, 0, 0]",0,0.19576648350633402,-1,0
1310,"[4, 0, 1, 1, 8, 2, 3, 3, 0, 0, 0, 0, 0, 0, 2, 0, 2, 0, 1, 0, 0, 2, 0, 0, 1, 0, 1, 0, 0, 2, 0, 0, 0, 0, 0, 0, 0, 0, 0, 0, 2, 2, 0, 1, 0, 2, 2, 1, 2, 0, 2, 1, 1, 1, 1, 0, 0, 0, 0, 0, 0, 1, 1, 4, 4, 1, 3, 1, 1, 4, 0, 2, 5, 4, 2, 5, 1, 6, 2, 6, 268, 0, 0, 0, 0, 0, 0]",-1,-0.0034281577077138956,-1,0
1311,"[4, 0, 1, 1, 8, 2, 3, 3, 0, 0, 0, 0, 0, 0, 2, 0, 2, 0, 1, 0, 0, 2, 0, 0, 1, 0, 1, 0, 0, 2, 0, 0, 0, 0, 0, 0, 0, 0, 0, 0, 2, 2, 0, 1, 0, 2, 2, 1, 2, 0, 2, 1, 1, 1, 1, 0, 0, 0, 0, 0, 0, 1, 1, 4, 4, 1, 3, 1, 1, 4, 0, 2, 5, 4, 2, 5, 1, 6, 2, 6, 268, 1, 0, 0, 0, 0, 0]",3,0.21236069325271772,-1,0
1312,"[2, 1, 1, 1, 8, 2, 3, 3, 0, 0, 0, 0, 0, 0, 2, 0, 2, 0, 1, 0, 0, 2, 0, 0, 1, 0, 1, 0, 0, 2, 0, 0, 0, 0, 0, 0, 0, 0, 0, 0, 2, 2, 0, 1, 0, 2, 2, 1, 2, 0, 2, 1, 1, 1, 1, 0, 0, 0, 0, 0, 0, 1, 1, 4, 4, 1, 3, 1, 1, 4, 0, 2, 5, 4, 2, 5, 1, 6, 2, 6, 268, 0, 0, 0, 0, 0, 0]","[[2 0 0 0]
 [0 1 0 0]]",-0.18618162483624123,-1,0
1313,"[2, 1, 1, 1, 8, 2, 3, 3, 0, 0, 0, 0, 0, 0, 2, 0, 2, 0, 1, 0, 0, 2, 0, 0, 1, 0, 1, 0, 0, 2, 0, 0, 0, 0, 0, 0, 0, 0, 0, 0, 2, 2, 0, 1, 0, 2, 2, 1, 2, 0, 2, 1, 1, 1, 1, 0, 0, 0, 0, 0, 0, 1, 1, 4, 4, 1, 3, 1, 1, 4, 0, 2, 5, 4, 2, 5, 1, 6, 2, 6, 268, 0, 0, 0, 0, 0, 0]",0,0.19576648350633402,-1,0
1314,"[2, 1, 1, 1, 8, 2, 3, 3, 0, 0, 0, 0, 0, 0, 2, 0, 2, 0, 1, 0, 0, 2, 0, 0, 1, 0, 1, 0, 0, 2, 0, 0, 0, 0, 0, 0, 0, 0, 0, 0, 2, 2, 0, 1, 0, 2, 2, 1, 2, 0, 2, 1, 1, 1, 1, 0, 0, 0, 0, 0, 0, 1, 1, 4, 4, 1, 3, 1, 1, 4, 0, 2, 5, 4, 2, 5, 1, 6, 2, 6, 268, 0, 0, 0, 0, 0, 0]",-1,-0.0034281577077138956,-1,0
1315,"[2, 1, 1, 1, 8, 2, 3, 3, 0, 0, 0, 0, 0, 0, 2, 0, 2, 0, 1, 0, 0, 2, 0, 0, 1, 0, 1, 0, 0, 2, 0, 0, 0, 0, 0, 0, 0, 0, 0, 0, 2, 2, 0, 1, 0, 2, 2, 1, 2, 0, 2, 1, 1, 1, 1, 0, 0, 0, 0, 0, 0, 1, 1, 4, 4, 1, 3, 1, 1, 4, 0, 2, 5, 4, 2, 5, 1, 6, 2, 6, 268, 0, 0, 0, 0, 0, 0]",1,0.44714865185189184,-1,0
1316,"[2, 1, 1, 1, 8, 2, 3, 3, 0, 0, 0, 0, 0, 0, 2, 0, 2, 0, 1, 0, 0, 2, 0, 0, 1, 0, 1, 0, 0, 2, 0, 0, 0, 0, 0, 0, 0, 0, 0, 0, 2, 2, 0, 1, 0, 2, 2, 1, 2, 0, 2, 1, 1, 1, 1, 0, 0, 0, 0, 0, 0, 1, 1, 4, 4, 1, 3, 1, 1, 4, 0, 2, 5, 4, 2, 5, 1, 6, 2, 6, 268, 0, 0, 0, 0, 0, 0]",-1,-0.0034281577077138956,-1,0
1317,"[2, 1, 1, 1, 8, 2, 3, 3, 0, 0, 0, 0, 0, 0, 2, 0, 2, 0, 1, 0, 0, 2, 0, 0, 1, 0, 1, 0, 0, 2, 0, 0, 0, 0, 0, 0, 0, 0, 0, 0, 2, 2, 0, 1, 0, 2, 2, 1, 2, 0, 2, 1, 1, 1, 1, 0, 0, 0, 0, 0, 0, 1, 1, 4, 4, 1, 3, 1, 1, 4, 0, 2, 5, 4, 2, 5, 1, 6, 2, 6, 268, 1, 0, 0, 0, 0, 0]",3,0.21236069325271772,-1,0
1318,"[0, 2, 1, 1, 8, 2, 3, 3, 0, 0, 0, 0, 0, 0, 2, 0, 2, 0, 1, 0, 0, 2, 0, 0, 1, 0, 1, 0, 0, 2, 0, 0, 0, 0, 0, 0, 0, 0, 0, 0, 2, 2, 0, 1, 0, 2, 2, 1, 2, 0, 2, 1, 1, 1, 1, 0, 0, 0, 0, 0, 0, 1, 1, 4, 4, 1, 3, 1, 1, 4, 0, 2, 5, 4, 2, 5, 1, 6, 2, 6, 268, 0, 0, 0, 0, 0, 0]","[[2 0 0 0]
 [0 1 0 0]]",-0.18618162483624123,-1,0
1319,"[0, 2, 3, 1, 8, 2, 4, 3, 0, 0, 0, 0, 0, 0, 2, 0, 2, 0, 1, 0, 0, 2, 0, 0, 1, 0, 1, 0, 0, 2, 0, 0, 0, 0, 0, 0, 0, 0, 0, 0, 2, 2, 0, 1, 0, 2, 2, 1, 2, 0, 2, 1, 1, 1, 1, 0, 0, 0, 0, 0, 0, 1, 1, 4, 4, 1, 3, 1, 1, 4, 0, 2, 5, 4, 2, 5, 1, 6, 2, 6, 269, 0, 0, 0, 0, 0, 0]",4,16.541015657225238,-1,0
1320,"[0, 1, 1, 1, 4, 1, 2, 1, 0, 0, 0, 0, 0, 0, 2, 0, 2, 0, 1, 0, 0, 2, 0, 0, 1, 0, 1, 0, 0, 2, 0, 0, 0, 0, 0, 0, 0, 0, 0, 0, 2, 2, 0, 1, 0, 2, 2, 1, 2, 0, 2, 1, 1, 1, 1, 0, 0, 0, 0, 0, 0, 1, 1, 4, 4, 1, 3, 1, 1, 4, 0, 2, 5, 4, 2, 5, 1, 6, 2, 3, 270, 0, 0, 0, 0, 0, 0]",4,15.90984303740079,-1,1
1321,"[0, 1, 1, 1, 4, 1, 2, 1, 0, 0, 0, 0, 0, 0, 2, 0, 2, 0, 1, 0, 0, 2, 0, 0, 1, 0, 1, 0, 0, 2, 0, 0, 0, 0, 0, 0, 0, 0, 0, 0, 2, 2, 0, 1, 0, 2, 2, 1, 2, 0, 2, 1, 1, 1, 1, 0, 0, 0, 0, 0, 0, 1, 1, 4, 4, 1, 3, 1, 1, 4, 0, 2, 5, 4, 2, 5, 1, 6, 2, 3, 270, 0, 0, 0, 0, 0, 0]",0,0.19487062543339004,-1,0
1322,"[0, 1, 1, 1, 4, 1, 2, 1, 0, 0, 0, 0, 0, 0, 2, 0, 2, 0, 1, 0, 0, 2, 0, 0, 1, 0, 1, 0, 0, 2, 0, 0, 0, 0, 0, 0, 0, 0, 0, 0, 2, 2, 0, 1, 0, 2, 2, 1, 2, 0, 2, 1, 1, 1, 1, 0, 0, 0, 0, 0, 0, 1, 1, 4, 4, 1, 3, 1, 1, 4, 0, 2, 5, 4, 2, 5, 1, 6, 2, 3, 270, 0, 0, 0, 0, 0, 0]",-1,-0.003360275636987488,-1,0
1323,"[0, 1, 1, 1, 4, 1, 2, 1, 0, 0, 0, 0, 0, 0, 2, 0, 2, 0, 1, 0, 0, 2, 0, 0, 1, 0, 1, 0, 0, 2, 0, 0, 0, 0, 0, 0, 0, 0, 0, 0, 2, 2, 0, 1, 0, 2, 2, 1, 2, 0, 2, 1, 1, 1, 1, 0, 0, 0, 0, 0, 0, 1, 1, 4, 4, 1, 3, 1, 1, 4, 0, 2, 5, 4, 2, 5, 1, 6, 2, 3, 270, 0, 1, 0, 0, 0, 0]",2,0.4114648351797737,-1,0
1324,"[0, 1, 1, 1, 4, 1, 2, 1, 0, 0, 0, 0, 0, 0, 2, 0, 2, 0, 1, 0, 0, 2, 0, 0, 1, 0, 1, 0, 0, 2, 0, 0, 0, 0, 0, 0, 0, 0, 0, 0, 2, 2, 0, 1, 0, 2, 2, 1, 2, 0, 2, 1, 1, 1, 1, 0, 0, 0, 0, 0, 0, 1, 1, 4, 4, 1, 3, 1, 1, 4, 0, 2, 5, 4, 2, 5, 1, 6, 2, 3, 270, 0, 1, 0, 0, 1, 0]","[[0 1 0 0]
 [0 0 0 1]]",0.6618897002378646,-1,0
1325,"[0, 0, 1, 2, 4, 2, 2, 0, 0, 0, 0, 0, 0, 0, 2, 0, 2, 0, 1, 0, 0, 2, 0, 0, 1, 0, 1, 0, 0, 2, 0, 0, 0, 0, 0, 0, 0, 0, 0, 0, 2, 2, 0, 1, 0, 2, 2, 1, 2, 0, 2, 1, 1, 1, 1, 0, 0, 0, 0, 0, 0, 1, 1, 4, 4, 1, 3, 1, 1, 4, 0, 2, 5, 4, 2, 5, 1, 6, 2, 3, 270, 0, 0, 0, 0, 0, 0]",0,-0.18853516482022628,-1,1
1326,"[0, 0, 1, 2, 4, 2, 2, 0, 0, 0, 0, 0, 0, 0, 2, 0, 2, 0, 1, 0, 0, 2, 0, 0, 1, 0, 1, 0, 0, 2, 0, 0, 0, 0, 0, 0, 0, 0, 0, 0, 2, 2, 0, 1, 0, 2, 2, 1, 2, 0, 2, 1, 1, 1, 1, 0, 0, 0, 0, 0, 0, 1, 1, 4, 4, 1, 3, 1, 1, 4, 0, 2, 5, 4, 2, 5, 1, 6, 2, 3, 271, 0, 0, 0, 0, 0, 0]",4,16.45342930065054,-1,0
1327,"[0, 0, 1, 2, 4, 2, 2, 0, 0, 0, 0, 0, 0, 0, 2, 0, 2, 0, 1, 0, 0, 2, 0, 0, 1, 0, 1, 0, 0, 2, 0, 0, 0, 0, 0, 0, 0, 0, 0, 0, 2, 2, 0, 1, 0, 2, 2, 1, 2, 0, 2, 1, 1, 1, 1, 0, 0, 0, 0, 0, 0, 1, 1, 4, 4, 1, 3, 1, 1, 4, 0, 2, 5, 4, 2, 5, 1, 6, 2, 3, 271, 1, 0, 0, 0, 0, 0]",3,0.21104010755658686,-1,1
1328,"[0, 0, 1, 2, 4, 2, 2, 0, 0, 0, 0, 0, 0, 0, 2, 0, 2, 0, 1, 0, 0, 2, 0, 0, 1, 0, 1, 0, 0, 2, 0, 0, 0, 0, 0, 0, 0, 0, 0, 0, 2, 2, 0, 1, 0, 2, 2, 1, 2, 0, 2, 1, 1, 1, 1, 0, 0, 0, 0, 0, 0, 1, 1, 4, 4, 1, 3, 1, 1, 4, 0, 2, 5, 4, 2, 5, 1, 6, 2, 3, 271, 0, 0, 0, 0, 0, 0]",-1,-0.003326840335750843,-1,1
1329,"[0, 0, 1, 2, 4, 2, 2, 2, 0, 0, 0, 0, 0, 0, 2, 0, 2, 0, 1, 0, 0, 2, 0, 0, 1, 0, 1, 0, 0, 2, 0, 0, 0, 0, 0, 0, 0, 0, 0, 0, 2, 2, 0, 1, 0, 2, 2, 1, 2, 0, 2, 1, 1, 1, 1, 0, 0, 0, 0, 0, 0, 1, 1, 4, 4, 1, 3, 1, 1, 4, 0, 2, 5, 4, 2, 5, 1, 6, 2, 3, 272, 0, 0, 0, 0, 0, 0]",4,16.452952549771094,-1,0
1330,"[0, 0, 1, 1, 2, 1, 1, 1, 0, 0, 0, 0, 0, 0, 2, 0, 2, 0, 1, 0, 0, 2, 0, 0, 1, 0, 1, 0, 0, 2, 0, 0, 0, 0, 0, 0, 0, 0, 0, 0, 2, 2, 0, 1, 0, 2, 2, 1, 2, 0, 2, 1, 1, 1, 1, 0, 0, 0, 0, 0, 0, 1, 1, 4, 4, 1, 3, 1, 1, 4, 0, 2, 5, 4, 2, 5, 1, 6, 2, 1, 273, 0, 0, 0, 0, 0, 0]",4,16.3434214347714,-1,1
1331,"[0, 0, 1, 1, 2, 1, 1, 1, 0, 0, 0, 0, 0, 0, 2, 0, 2, 0, 1, 0, 0, 2, 0, 0, 1, 0, 1, 0, 0, 2, 0, 0, 0, 0, 0, 0, 0, 0, 0, 0, 2, 2, 0, 1, 0, 2, 2, 1, 2, 0, 2, 1, 1, 1, 1, 0, 0, 0, 0, 0, 0, 1, 1, 4, 4, 1, 3, 1, 1, 4, 0, 2, 5, 4, 2, 5, 1, 6, 2, 1, 273, 0, 1, 0, 0, 0, 0]",2,0.4102347401834183,-1,0
1332,"[0, 0, 1, 1, 2, 1, 1, 1, 0, 0, 0, 0, 0, 0, 2, 0, 2, 0, 1, 0, 0, 2, 0, 0, 1, 0, 1, 0, 0, 2, 0, 0, 0, 0, 0, 0, 0, 0, 0, 0, 2, 2, 0, 1, 0, 2, 2, 1, 2, 0, 2, 1, 1, 1, 1, 0, 0, 0, 0, 0, 0, 1, 1, 4, 4, 1, 3, 1, 1, 4, 0, 2, 5, 4, 2, 5, 1, 6, 2, 1, 273, 0, 1, 0, 0, 1, 0]","[[0 0 1 0]
 [0 0 0 1]]",0.6606596052415092,-1,0
1333,"[0, 0, 1, 1, 2, 1, 1, 1, 0, 0, 0, 0, 0, 0, 2, 0, 2, 0, 1, 0, 0, 2, 0, 0, 1, 0, 1, 0, 0, 2, 0, 0, 0, 0, 0, 0, 0, 0, 0, 0, 2, 2, 0, 1, 0, 2, 2, 1, 2, 0, 2, 1, 1, 1, 1, 0, 0, 0, 0, 0, 0, 1, 1, 4, 4, 1, 3, 1, 1, 4, 0, 2, 5, 4, 2, 5, 1, 6, 2, 1, 273, 0, 1, 0, 0, 0, 1]",2,-0.18976525981658168,-1,1
1334,"[0, 0, 1, 1, 2, 1, 1, 1, 0, 0, 0, 0, 0, 0, 2, 0, 2, 0, 1, 0, 0, 2, 0, 0, 1, 0, 1, 0, 0, 2, 0, 0, 0, 0, 0, 0, 0, 0, 0, 0, 2, 2, 0, 1, 0, 2, 2, 1, 2, 0, 2, 1, 1, 1, 1, 0, 0, 0, 0, 0, 0, 1, 1, 4, 4, 1, 3, 1, 1, 4, 0, 2, 5, 4, 2, 5, 1, 6, 2, 1, 273, 0, 0, 1, 0, 0, 0]","[[1 0 0 0]
 [0 0 1 1]]",-0.18976525981658168,-1,1
1335,"[0, 0, 1, 1, 2, 1, 1, 1, 0, 0, 0, 0, 0, 0, 2, 0, 2, 0, 1, 0, 0, 2, 0, 0, 1, 0, 1, 0, 0, 2, 0, 0, 0, 0, 0, 0, 0, 0, 0, 0, 2, 2, 0, 1, 0, 2, 2, 1, 2, 0, 2, 1, 1, 1, 1, 0, 0, 0, 0, 0, 0, 1, 1, 4, 4, 1, 3, 1, 1, 4, 0, 2, 5, 4, 2, 5, 1, 6, 2, 1, 273, 0, 0, 0, 0, 0, 0]",1,-3.8274850194415366,-1,0
1336,"[0, 0, 1, 1, 4, 1, 1, 1, 0, 0, 0, 0, 0, 0, 2, 0, 2, 0, 1, 0, 0, 2, 0, 0, 1, 0, 1, 0, 0, 2, 0, 0, 0, 0, 0, 0, 0, 0, 0, 0, 2, 2, 0, 1, 0, 2, 2, 1, 2, 0, 2, 1, 1, 1, 1, 0, 0, 0, 0, 0, 0, 1, 1, 4, 4, 1, 3, 1, 1, 4, 0, 2, 5, 4, 2, 5, 1, 6, 2, 1, 274, 0, 0, 0, 0, 0, 0]",4,16.655838301477388,-1,0
1337,"[0, 0, 1, 1, 4, 1, 1, 1, 0, 0, 0, 0, 0, 0, 2, 0, 2, 0, 1, 0, 0, 2, 0, 0, 1, 0, 1, 0, 0, 2, 0, 0, 0, 0, 0, 0, 0, 0, 0, 0, 2, 2, 0, 1, 0, 2, 2, 1, 2, 0, 2, 1, 1, 1, 1, 0, 0, 0, 0, 0, 0, 1, 1, 4, 4, 1, 3, 1, 1, 4, 0, 2, 5, 4, 2, 5, 1, 6, 2, 1, 274, 1, 0, 0, 0, 0, 0]",3,0.20985320121680537,-1,1
1338,"[0, 0, 1, 1, 4, 1, 1, 1, 0, 0, 0, 0, 0, 0, 2, 0, 2, 0, 1, 0, 0, 2, 0, 0, 1, 0, 1, 0, 0, 2, 0, 0, 0, 0, 0, 0, 0, 0, 0, 0, 2, 2, 0, 1, 0, 2, 2, 1, 2, 0, 2, 1, 1, 1, 1, 0, 0, 0, 0, 0, 0, 1, 1, 4, 4, 1, 3, 1, 1, 4, 0, 2, 5, 4, 2, 5, 1, 6, 2, 1, 274, 0, 0, 0, 0, 0, 0]",-1,-0.0032285173446584235,-1,1
1339,"[0, 0, 1, 1, 4, 1, 1, 1, 0, 0, 0, 0, 0, 0, 2, 0, 2, 0, 1, 0, 0, 2, 0, 0, 1, 0, 1, 0, 0, 2, 0, 0, 0, 0, 0, 0, 0, 0, 0, 0, 2, 2, 0, 1, 0, 2, 2, 1, 2, 0, 2, 1, 1, 1, 1, 0, 0, 0, 0, 0, 0, 1, 1, 4, 4, 1, 3, 1, 1, 4, 0, 2, 5, 4, 2, 5, 1, 6, 2, 1, 274, 0, 1, 0, 0, 0, 0]",2,0.40985320121680535,-1,0
1340,"[0, 0, 1, 1, 4, 1, 1, 1, 0, 0, 0, 0, 0, 0, 2, 0, 2, 0, 1, 0, 0, 2, 0, 0, 1, 0, 1, 0, 0, 2, 0, 0, 0, 0, 0, 0, 0, 0, 0, 0, 2, 2, 0, 1, 0, 2, 2, 1, 2, 0, 2, 1, 1, 1, 1, 0, 0, 0, 0, 0, 0, 1, 1, 4, 4, 1, 3, 1, 1, 4, 0, 2, 5, 4, 2, 5, 1, 6, 2, 1, 274, 0, 1, 0, 0, 1, 0]","[[0 0 1 0]
 [1 0 0 0]]",0.6602780662748963,-1,0
1341,"[1, 0, 0, 1, 3, 1, 2, 1, 0, 0, 0, 0, 0, 0, 2, 0, 2, 0, 1, 0, 0, 2, 0, 0, 1, 0, 1, 0, 0, 2, 0, 0, 0, 0, 0, 0, 0, 0, 0, 0, 2, 2, 0, 1, 0, 2, 2, 1, 2, 0, 2, 1, 1, 1, 1, 0, 0, 0, 0, 0, 0, 1, 1, 4, 4, 1, 3, 1, 1, 4, 0, 2, 5, 4, 2, 5, 1, 6, 2, 1, 274, 0, 0, 0, 0, 0, 0]",0,-0.19014679878319465,-1,1
1342,"[1, 0, 0, 1, 3, 1, 2, 1, 0, 0, 0, 0, 0, 0, 2, 0, 2, 0, 1, 0, 0, 2, 0, 0, 1, 0, 1, 0, 0, 2, 0, 0, 0, 0, 0, 0, 0, 0, 0, 0, 2, 2, 0, 1, 0, 2, 2, 1, 2, 0, 2, 1, 1, 1, 1, 0, 0, 0, 0, 0, 0, 1, 1, 4, 4, 1, 3, 1, 1, 4, 0, 2, 5, 4, 2, 5, 1, 6, 2, 1, 275, 0, 0, 0, 0, 0, 0]",4,16.655405380618603,-1,0
1343,"[1, 0, 0, 1, 3, 1, 2, 1, 0, 0, 0, 0, 0, 0, 2, 0, 2, 0, 1, 0, 0, 2, 0, 0, 1, 0, 1, 0, 0, 2, 0, 0, 0, 0, 0, 0, 0, 0, 0, 0, 2, 2, 0, 1, 0, 2, 2, 1, 2, 0, 2, 1, 1, 1, 1, 0, 0, 0, 0, 0, 0, 1, 1, 4, 4, 1, 3, 1, 1, 4, 0, 2, 5, 4, 2, 5, 1, 6, 2, 1, 275, 0, 0, 0, 0, 0, 0]",0,0.25220404705908644,-1,1
1344,"[1, 0, 0, 1, 3, 1, 2, 1, 0, 0, 0, 0, 0, 0, 2, 0, 2, 0, 1, 0, 0, 2, 0, 0, 1, 0, 1, 0, 0, 2, 0, 0, 0, 0, 0, 0, 0, 0, 0, 0, 2, 2, 0, 1, 0, 2, 2, 1, 2, 0, 2, 1, 1, 1, 1, 0, 0, 0, 0, 0, 0, 1, 1, 4, 4, 1, 3, 1, 1, 4, 0, 2, 5, 4, 2, 5, 1, 6, 2, 1, 275, 0, 0, 0, 0, 0, 0]",-1,-0.0031963930603353787,-1,1
1345,"[1, 0, 0, 1, 3, 1, 2, 1, 0, 0, 0, 0, 0, 0, 2, 0, 2, 0, 1, 0, 0, 2, 0, 0, 1, 0, 1, 0, 0, 2, 0, 0, 0, 0, 0, 0, 0, 0, 0, 0, 2, 2, 0, 1, 0, 2, 2, 1, 2, 0, 2, 1, 1, 1, 1, 0, 0, 0, 0, 0, 0, 1, 1, 4, 4, 1, 3, 1, 1, 4, 0, 2, 5, 4, 2, 5, 1, 6, 2, 1, 275, 0, 1, 0, 0, 0, 0]",2,0.4094851746355133,-1,0
1346,"[1, 0, 0, 1, 3, 1, 2, 1, 0, 0, 0, 0, 0, 0, 2, 0, 2, 0, 1, 0, 0, 2, 0, 0, 1, 0, 1, 0, 0, 2, 0, 0, 0, 0, 0, 0, 0, 0, 0, 0, 2, 2, 0, 1, 0, 2, 2, 1, 2, 0, 2, 1, 1, 1, 1, 0, 0, 0, 0, 0, 0, 1, 1, 4, 4, 1, 3, 1, 1, 4, 0, 2, 5, 4, 2, 5, 1, 6, 2, 1, 275, 0, 1, 0, 0, 1, 0]","[[0 0 0 1]
 [0 1 0 0]]",0.6599100396936042,-1,0
1347,"[1, 1, 0, 0, 3, 0, 2, 2, 0, 0, 0, 0, 0, 0, 2, 0, 2, 0, 1, 0, 0, 2, 0, 0, 1, 0, 1, 0, 0, 2, 0, 0, 0, 0, 0, 0, 0, 0, 0, 0, 2, 2, 0, 1, 0, 2, 2, 1, 2, 0, 2, 1, 1, 1, 1, 0, 0, 0, 0, 0, 0, 1, 1, 4, 4, 1, 3, 1, 1, 4, 0, 2, 5, 4, 2, 5, 1, 6, 2, 1, 275, 0, 0, 0, 0, 0, 0]",0,-0.19051482536448666,-1,1
1348,"[1, 1, 0, 0, 3, 0, 2, 2, 0, 0, 0, 0, 0, 0, 2, 0, 2, 0, 1, 0, 0, 2, 0, 0, 1, 0, 1, 0, 0, 2, 0, 0, 0, 0, 0, 0, 0, 0, 0, 0, 2, 2, 0, 1, 0, 2, 2, 1, 2, 0, 2, 1, 1, 1, 1, 0, 0, 0, 0, 0, 0, 1, 1, 4, 4, 1, 3, 1, 1, 4, 0, 2, 5, 4, 2, 5, 1, 6, 2, 1, 275, 0, 1, 0, 0, 0, 0]",2,0.4094851746355133,-1,0
1349,"[1, 1, 0, 0, 3, 0, 2, 2, 0, 0, 0, 0, 0, 0, 2, 0, 2, 0, 1, 0, 0, 2, 0, 0, 1, 0, 1, 0, 0, 2, 0, 0, 0, 0, 0, 0, 0, 0, 0, 0, 2, 2, 0, 1, 0, 2, 2, 1, 2, 0, 2, 1, 1, 1, 1, 0, 0, 0, 0, 0, 0, 1, 1, 4, 4, 1, 3, 1, 1, 4, 0, 2, 5, 4, 2, 5, 1, 6, 2, 1, 275, 0, 1, 0, 0, 1, 0]","[[1 0 0 0]
 [0 0 1 0]]",0.6599100396936042,-1,0
1350,"[1, 1, 0, 0, 3, 0, 2, 2, 0, 0, 0, 0, 0, 0, 2, 0, 2, 0, 1, 0, 0, 2, 0, 0, 1, 0, 1, 0, 0, 2, 0, 0, 0, 0, 0, 0, 0, 0, 0, 0, 2, 2, 0, 1, 0, 2, 2, 1, 2, 0, 2, 1, 1, 1, 1, 0, 0, 0, 0, 0, 0, 1, 1, 4, 4, 1, 3, 1, 1, 4, 0, 2, 5, 4, 2, 5, 1, 6, 2, 1, 275, 0, 0, 0, 0, 0, 0]",1,-11.504223324349248,-1,1
1351,"[1, 1, 0, 0, 3, 0, 2, 2, 0, 0, 0, 0, 0, 0, 2, 0, 2, 0, 1, 0, 0, 2, 0, 0, 1, 0, 1, 0, 0, 2, 0, 0, 0, 0, 0, 0, 0, 0, 0, 0, 2, 2, 0, 1, 0, 2, 2, 1, 2, 0, 2, 1, 1, 1, 1, 0, 0, 0, 0, 0, 0, 1, 1, 4, 4, 1, 3, 1, 1, 4, 0, 2, 5, 4, 2, 5, 1, 6, 2, 1, 275, 0, 0, 0, 0, 0, 0]",0,0.19289096488912966,-1,0
1352,"[1, 1, 0, 0, 3, 0, 2, 2, 0, 0, 0, 0, 0, 0, 2, 0, 2, 0, 1, 0, 0, 2, 0, 0, 1, 0, 1, 0, 0, 2, 0, 0, 0, 0, 0, 0, 0, 0, 0, 0, 2, 2, 0, 1, 0, 2, 2, 1, 2, 0, 2, 1, 1, 1, 1, 0, 0, 0, 0, 0, 0, 1, 1, 4, 4, 1, 3, 1, 1, 4, 0, 2, 5, 4, 2, 5, 1, 6, 2, 1, 275, 0, 0, 0, 0, 0, 0]",-1,-0.0031963930603353787,-1,0
1353,"[1, 1, 0, 0, 3, 0, 2, 2, 0, 0, 0, 0, 0, 0, 2, 0, 2, 0, 1, 0, 0, 2, 0, 0, 1, 0, 1, 0, 0, 2, 0, 0, 0, 0, 0, 0, 0, 0, 0, 0, 2, 2, 0, 1, 0, 2, 2, 1, 2, 0, 2, 1, 1, 1, 1, 0, 0, 0, 0, 0, 0, 1, 1, 4, 4, 1, 3, 1, 1, 4, 0, 2, 5, 4, 2, 5, 1, 6, 2, 1, 275, 1, 0, 0, 0, 0, 0]",3,0.20948517463551336,-1,0
1354,"[1, 1, 0, 0, 3, 0, 2, 2, 0, 0, 0, 0, 0, 0, 2, 0, 2, 0, 1, 0, 0, 2, 0, 0, 1, 0, 1, 0, 0, 2, 0, 0, 0, 0, 0, 0, 0, 0, 0, 0, 2, 2, 0, 1, 0, 2, 2, 1, 2, 0, 2, 1, 1, 1, 1, 0, 0, 0, 0, 0, 0, 1, 1, 4, 4, 1, 3, 1, 1, 4, 0, 2, 5, 4, 2, 5, 1, 6, 2, 1, 275, 0, 0, 0, 0, 0, 0]",-1,-0.0031963930603353787,-1,0
1355,"[1, 1, 0, 0, 3, 0, 2, 2, 0, 0, 0, 0, 0, 0, 2, 0, 2, 0, 1, 0, 0, 2, 0, 0, 1, 0, 1, 0, 0, 2, 0, 0, 0, 0, 0, 0, 0, 0, 0, 0, 2, 2, 0, 1, 0, 2, 2, 1, 2, 0, 2, 1, 1, 1, 1, 0, 0, 0, 0, 0, 0, 1, 1, 4, 4, 1, 3, 1, 1, 4, 0, 2, 5, 4, 2, 5, 1, 6, 2, 1, 276, 0, 0, 0, 0, 0, 0]",4,16.654986191571332,-1,0
1356,"[1, 1, 0, 0, 3, 0, 2, 2, 0, 0, 0, 0, 0, 0, 2, 0, 2, 0, 1, 0, 0, 2, 0, 0, 1, 0, 1, 0, 0, 2, 0, 0, 0, 0, 0, 0, 0, 0, 0, 0, 2, 2, 0, 1, 0, 2, 2, 1, 2, 0, 2, 1, 1, 1, 1, 0, 0, 0, 0, 0, 0, 1, 1, 4, 4, 1, 3, 1, 1, 4, 0, 2, 5, 4, 2, 5, 1, 6, 2, 1, 276, 0, 0, 0, 0, 0, 0]",-1,-0.0031645884179820356,-1,1
1357,"[1, 1, 0, 0, 3, 0, 2, 2, 0, 0, 0, 0, 0, 0, 2, 0, 2, 0, 1, 0, 0, 2, 0, 0, 1, 0, 1, 0, 0, 2, 0, 0, 0, 0, 0, 0, 0, 0, 0, 0, 2, 2, 0, 1, 0, 2, 2, 1, 2, 0, 2, 1, 1, 1, 1, 0, 0, 0, 0, 0, 0, 1, 1, 4, 4, 1, 3, 1, 1, 4, 0, 2, 5, 4, 2, 5, 1, 6, 2, 1, 276, 0, 0, 0, 0, 0, 0]",-1,-0.0031645884179820356,-1,1
1358,"[1, 1, 0, 0, 3, 0, 2, 2, 0, 0, 0, 0, 0, 0, 2, 0, 2, 0, 1, 0, 0, 2, 0, 0, 1, 0, 1, 0, 0, 2, 0, 0, 0, 0, 0, 0, 0, 0, 0, 0, 2, 2, 0, 1, 0, 2, 2, 1, 2, 0, 2, 1, 1, 1, 1, 0, 0, 0, 0, 0, 0, 1, 1, 4, 4, 1, 3, 1, 1, 4, 0, 2, 5, 4, 2, 5, 1, 6, 2, 1, 277, 0, 0, 0, 0, 0, 0]",4,15.938970472403012,-1,1
1359,"[1, 1, 0, 0, 3, 0, 2, 2, 0, 0, 0, 0, 0, 0, 2, 0, 2, 0, 1, 0, 0, 2, 0, 0, 1, 0, 1, 0, 0, 2, 0, 0, 0, 0, 0, 0, 0, 0, 0, 0, 2, 2, 0, 1, 0, 2, 2, 1, 2, 0, 2, 1, 1, 1, 1, 0, 0, 0, 0, 0, 0, 1, 1, 4, 4, 1, 3, 1, 1, 4, 0, 2, 5, 4, 2, 5, 1, 6, 2, 1, 277, 1, 0, 0, 0, 0, 0]",3,0.20878796307922826,-1,0
1360,"[1, 1, 0, 0, 3, 0, 2, 2, 0, 0, 0, 0, 0, 0, 2, 0, 2, 0, 1, 0, 0, 2, 0, 0, 1, 0, 1, 0, 0, 2, 0, 0, 0, 0, 0, 0, 0, 0, 0, 0, 2, 2, 0, 1, 0, 2, 2, 1, 2, 0, 2, 1, 1, 1, 1, 0, 0, 0, 0, 0, 0, 1, 1, 4, 4, 1, 3, 1, 1, 4, 0, 2, 5, 4, 2, 5, 1, 6, 2, 1, 277, 0, 0, 0, 0, 0, 0]",-1,-0.003133100237107658,-1,0
1361,"[1, 1, 0, 0, 3, 0, 2, 2, 0, 0, 0, 0, 0, 0, 2, 0, 2, 0, 1, 0, 0, 2, 0, 0, 1, 0, 1, 0, 0, 2, 0, 0, 0, 0, 0, 0, 0, 0, 0, 0, 2, 2, 0, 1, 0, 2, 2, 1, 2, 0, 2, 1, 1, 1, 1, 0, 0, 0, 0, 0, 0, 1, 1, 4, 4, 1, 3, 1, 1, 4, 0, 2, 5, 4, 2, 5, 1, 6, 2, 1, 277, 0, 0, 0, 0, 0, 0]",0,0.19219375333284455,-1,0
1362,"[1, 1, 0, 0, 3, 0, 2, 2, 0, 0, 0, 0, 0, 0, 2, 0, 2, 0, 1, 0, 0, 2, 0, 0, 1, 0, 1, 0, 0, 2, 0, 0, 0, 0, 0, 0, 0, 0, 0, 0, 2, 2, 0, 1, 0, 2, 2, 1, 2, 0, 2, 1, 1, 1, 1, 0, 0, 0, 0, 0, 0, 1, 1, 4, 4, 1, 3, 1, 1, 4, 0, 2, 5, 4, 2, 5, 1, 6, 2, 1, 277, 0, 0, 0, 0, 0, 0]",-1,-0.003133100237107658,-1,0
1363,"[1, 1, 0, 0, 5, 0, 2, 2, 0, 0, 0, 0, 0, 0, 2, 0, 2, 0, 1, 0, 0, 2, 0, 0, 1, 0, 1, 0, 0, 2, 0, 0, 0, 0, 0, 0, 0, 0, 0, 0, 2, 2, 0, 1, 0, 2, 2, 1, 2, 0, 2, 1, 1, 1, 1, 0, 0, 0, 0, 0, 0, 1, 1, 4, 4, 1, 3, 1, 1, 4, 0, 2, 5, 4, 2, 5, 1, 6, 2, 1, 278, 0, 0, 0, 0, 0, 0]",4,16.654187326136395,-1,0
1364,"[1, 1, 0, 0, 5, 0, 2, 2, 0, 0, 0, 0, 0, 0, 2, 0, 2, 0, 1, 0, 0, 2, 0, 0, 1, 0, 1, 0, 0, 2, 0, 0, 0, 0, 0, 0, 0, 0, 0, 0, 2, 2, 0, 1, 0, 2, 2, 1, 2, 0, 2, 1, 1, 1, 1, 0, 0, 0, 0, 0, 0, 1, 1, 4, 4, 1, 3, 1, 1, 4, 0, 2, 5, 4, 2, 5, 1, 6, 2, 1, 278, 1, 0, 0, 0, 0, 0]",3,0.20845795436840678,-1,1
1365,"[1, 1, 0, 0, 5, 0, 2, 2, 0, 0, 0, 0, 0, 0, 2, 0, 2, 0, 1, 0, 0, 2, 0, 0, 1, 0, 1, 0, 0, 2, 0, 0, 0, 0, 0, 0, 0, 0, 0, 0, 2, 2, 0, 1, 0, 2, 2, 1, 2, 0, 2, 1, 1, 1, 1, 0, 0, 0, 0, 0, 0, 1, 1, 4, 4, 1, 3, 1, 1, 4, 0, 2, 5, 4, 2, 5, 1, 6, 2, 1, 278, 0, 0, 0, 0, 0, 0]",-1,-0.0031019253688679147,-1,1
1366,"[2, 2, 0, 0, 6, 1, 2, 2, 0, 0, 0, 0, 0, 0, 2, 0, 2, 0, 1, 0, 0, 2, 0, 0, 1, 0, 1, 0, 0, 2, 0, 0, 0, 0, 0, 0, 0, 0, 0, 0, 2, 2, 0, 1, 0, 2, 2, 1, 2, 0, 2, 1, 1, 1, 1, 0, 0, 0, 0, 0, 0, 1, 1, 4, 4, 1, 3, 1, 1, 4, 0, 2, 5, 4, 2, 5, 1, 6, 2, 1, 279, 0, 0, 0, 0, 0, 0]",4,15.749491695188304,-1,1
1367,"[2, 2, 0, 0, 6, 1, 2, 2, 0, 0, 0, 0, 0, 0, 2, 0, 2, 0, 1, 0, 0, 2, 0, 0, 1, 0, 1, 0, 0, 2, 0, 0, 0, 0, 0, 0, 0, 0, 0, 0, 2, 2, 0, 1, 0, 2, 2, 1, 2, 0, 2, 1, 1, 1, 1, 0, 0, 0, 0, 0, 0, 1, 1, 4, 4, 1, 3, 1, 1, 4, 0, 2, 5, 4, 2, 5, 1, 6, 2, 1, 280, 0, 0, 0, 0, 0, 0]",4,16.410037934892028,-1,0
1368,"[2, 2, 2, 0, 6, 1, 3, 2, 0, 0, 0, 0, 0, 0, 2, 0, 2, 0, 1, 0, 0, 2, 0, 0, 1, 0, 1, 0, 0, 2, 0, 0, 0, 0, 0, 0, 0, 0, 0, 0, 2, 2, 0, 1, 0, 2, 2, 1, 2, 0, 2, 1, 1, 1, 1, 0, 0, 0, 0, 0, 0, 1, 1, 4, 4, 1, 3, 1, 1, 4, 0, 2, 5, 4, 2, 5, 1, 6, 2, 1, 281, 0, 0, 0, 0, 0, 0]",4,15.804097070856356,-1,1
1369,"[2, 2, 2, 0, 6, 1, 3, 2, 0, 0, 0, 0, 0, 0, 2, 0, 2, 0, 1, 0, 0, 2, 0, 0, 1, 0, 1, 0, 0, 2, 0, 0, 0, 0, 0, 0, 0, 0, 0, 0, 2, 2, 0, 1, 0, 2, 2, 1, 2, 0, 2, 1, 1, 1, 1, 0, 0, 0, 0, 0, 0, 1, 1, 4, 4, 1, 3, 1, 1, 4, 0, 2, 5, 4, 2, 5, 1, 6, 2, 1, 281, 1, 0, 0, 0, 0, 0]",3,0.2075375781017212,-1,0
1370,"[0, 2, 2, 1, 6, 1, 3, 2, 0, 0, 0, 0, 0, 0, 2, 0, 2, 0, 1, 0, 0, 2, 0, 0, 1, 0, 1, 0, 0, 2, 0, 0, 0, 0, 0, 0, 0, 0, 0, 0, 2, 2, 0, 1, 0, 2, 2, 1, 2, 0, 2, 1, 1, 1, 1, 0, 0, 0, 0, 0, 0, 1, 1, 4, 4, 1, 3, 1, 1, 4, 0, 2, 5, 4, 2, 5, 1, 6, 2, 1, 281, 0, 0, 0, 0, 0, 0]","[[2 0 0 0]
 [0 0 0 1]]",-0.19100473998723777,-1,0
1371,"[0, 2, 2, 1, 6, 1, 3, 2, 0, 0, 0, 0, 0, 0, 2, 0, 2, 0, 1, 0, 0, 2, 0, 0, 1, 0, 1, 0, 0, 2, 0, 0, 0, 0, 0, 0, 0, 0, 0, 0, 2, 2, 0, 1, 0, 2, 2, 1, 2, 0, 2, 1, 1, 1, 1, 0, 0, 0, 0, 0, 0, 1, 1, 4, 4, 1, 3, 1, 1, 4, 0, 2, 5, 4, 2, 5, 1, 6, 2, 1, 281, 1, 0, 0, 0, 0, 0]",3,0.2075375781017212,-1,0
1372,"[1, 2, 0, 1, 6, 1, 3, 2, 0, 0, 0, 0, 0, 0, 2, 0, 2, 0, 1, 0, 0, 2, 0, 0, 1, 0, 1, 0, 0, 2, 0, 0, 0, 0, 0, 0, 0, 0, 0, 0, 2, 2, 0, 1, 0, 2, 2, 1, 2, 0, 2, 1, 1, 1, 1, 0, 0, 0, 0, 0, 0, 1, 1, 4, 4, 1, 3, 1, 1, 4, 0, 2, 5, 4, 2, 5, 1, 6, 2, 1, 281, 0, 0, 0, 0, 0, 0]","[[0 0 2 0]
 [1 0 0 0]]",-0.19100473998723777,-1,0
1373,"[1, 2, 2, 1, 6, 1, 4, 2, 0, 0, 0, 0, 0, 0, 2, 0, 2, 0, 1, 0, 0, 2, 0, 0, 1, 0, 1, 0, 0, 2, 0, 0, 0, 0, 0, 0, 0, 0, 0, 0, 2, 2, 0, 1, 0, 2, 2, 1, 2, 0, 2, 1, 1, 1, 1, 0, 0, 0, 0, 0, 0, 1, 1, 4, 4, 1, 3, 1, 1, 4, 0, 2, 5, 4, 2, 5, 1, 6, 2, 1, 282, 0, 0, 0, 0, 0, 0]",4,16.965236413807943,-1,0
1374,"[1, 2, 2, 1, 6, 1, 4, 2, 0, 0, 0, 0, 0, 0, 2, 0, 2, 0, 1, 0, 0, 2, 0, 0, 1, 0, 1, 0, 0, 2, 0, 0, 0, 0, 0, 0, 0, 0, 0, 0, 2, 2, 0, 1, 0, 2, 2, 1, 2, 0, 2, 1, 1, 1, 1, 0, 0, 0, 0, 0, 0, 1, 1, 4, 4, 1, 3, 1, 1, 4, 0, 2, 5, 4, 2, 5, 1, 6, 2, 1, 282, 0, 0, 0, 0, 0, 0]",0,0.24997161569850276,-1,1
1375,"[1, 2, 2, 1, 6, 1, 4, 2, 0, 0, 0, 0, 0, 0, 2, 0, 2, 0, 1, 0, 0, 2, 0, 0, 1, 0, 1, 0, 0, 2, 0, 0, 0, 0, 0, 0, 0, 0, 0, 0, 2, 2, 0, 1, 0, 2, 2, 1, 2, 0, 2, 1, 1, 1, 1, 0, 0, 0, 0, 0, 0, 1, 1, 4, 4, 1, 3, 1, 1, 4, 0, 2, 5, 4, 2, 5, 1, 6, 2, 1, 282, 0, 0, 0, 0, 0, 0]",-1,-0.0029802971354469686,-1,1
1376,"[1, 2, 2, 1, 8, 1, 4, 2, 0, 0, 0, 0, 0, 0, 2, 0, 2, 0, 1, 0, 0, 2, 0, 0, 1, 0, 1, 0, 0, 2, 0, 0, 0, 0, 0, 0, 0, 0, 0, 0, 2, 2, 0, 1, 0, 2, 2, 1, 2, 0, 2, 1, 1, 1, 1, 0, 0, 0, 0, 0, 0, 1, 1, 4, 4, 1, 3, 1, 1, 4, 0, 2, 5, 4, 2, 5, 1, 6, 2, 1, 283, 0, 0, 0, 0, 0, 0]",4,15.696987258035193,-1,1
1377,"[1, 2, 2, 1, 8, 1, 4, 2, 0, 0, 0, 0, 0, 0, 2, 0, 2, 0, 1, 0, 0, 2, 0, 0, 1, 0, 1, 0, 0, 2, 0, 0, 0, 0, 0, 0, 0, 0, 0, 0, 2, 2, 0, 1, 0, 2, 2, 1, 2, 0, 2, 1, 1, 1, 1, 0, 0, 0, 0, 0, 0, 1, 1, 4, 4, 1, 3, 1, 1, 4, 0, 2, 5, 4, 2, 5, 1, 6, 2, 1, 283, 1, 0, 0, 0, 0, 0]",3,0.20697828170634738,-1,0
1378,"[2, 0, 2, 1, 8, 1, 4, 2, 0, 0, 0, 0, 0, 0, 2, 0, 2, 0, 1, 0, 0, 2, 0, 0, 1, 0, 1, 0, 0, 2, 0, 0, 0, 0, 0, 0, 0, 0, 0, 0, 2, 2, 0, 1, 0, 2, 2, 1, 2, 0, 2, 1, 1, 1, 1, 0, 0, 0, 0, 0, 0, 1, 1, 4, 4, 1, 3, 1, 1, 4, 0, 2, 5, 4, 2, 5, 1, 6, 2, 1, 283, 0, 0, 0, 0, 0, 0]","[[0 2 0 0]
 [1 0 0 0]]",-0.19156403638261157,-1,0
1379,"[2, 0, 2, 1, 8, 1, 4, 2, 0, 0, 0, 0, 0, 0, 2, 0, 2, 0, 1, 0, 0, 2, 0, 0, 1, 0, 1, 0, 0, 2, 0, 0, 0, 0, 0, 0, 0, 0, 0, 0, 2, 2, 0, 1, 0, 2, 2, 1, 2, 0, 2, 1, 1, 1, 1, 0, 0, 0, 0, 0, 0, 1, 1, 4, 4, 1, 3, 1, 1, 4, 0, 2, 5, 4, 2, 5, 1, 6, 2, 1, 283, 1, 0, 0, 0, 0, 0]",3,0.20697828170634738,-1,0
1380,"[2, 0, 0, 2, 8, 1, 4, 2, 0, 0, 0, 0, 0, 0, 2, 0, 2, 0, 1, 0, 0, 2, 0, 0, 1, 0, 1, 0, 0, 2, 0, 0, 0, 0, 0, 0, 0, 0, 0, 0, 2, 2, 0, 1, 0, 2, 2, 1, 2, 0, 2, 1, 1, 1, 1, 0, 0, 0, 0, 0, 0, 1, 1, 4, 4, 1, 3, 1, 1, 4, 0, 2, 5, 4, 2, 5, 1, 6, 2, 1, 283, 0, 0, 0, 0, 0, 0]","[[0 0 2 0]
 [0 0 0 1]]",-0.19156403638261157,-1,0
1381,"[2, 0, 0, 2, 8, 1, 4, 2, 0, 0, 0, 0, 0, 0, 2, 0, 2, 0, 1, 0, 0, 2, 0, 0, 1, 0, 1, 0, 0, 2, 0, 0, 0, 0, 0, 0, 0, 0, 0, 0, 2, 2, 0, 1, 0, 2, 2, 1, 2, 0, 2, 1, 1, 1, 1, 0, 0, 0, 0, 0, 0, 1, 1, 4, 4, 1, 3, 1, 1, 4, 0, 2, 5, 4, 2, 5, 1, 6, 2, 1, 283, 1, 0, 0, 0, 0, 0]",3,0.20697828170634738,-1,0
1382,"[3, 0, 0, 0, 8, 1, 4, 2, 0, 0, 0, 0, 0, 0, 2, 0, 2, 0, 1, 0, 0, 2, 0, 0, 1, 0, 1, 0, 0, 2, 0, 0, 0, 0, 0, 0, 0, 0, 0, 0, 2, 2, 0, 1, 0, 2, 2, 1, 2, 0, 2, 1, 1, 1, 1, 0, 0, 0, 0, 0, 0, 1, 1, 4, 4, 1, 3, 1, 1, 4, 0, 2, 5, 4, 2, 5, 1, 6, 2, 1, 283, 0, 0, 0, 0, 0, 0]","[[0 0 0 2]
 [1 0 0 0]]",-0.19156403638261157,-1,0
1383,"[3, 0, 0, 0, 8, 1, 4, 2, 0, 0, 0, 0, 0, 0, 2, 0, 2, 0, 1, 0, 0, 2, 0, 0, 1, 0, 1, 0, 0, 2, 0, 0, 0, 0, 0, 0, 0, 0, 0, 0, 2, 2, 0, 1, 0, 2, 2, 1, 2, 0, 2, 1, 1, 1, 1, 0, 0, 0, 0, 0, 0, 1, 1, 4, 4, 1, 3, 1, 1, 4, 0, 2, 5, 4, 2, 5, 1, 6, 2, 1, 283, 1, 0, 0, 0, 0, 0]",3,0.20697828170634738,-1,0
1384,"[1, 1, 0, 0, 8, 1, 4, 2, 0, 0, 0, 0, 0, 0, 2, 0, 2, 0, 1, 0, 0, 2, 0, 0, 1, 0, 1, 0, 0, 2, 0, 0, 0, 0, 0, 0, 0, 0, 0, 0, 2, 2, 0, 1, 0, 2, 2, 1, 2, 0, 2, 1, 1, 1, 1, 0, 0, 0, 0, 0, 0, 1, 1, 4, 4, 1, 3, 1, 1, 4, 0, 2, 5, 4, 2, 5, 1, 6, 2, 1, 283, 0, 0, 0, 0, 0, 0]","[[2 0 0 0]
 [0 1 0 0]]",-0.19156403638261157,-1,0
1385,"[1, 1, 0, 0, 8, 1, 4, 2, 0, 0, 0, 0, 0, 0, 2, 0, 2, 0, 1, 0, 0, 2, 0, 0, 1, 0, 1, 0, 0, 2, 0, 0, 0, 0, 0, 0, 0, 0, 0, 0, 2, 2, 0, 1, 0, 2, 2, 1, 2, 0, 2, 1, 1, 1, 1, 0, 0, 0, 0, 0, 0, 1, 1, 4, 4, 1, 3, 1, 1, 4, 0, 2, 5, 4, 2, 5, 1, 6, 2, 1, 283, 0, 1, 0, 0, 0, 0]",2,0.4069782817063473,-1,0
1386,"[1, 1, 0, 0, 8, 1, 4, 2, 0, 0, 0, 0, 0, 0, 2, 0, 2, 0, 1, 0, 0, 2, 0, 0, 1, 0, 1, 0, 0, 2, 0, 0, 0, 0, 0, 0, 0, 0, 0, 0, 2, 2, 0, 1, 0, 2, 2, 1, 2, 0, 2, 1, 1, 1, 1, 0, 0, 0, 0, 0, 0, 1, 1, 4, 4, 1, 3, 1, 1, 4, 0, 2, 5, 4, 2, 5, 1, 6, 2, 1, 283, 0, 1, 0, 0, 1, 0]","[[1 0 0 0]
 [0 0 1 0]]",0.6574031467644382,-1,0
1387,"[1, 1, 0, 0, 8, 1, 4, 2, 0, 0, 0, 0, 0, 0, 2, 0, 2, 0, 1, 0, 0, 2, 0, 0, 1, 0, 1, 0, 0, 2, 0, 0, 0, 0, 0, 0, 0, 0, 0, 0, 2, 2, 0, 1, 0, 2, 2, 1, 2, 0, 2, 1, 1, 1, 1, 0, 0, 0, 0, 0, 0, 1, 1, 4, 4, 1, 3, 1, 1, 4, 0, 2, 5, 4, 2, 5, 1, 6, 2, 1, 283, 0, 0, 0, 0, 0, 0]",1,-11.506730217278413,-1,1
1388,"[1, 1, 0, 0, 8, 1, 4, 2, 0, 0, 0, 0, 0, 0, 2, 0, 2, 0, 1, 0, 0, 2, 0, 0, 1, 0, 1, 0, 0, 2, 0, 0, 0, 0, 0, 0, 0, 0, 0, 0, 2, 2, 0, 1, 0, 2, 2, 1, 2, 0, 2, 1, 1, 1, 1, 0, 0, 0, 0, 0, 0, 1, 1, 4, 4, 1, 3, 1, 1, 4, 0, 2, 5, 4, 2, 5, 1, 6, 2, 1, 283, 0, 0, 0, 0, 0, 0]",0,0.19038407195996368,-1,0
1389,"[1, 1, 0, 0, 8, 1, 4, 2, 0, 0, 0, 0, 0, 0, 2, 0, 2, 0, 1, 0, 0, 2, 0, 0, 1, 0, 1, 0, 0, 2, 0, 0, 0, 0, 0, 0, 0, 0, 0, 0, 2, 2, 0, 1, 0, 2, 2, 1, 2, 0, 2, 1, 1, 1, 1, 0, 0, 0, 0, 0, 0, 1, 1, 4, 4, 1, 3, 1, 1, 4, 0, 2, 5, 4, 2, 5, 1, 6, 2, 1, 283, 0, 0, 0, 0, 0, 0]",-1,-0.0029506426834723922,-1,0
1390,"[1, 1, 0, 0, 8, 1, 4, 2, 0, 0, 0, 0, 0, 0, 2, 0, 2, 0, 1, 0, 0, 2, 0, 0, 1, 0, 1, 0, 0, 2, 0, 0, 0, 0, 0, 0, 0, 0, 0, 0, 2, 2, 0, 1, 0, 2, 2, 1, 2, 0, 2, 1, 1, 1, 1, 0, 0, 0, 0, 0, 0, 1, 1, 4, 4, 1, 3, 1, 1, 4, 0, 2, 5, 4, 2, 5, 1, 6, 2, 1, 283, 0, 0, 0, 0, 0, 0]",0,0.19038407195996368,-1,0
1391,"[1, 1, 0, 0, 8, 1, 4, 2, 0, 0, 0, 0, 0, 0, 2, 0, 2, 0, 1, 0, 0, 2, 0, 0, 1, 0, 1, 0, 0, 2, 0, 0, 0, 0, 0, 0, 0, 0, 0, 0, 2, 2, 0, 1, 0, 2, 2, 1, 2, 0, 2, 1, 1, 1, 1, 0, 0, 0, 0, 0, 0, 1, 1, 4, 4, 1, 3, 1, 1, 4, 0, 2, 5, 4, 2, 5, 1, 6, 2, 1, 283, 0, 0, 0, 0, 0, 0]",-1,-0.0029506426834723922,-1,0
1392,"[1, 1, 0, 0, 8, 1, 4, 2, 0, 0, 0, 0, 0, 0, 2, 0, 2, 0, 1, 0, 0, 2, 0, 0, 1, 0, 1, 0, 0, 2, 0, 0, 0, 0, 0, 0, 0, 0, 0, 0, 2, 2, 0, 1, 0, 2, 2, 1, 2, 0, 2, 1, 1, 1, 1, 0, 0, 0, 0, 0, 0, 1, 1, 4, 4, 1, 3, 1, 1, 4, 0, 2, 5, 4, 2, 5, 1, 6, 2, 1, 284, 0, 0, 0, 0, 0, 0]",4,16.652078301317015,-1,0
1393,"[1, 1, 0, 0, 8, 1, 4, 2, 0, 0, 0, 0, 0, 0, 2, 0, 2, 0, 1, 0, 0, 2, 0, 0, 1, 0, 1, 0, 0, 2, 0, 0, 0, 0, 0, 0, 0, 0, 0, 0, 2, 2, 0, 1, 0, 2, 2, 1, 2, 0, 2, 1, 1, 1, 1, 0, 0, 0, 0, 0, 0, 1, 1, 4, 4, 1, 3, 1, 1, 4, 0, 2, 5, 4, 2, 5, 1, 6, 2, 1, 284, 0, 1, 0, 0, 0, 0]",2,0.40671384465629645,-1,1
1394,"[1, 1, 0, 0, 8, 1, 4, 2, 0, 0, 0, 0, 0, 0, 2, 0, 2, 0, 1, 0, 0, 2, 0, 0, 1, 0, 1, 0, 0, 2, 0, 0, 0, 0, 0, 0, 0, 0, 0, 0, 2, 2, 0, 1, 0, 2, 2, 1, 2, 0, 2, 1, 1, 1, 1, 0, 0, 0, 0, 0, 0, 1, 1, 4, 4, 1, 3, 1, 1, 4, 0, 2, 5, 4, 2, 5, 1, 6, 2, 1, 284, 0, 1, 0, 0, 1, 0]","[[1 0 2 1]
 [1 1 0 0]]",-0.16940183086313318,-1,1
1395,"[1, 1, 0, 0, 8, 1, 4, 2, 0, 0, 0, 0, 0, 0, 2, 0, 2, 0, 1, 0, 0, 2, 0, 0, 1, 0, 1, 0, 0, 2, 0, 0, 0, 0, 0, 0, 0, 0, 0, 0, 2, 2, 0, 1, 0, 2, 2, 1, 2, 0, 2, 1, 1, 1, 1, 0, 0, 0, 0, 0, 0, 1, 1, 4, 4, 1, 3, 1, 1, 4, 0, 2, 5, 4, 2, 5, 1, 6, 2, 1, 284, 0, 0, 0, 0, 0, 0]",1,-0.19328615534370353,-1,0
1396,"[1, 1, 0, 0, 8, 1, 4, 2, 0, 0, 0, 0, 0, 0, 2, 0, 2, 0, 1, 0, 0, 2, 0, 0, 1, 0, 1, 0, 0, 2, 0, 0, 0, 0, 0, 0, 0, 0, 0, 0, 2, 2, 0, 1, 0, 2, 2, 1, 2, 0, 2, 1, 1, 1, 1, 0, 0, 0, 0, 0, 0, 1, 1, 4, 4, 1, 3, 1, 1, 4, 0, 2, 5, 4, 2, 5, 1, 6, 2, 1, 284, 0, 0, 0, 0, 0, 0]",0,0.24943271707986958,-1,1
1397,"[1, 1, 0, 0, 8, 1, 4, 2, 0, 0, 0, 0, 0, 0, 2, 0, 2, 0, 1, 0, 0, 2, 0, 0, 1, 0, 1, 0, 0, 2, 0, 0, 0, 0, 0, 0, 0, 0, 0, 0, 2, 2, 0, 1, 0, 2, 2, 1, 2, 0, 2, 1, 1, 1, 1, 0, 0, 0, 0, 0, 0, 1, 1, 4, 4, 1, 3, 1, 1, 4, 0, 2, 5, 4, 2, 5, 1, 6, 2, 1, 284, 0, 0, 0, 0, 0, 0]",-1,-0.0029212832982250417,-1,1
1398,"[1, 1, 0, 0, 8, 1, 4, 2, 0, 0, 0, 0, 0, 0, 2, 0, 2, 0, 1, 0, 0, 2, 0, 0, 1, 0, 1, 0, 0, 2, 0, 0, 0, 0, 0, 0, 0, 0, 0, 0, 2, 2, 0, 1, 0, 2, 2, 1, 2, 0, 2, 1, 1, 1, 1, 0, 0, 0, 0, 0, 0, 1, 1, 4, 4, 1, 3, 1, 1, 4, 0, 2, 5, 4, 2, 5, 1, 6, 2, 1, 285, 0, 0, 0, 0, 0, 0]",4,15.69635004159409,-1,1
1399,"[1, 1, 0, 0, 8, 1, 4, 2, 0, 0, 0, 0, 0, 0, 2, 0, 2, 0, 1, 0, 0, 2, 0, 0, 1, 0, 1, 0, 0, 2, 0, 0, 0, 0, 0, 0, 0, 0, 0, 0, 2, 2, 0, 1, 0, 2, 2, 1, 2, 0, 2, 1, 1, 1, 1, 0, 0, 0, 0, 0, 0, 1, 1, 4, 4, 1, 3, 1, 1, 4, 0, 2, 5, 4, 2, 5, 1, 6, 2, 1, 286, 0, 0, 0, 0, 0, 0]",4,16.651461300213192,-1,0
1400,"[1, 1, 0, 0, 8, 1, 4, 2, 0, 0, 0, 0, 0, 0, 2, 0, 2, 0, 1, 0, 0, 2, 0, 0, 1, 0, 1, 0, 0, 2, 0, 0, 0, 0, 0, 0, 0, 0, 0, 0, 2, 2, 0, 1, 0, 2, 2, 1, 2, 0, 2, 1, 1, 1, 1, 0, 0, 0, 0, 0, 0, 1, 1, 4, 4, 1, 3, 1, 1, 4, 0, 2, 5, 4, 2, 5, 1, 6, 2, 1, 286, 0, 0, 0, 0, 0, 0]",1,0.2250175633494267,-1,1
1401,"[1, 1, 0, 0, 8, 1, 4, 2, 0, 0, 0, 0, 0, 0, 2, 0, 2, 0, 1, 0, 0, 2, 0, 0, 1, 0, 1, 0, 0, 2, 0, 0, 0, 0, 0, 0, 0, 0, 0, 0, 2, 2, 0, 1, 0, 2, 2, 1, 2, 0, 2, 1, 1, 1, 1, 0, 0, 0, 0, 0, 0, 1, 1, 4, 4, 1, 3, 1, 1, 4, 0, 2, 5, 4, 2, 5, 1, 6, 2, 1, 286, 0, 0, 0, 0, 0, 0]",-1,-0.002863438013273368,-1,1
1402,"[1, 1, 0, 0, 10, 1, 4, 2, 0, 0, 0, 0, 0, 0, 2, 0, 2, 0, 1, 0, 0, 2, 0, 0, 1, 0, 1, 0, 0, 2, 0, 0, 0, 0, 0, 0, 0, 0, 0, 0, 2, 2, 0, 1, 0, 2, 2, 1, 2, 0, 2, 1, 1, 1, 1, 0, 0, 0, 0, 0, 0, 1, 1, 4, 4, 1, 3, 1, 1, 4, 0, 2, 5, 4, 2, 5, 1, 6, 2, 1, 287, 0, 0, 0, 0, 0, 0]",4,15.618220161832326,-1,1
1403,"[1, 1, 0, 0, 12, 1, 4, 2, 0, 0, 0, 0, 0, 0, 2, 0, 2, 0, 1, 0, 0, 2, 0, 0, 1, 0, 1, 0, 0, 2, 0, 0, 0, 0, 0, 0, 0, 0, 0, 0, 2, 2, 0, 1, 0, 2, 2, 1, 2, 0, 2, 1, 1, 1, 1, 0, 0, 0, 0, 0, 0, 1, 1, 4, 4, 1, 3, 1, 1, 4, 0, 2, 5, 4, 2, 5, 1, 6, 2, 1, 288, 0, 0, 0, 0, 0, 0]",4,16.650882763137066,-1,0
1404,"[1, 1, 0, 0, 14, 1, 4, 2, 0, 0, 0, 0, 0, 0, 2, 0, 2, 0, 1, 0, 0, 2, 0, 0, 1, 0, 1, 0, 0, 2, 0, 0, 0, 0, 0, 0, 0, 0, 0, 0, 2, 2, 0, 1, 0, 2, 2, 1, 2, 0, 2, 1, 1, 1, 1, 0, 0, 0, 0, 0, 0, 1, 1, 4, 4, 1, 3, 1, 1, 4, 0, 2, 5, 4, 2, 5, 1, 6, 2, 1, 289, 0, 0, 0, 0, 0, 0]",4,15.512509588195977,-1,1
1405,"[1, 1, 2, 0, 14, 1, 5, 2, 0, 0, 0, 0, 0, 0, 2, 0, 2, 0, 1, 0, 0, 2, 0, 0, 1, 0, 1, 0, 0, 2, 0, 0, 0, 0, 0, 0, 0, 0, 0, 0, 2, 2, 0, 1, 0, 2, 2, 1, 2, 0, 2, 1, 1, 1, 1, 0, 0, 0, 0, 0, 0, 1, 1, 4, 4, 1, 3, 1, 1, 4, 0, 2, 5, 4, 2, 5, 1, 6, 2, 1, 290, 0, 0, 0, 0, 0, 0]",4,16.764645583350354,-1,0
1406,"[1, 1, 2, 0, 14, 1, 5, 2, 0, 0, 0, 0, 0, 0, 2, 0, 2, 0, 1, 0, 0, 2, 0, 0, 1, 0, 1, 0, 0, 2, 0, 0, 0, 0, 0, 0, 0, 0, 0, 0, 2, 2, 0, 1, 0, 2, 2, 1, 2, 0, 2, 1, 1, 1, 1, 0, 0, 0, 0, 0, 0, 1, 1, 4, 4, 1, 3, 1, 1, 4, 0, 2, 5, 4, 2, 5, 1, 6, 2, 1, 290, 1, 0, 0, 0, 0, 0]",3,0.2053193987153732,-1,1
1407,"[1, 1, 2, 0, 14, 1, 5, 2, 0, 0, 0, 0, 0, 0, 2, 0, 2, 0, 1, 0, 0, 2, 0, 0, 1, 0, 1, 0, 0, 2, 0, 0, 0, 0, 0, 0, 0, 0, 0, 0, 2, 2, 0, 1, 0, 2, 2, 1, 2, 0, 2, 1, 1, 1, 1, 0, 0, 0, 0, 0, 0, 1, 1, 4, 4, 1, 3, 1, 1, 4, 0, 2, 5, 4, 2, 5, 1, 6, 2, 1, 290, 0, 0, 0, 0, 0, 0]",-1,-0.002751161002820362,-1,1
1408,"[1, 1, 4, 0, 14, 1, 6, 2, 0, 0, 0, 0, 0, 0, 2, 0, 2, 0, 1, 0, 0, 2, 0, 0, 1, 0, 1, 0, 0, 2, 0, 0, 0, 0, 0, 0, 0, 0, 0, 0, 2, 2, 0, 1, 0, 2, 2, 1, 2, 0, 2, 1, 1, 1, 1, 0, 0, 0, 0, 0, 0, 1, 1, 4, 4, 1, 3, 1, 1, 4, 0, 2, 5, 4, 2, 5, 1, 6, 2, 1, 291, 0, 0, 0, 0, 0, 0]",4,15.566650794902761,-1,1
1409,"[1, 1, 4, 0, 14, 1, 6, 2, 0, 0, 0, 0, 0, 0, 2, 0, 2, 0, 1, 0, 0, 2, 0, 0, 1, 0, 1, 0, 0, 2, 0, 0, 0, 0, 0, 0, 0, 0, 0, 0, 2, 2, 0, 1, 0, 2, 2, 1, 2, 0, 2, 1, 1, 1, 1, 0, 0, 0, 0, 0, 0, 1, 1, 4, 4, 1, 3, 1, 1, 4, 0, 2, 5, 4, 2, 5, 1, 6, 2, 1, 291, 0, 0, 0, 0, 0, 0]",0,0.18852194791601784,-1,0
1410,"[1, 1, 4, 0, 14, 1, 6, 2, 0, 0, 0, 0, 0, 0, 2, 0, 2, 0, 1, 0, 0, 2, 0, 0, 1, 0, 1, 0, 0, 2, 0, 0, 0, 0, 0, 0, 0, 0, 0, 0, 2, 2, 0, 1, 0, 2, 2, 1, 2, 0, 2, 1, 1, 1, 1, 0, 0, 0, 0, 0, 0, 1, 1, 4, 4, 1, 3, 1, 1, 4, 0, 2, 5, 4, 2, 5, 1, 6, 2, 1, 291, 0, 0, 0, 0, 0, 0]",-1,-0.002723786493459493,-1,0
1411,"[1, 1, 4, 0, 14, 1, 6, 2, 0, 0, 0, 0, 0, 0, 2, 0, 2, 0, 1, 0, 0, 2, 0, 0, 1, 0, 1, 0, 0, 2, 0, 0, 0, 0, 0, 0, 0, 0, 0, 0, 2, 2, 0, 1, 0, 2, 2, 1, 2, 0, 2, 1, 1, 1, 1, 0, 0, 0, 0, 0, 0, 1, 1, 4, 4, 1, 3, 1, 1, 4, 0, 2, 5, 4, 2, 5, 1, 6, 2, 1, 291, 0, 0, 0, 0, 0, 0]",0,0.18852194791601784,-1,0
1412,"[1, 1, 4, 0, 14, 1, 6, 2, 0, 0, 0, 0, 0, 0, 2, 0, 2, 0, 1, 0, 0, 2, 0, 0, 1, 0, 1, 0, 0, 2, 0, 0, 0, 0, 0, 0, 0, 0, 0, 0, 2, 2, 0, 1, 0, 2, 2, 1, 2, 0, 2, 1, 1, 1, 1, 0, 0, 0, 0, 0, 0, 1, 1, 4, 4, 1, 3, 1, 1, 4, 0, 2, 5, 4, 2, 5, 1, 6, 2, 1, 291, 0, 0, 0, 0, 0, 0]",-1,-0.002723786493459493,-1,0
1413,"[1, 1, 4, 0, 16, 1, 6, 2, 0, 0, 0, 0, 0, 0, 2, 0, 2, 0, 1, 0, 0, 2, 0, 0, 1, 0, 1, 0, 0, 2, 0, 0, 0, 0, 0, 0, 0, 0, 0, 0, 2, 2, 0, 1, 0, 2, 2, 1, 2, 0, 2, 1, 1, 1, 1, 0, 0, 0, 0, 0, 0, 1, 1, 4, 4, 1, 3, 1, 1, 4, 0, 2, 5, 4, 2, 5, 1, 6, 2, 1, 292, 0, 0, 0, 0, 0, 0]",4,16.336136285256753,-1,0
1414,"[1, 1, 4, 0, 16, 1, 6, 2, 0, 0, 0, 0, 0, 0, 2, 0, 2, 0, 1, 0, 0, 2, 0, 0, 1, 0, 1, 0, 0, 2, 0, 0, 0, 0, 0, 0, 0, 0, 0, 0, 2, 2, 0, 1, 0, 2, 2, 1, 2, 0, 2, 1, 1, 1, 1, 0, 0, 0, 0, 0, 0, 1, 1, 4, 4, 1, 3, 1, 1, 4, 0, 2, 5, 4, 2, 5, 1, 6, 2, 1, 292, 1, 0, 0, 0, 0, 0]",3,0.2049204856805479,-1,1
1415,"[1, 1, 4, 0, 16, 1, 6, 2, 0, 0, 0, 0, 0, 0, 2, 0, 2, 0, 1, 0, 0, 2, 0, 0, 1, 0, 1, 0, 0, 2, 0, 0, 0, 0, 0, 0, 0, 0, 0, 0, 2, 2, 0, 1, 0, 2, 2, 1, 2, 0, 2, 1, 1, 1, 1, 0, 0, 0, 0, 0, 0, 1, 1, 4, 4, 1, 3, 1, 1, 4, 0, 2, 5, 4, 2, 5, 1, 6, 2, 1, 292, 0, 0, 0, 0, 0, 0]",-1,-0.002696684365017801,-1,1
1416,"[2, 2, 4, 0, 17, 2, 6, 2, 0, 0, 0, 0, 0, 0, 2, 0, 2, 0, 1, 0, 0, 2, 0, 0, 1, 0, 1, 0, 0, 2, 0, 0, 0, 0, 0, 0, 0, 0, 0, 0, 2, 2, 0, 1, 0, 2, 2, 1, 2, 0, 2, 1, 1, 1, 1, 0, 0, 0, 0, 0, 0, 1, 1, 4, 4, 1, 3, 1, 1, 4, 0, 2, 5, 4, 2, 5, 1, 6, 2, 1, 293, 0, 0, 0, 0, 0, 0]",4,15.552621302495556,-1,1
1417,"[2, 2, 4, 0, 17, 2, 6, 2, 0, 0, 0, 0, 0, 0, 2, 0, 2, 0, 1, 0, 0, 2, 0, 0, 1, 0, 1, 0, 0, 2, 0, 0, 0, 0, 0, 0, 0, 0, 0, 0, 2, 2, 0, 1, 0, 2, 2, 1, 2, 0, 2, 1, 1, 1, 1, 0, 0, 0, 0, 0, 0, 1, 1, 4, 4, 1, 3, 1, 1, 4, 0, 2, 5, 4, 2, 5, 1, 6, 2, 1, 293, 0, 1, 0, 0, 0, 0]",2,0.40473211563109224,-1,0
1418,"[2, 2, 4, 0, 17, 2, 6, 2, 0, 0, 0, 0, 0, 0, 2, 0, 2, 0, 1, 0, 0, 2, 0, 0, 1, 0, 1, 0, 0, 2, 0, 0, 0, 0, 0, 0, 0, 0, 0, 0, 2, 2, 0, 1, 0, 2, 2, 1, 2, 0, 2, 1, 1, 1, 1, 0, 0, 0, 0, 0, 0, 1, 1, 4, 4, 1, 3, 1, 1, 4, 0, 2, 5, 4, 2, 5, 1, 6, 2, 1, 293, 0, 1, 0, 0, 1, 0]","[[0 0 1 0]
 [0 0 0 1]]",0.6551569806891832,-1,0
1419,"[2, 2, 4, 0, 17, 2, 6, 2, 0, 0, 0, 0, 0, 0, 2, 0, 2, 0, 1, 0, 0, 2, 0, 0, 1, 0, 1, 0, 0, 2, 0, 0, 0, 0, 0, 0, 0, 0, 0, 0, 2, 2, 0, 1, 0, 2, 2, 1, 2, 0, 2, 1, 1, 1, 1, 0, 0, 0, 0, 0, 0, 1, 1, 4, 4, 1, 3, 1, 1, 4, 0, 2, 5, 4, 2, 5, 1, 6, 2, 1, 293, 0, 1, 0, 0, 0, 1]",2,-0.19526788436890777,-1,1
1420,"[2, 2, 4, 0, 17, 2, 6, 2, 0, 0, 0, 0, 0, 0, 2, 0, 2, 0, 1, 0, 0, 2, 0, 0, 1, 0, 1, 0, 0, 2, 0, 0, 0, 0, 0, 0, 0, 0, 0, 0, 2, 2, 0, 1, 0, 2, 2, 1, 2, 0, 2, 1, 1, 1, 1, 0, 0, 0, 0, 0, 0, 1, 1, 4, 4, 1, 3, 1, 1, 4, 0, 2, 5, 4, 2, 5, 1, 6, 2, 1, 293, 0, 0, 1, 0, 0, 0]","[[3 1 3 1]
 [1 2 2 0]]",-0.19526788436890777,-1,1
1421,"[2, 2, 4, 0, 17, 2, 6, 2, 0, 0, 0, 0, 0, 0, 2, 0, 2, 0, 1, 0, 0, 2, 0, 0, 1, 0, 1, 0, 0, 2, 0, 0, 0, 0, 0, 0, 0, 0, 0, 0, 2, 2, 0, 1, 0, 2, 2, 1, 2, 0, 2, 1, 1, 1, 1, 0, 0, 0, 0, 0, 0, 1, 1, 4, 4, 1, 3, 1, 1, 4, 0, 2, 5, 4, 2, 5, 1, 6, 2, 1, 293, 0, 0, 0, 0, 0, 0]",1,-4.3852509339403785,-1,0
1422,"[2, 2, 6, 0, 17, 2, 7, 2, 0, 0, 0, 0, 0, 0, 2, 0, 2, 0, 1, 0, 0, 2, 0, 0, 1, 0, 1, 0, 0, 2, 0, 0, 0, 0, 0, 0, 0, 0, 0, 0, 2, 2, 0, 1, 0, 2, 2, 1, 2, 0, 2, 1, 1, 1, 1, 0, 0, 0, 0, 0, 0, 1, 1, 4, 4, 1, 3, 1, 1, 4, 0, 2, 5, 4, 2, 5, 1, 6, 2, 1, 294, 0, 0, 0, 0, 0, 0]",4,16.3355886645064,-1,0
1423,"[2, 2, 6, 0, 17, 2, 7, 2, 0, 0, 0, 0, 0, 0, 2, 0, 2, 0, 1, 0, 0, 2, 0, 0, 1, 0, 1, 0, 0, 2, 0, 0, 0, 0, 0, 0, 0, 0, 0, 0, 2, 2, 0, 1, 0, 2, 2, 1, 2, 0, 2, 1, 1, 1, 1, 0, 0, 0, 0, 0, 0, 1, 1, 4, 4, 1, 3, 1, 1, 4, 0, 2, 5, 4, 2, 5, 1, 6, 2, 1, 294, 0, 0, 0, 0, 0, 0]",1,0.22335465521005404,-1,1
1424,"[2, 2, 6, 0, 17, 2, 7, 2, 0, 0, 0, 0, 0, 0, 2, 0, 2, 0, 1, 0, 0, 2, 0, 0, 1, 0, 1, 0, 0, 2, 0, 0, 0, 0, 0, 0, 0, 0, 0, 0, 2, 2, 0, 1, 0, 2, 2, 1, 2, 0, 2, 1, 1, 1, 1, 0, 0, 0, 0, 0, 0, 1, 1, 4, 4, 1, 3, 1, 1, 4, 0, 2, 5, 4, 2, 5, 1, 6, 2, 1, 294, 0, 0, 0, 0, 0, 0]",-1,-0.0026432864369175186,-1,1
1425,"[2, 2, 6, 0, 17, 2, 7, 2, 0, 0, 0, 0, 0, 0, 2, 0, 2, 0, 1, 0, 0, 2, 0, 0, 1, 0, 1, 0, 0, 2, 0, 0, 0, 0, 0, 0, 0, 0, 0, 0, 2, 2, 0, 1, 0, 2, 2, 1, 2, 0, 2, 1, 1, 1, 1, 0, 0, 0, 0, 0, 0, 1, 1, 4, 4, 1, 3, 1, 1, 4, 0, 2, 5, 4, 2, 5, 1, 6, 2, 1, 294, 1, 0, 0, 0, 0, 0]",3,0.20455078869256083,-1,0
1426,"[2, 0, 6, 1, 17, 2, 7, 2, 0, 0, 0, 0, 0, 0, 2, 0, 2, 0, 1, 0, 0, 2, 0, 0, 1, 0, 1, 0, 0, 2, 0, 0, 0, 0, 0, 0, 0, 0, 0, 0, 2, 2, 0, 1, 0, 2, 2, 1, 2, 0, 2, 1, 1, 1, 1, 0, 0, 0, 0, 0, 0, 1, 1, 4, 4, 1, 3, 1, 1, 4, 0, 2, 5, 4, 2, 5, 1, 6, 2, 1, 294, 0, 0, 0, 0, 0, 0]","[[0 2 0 0]
 [0 0 0 1]]",-0.19399152939639813,-1,0
1427,"[2, 0, 6, 1, 17, 2, 7, 2, 0, 0, 0, 0, 0, 0, 2, 0, 2, 0, 1, 0, 0, 2, 0, 0, 1, 0, 1, 0, 0, 2, 0, 0, 0, 0, 0, 0, 0, 0, 0, 0, 2, 2, 0, 1, 0, 2, 2, 1, 2, 0, 2, 1, 1, 1, 1, 0, 0, 0, 0, 0, 0, 1, 1, 4, 4, 1, 3, 1, 1, 4, 0, 2, 5, 4, 2, 5, 1, 6, 2, 1, 294, 0, 1, 0, 0, 0, 0]",2,0.4045507886925608,-1,0
1428,"[2, 0, 6, 1, 17, 2, 7, 2, 0, 0, 0, 0, 0, 0, 2, 0, 2, 0, 1, 0, 0, 2, 0, 0, 1, 0, 1, 0, 0, 2, 0, 0, 0, 0, 0, 0, 0, 0, 0, 0, 2, 2, 0, 1, 0, 2, 2, 1, 2, 0, 2, 1, 1, 1, 1, 0, 0, 0, 0, 0, 0, 1, 1, 4, 4, 1, 3, 1, 1, 4, 0, 2, 5, 4, 2, 5, 1, 6, 2, 1, 294, 0, 1, 0, 0, 1, 0]","[[1 0 0 0]
 [0 0 1 0]]",0.6549756537506517,-1,0
1429,"[2, 0, 6, 1, 17, 2, 7, 2, 0, 0, 0, 0, 0, 0, 2, 0, 2, 0, 1, 0, 0, 2, 0, 0, 1, 0, 1, 0, 0, 2, 0, 0, 0, 0, 0, 0, 0, 0, 0, 0, 2, 2, 0, 1, 0, 2, 2, 1, 2, 0, 2, 1, 1, 1, 1, 0, 0, 0, 0, 0, 0, 1, 1, 4, 4, 1, 3, 1, 1, 4, 0, 2, 5, 4, 2, 5, 1, 6, 2, 1, 294, 0, 1, 0, 0, 0, 1]",2,-0.1954492113074392,-1,1
1430,"[2, 0, 6, 1, 17, 2, 7, 2, 0, 0, 0, 0, 0, 0, 2, 0, 2, 0, 1, 0, 0, 2, 0, 0, 1, 0, 1, 0, 0, 2, 0, 0, 0, 0, 0, 0, 0, 0, 0, 0, 2, 2, 0, 1, 0, 2, 2, 1, 2, 0, 2, 1, 1, 1, 1, 0, 0, 0, 0, 0, 0, 1, 1, 4, 4, 1, 3, 1, 1, 4, 0, 2, 5, 4, 2, 5, 1, 6, 2, 1, 294, 0, 0, 1, 0, 0, 0]","[[6 1 2 1]
 [1 0 2 1]]",-0.1954492113074392,-1,1
1431,"[7, 1, 6, 1, 12, 1, 7, 2, 0, 0, 0, 0, 0, 0, 2, 0, 2, 0, 1, 0, 0, 2, 0, 0, 1, 0, 1, 0, 0, 2, 0, 0, 0, 0, 0, 0, 0, 0, 0, 0, 2, 2, 0, 1, 0, 2, 2, 1, 2, 0, 2, 1, 1, 1, 1, 0, 0, 0, 0, 0, 0, 1, 1, 4, 4, 1, 3, 1, 1, 4, 0, 2, 5, 4, 2, 5, 1, 6, 2, 1, 294, 0, 0, 0, 0, 0, 0]",0,-0.1954492113074392,-1,0
1432,"[7, 1, 6, 1, 12, 1, 7, 2, 0, 0, 0, 0, 0, 0, 2, 0, 2, 0, 1, 0, 0, 2, 0, 0, 1, 0, 1, 0, 0, 2, 0, 0, 0, 0, 0, 0, 0, 0, 0, 0, 2, 2, 0, 1, 0, 2, 2, 1, 2, 0, 2, 1, 1, 1, 1, 0, 0, 0, 0, 0, 0, 1, 1, 4, 4, 1, 3, 1, 1, 4, 0, 2, 5, 4, 2, 5, 1, 6, 2, 1, 294, 0, 1, 0, 0, 0, 0]",2,0.4045507886925608,-1,0
1433,"[7, 1, 6, 1, 12, 1, 7, 2, 0, 0, 0, 0, 0, 0, 2, 0, 2, 0, 1, 0, 0, 2, 0, 0, 1, 0, 1, 0, 0, 2, 0, 0, 0, 0, 0, 0, 0, 0, 0, 0, 2, 2, 0, 1, 0, 2, 2, 1, 2, 0, 2, 1, 1, 1, 1, 0, 0, 0, 0, 0, 0, 1, 1, 4, 4, 1, 3, 1, 1, 4, 0, 2, 5, 4, 2, 5, 1, 6, 2, 1, 294, 0, 1, 0, 0, 1, 0]","[[0 1 0 0]
 [1 0 0 0]]",0.6549756537506517,-1,0
1434,"[8, 0, 6, 1, 11, 2, 7, 2, 0, 0, 0, 0, 0, 0, 2, 0, 2, 0, 1, 0, 0, 2, 0, 0, 1, 0, 1, 0, 0, 2, 0, 0, 0, 0, 0, 0, 0, 0, 0, 0, 2, 2, 0, 1, 0, 2, 2, 1, 2, 0, 2, 1, 1, 1, 1, 0, 0, 0, 0, 0, 0, 1, 1, 4, 4, 1, 3, 1, 1, 4, 0, 2, 5, 4, 2, 5, 1, 6, 2, 1, 294, 0, 0, 0, 0, 0, 0]",0,-0.1954492113074392,-1,1
1435,"[4, 0, 3, 1, 5, 1, 3, 1, 0, 0, 0, 0, 0, 0, 2, 0, 2, 0, 1, 0, 0, 2, 0, 0, 1, 0, 1, 0, 0, 2, 0, 0, 0, 0, 0, 0, 0, 0, 0, 0, 2, 2, 0, 1, 0, 2, 2, 1, 2, 0, 2, 1, 1, 1, 1, 0, 0, 0, 0, 0, 0, 1, 1, 4, 4, 1, 3, 1, 1, 4, 0, 2, 5, 4, 2, 5, 1, 6, 2, 4, 295, 0, 0, 0, 0, 0, 0]",4,16.410483238239962,-1,0
1436,"[4, 0, 3, 1, 5, 1, 3, 1, 0, 0, 0, 0, 0, 0, 2, 0, 2, 0, 1, 0, 0, 2, 0, 0, 1, 0, 1, 0, 0, 2, 0, 0, 0, 0, 0, 0, 0, 0, 0, 0, 2, 2, 0, 1, 0, 2, 2, 1, 2, 0, 2, 1, 1, 1, 1, 0, 0, 0, 0, 0, 0, 1, 1, 4, 4, 1, 3, 1, 1, 4, 0, 2, 5, 4, 2, 5, 1, 6, 2, 4, 295, 0, 0, 0, 0, 0, 0]",1,0.22318012070471932,-1,1
1437,"[4, 0, 3, 1, 5, 1, 3, 1, 0, 0, 0, 0, 0, 0, 2, 0, 2, 0, 1, 0, 0, 2, 0, 0, 1, 0, 1, 0, 0, 2, 0, 0, 0, 0, 0, 0, 0, 0, 0, 0, 2, 2, 0, 1, 0, 2, 2, 1, 2, 0, 2, 1, 1, 1, 1, 0, 0, 0, 0, 0, 0, 1, 1, 4, 4, 1, 3, 1, 1, 4, 0, 2, 5, 4, 2, 5, 1, 6, 2, 4, 295, 0, 0, 0, 0, 0, 0]",-1,-0.002616985297421619,-1,1
1438,"[4, 0, 3, 1, 5, 1, 3, 1, 0, 0, 0, 0, 0, 0, 2, 0, 2, 0, 1, 0, 0, 2, 0, 0, 1, 0, 1, 0, 0, 2, 0, 0, 0, 0, 0, 0, 0, 0, 0, 0, 2, 2, 0, 1, 0, 2, 2, 1, 2, 0, 2, 1, 1, 1, 1, 0, 0, 0, 0, 0, 0, 1, 1, 4, 4, 1, 3, 1, 1, 4, 0, 2, 5, 4, 2, 5, 1, 6, 2, 4, 295, 0, 1, 0, 0, 0, 0]",2,0.40437625418722606,-1,0
1439,"[4, 0, 3, 1, 5, 1, 3, 1, 0, 0, 0, 0, 0, 0, 2, 0, 2, 0, 1, 0, 0, 2, 0, 0, 1, 0, 1, 0, 0, 2, 0, 0, 0, 0, 0, 0, 0, 0, 0, 0, 2, 2, 0, 1, 0, 2, 2, 1, 2, 0, 2, 1, 1, 1, 1, 0, 0, 0, 0, 0, 0, 1, 1, 4, 4, 1, 3, 1, 1, 4, 0, 2, 5, 4, 2, 5, 1, 6, 2, 4, 295, 0, 1, 0, 0, 1, 0]","[[0 0 1 0]
 [0 0 0 1]]",0.6548011192453169,-1,0
1440,"[4, 0, 3, 1, 5, 1, 3, 1, 0, 0, 0, 0, 0, 0, 2, 0, 2, 0, 1, 0, 0, 2, 0, 0, 1, 0, 1, 0, 0, 2, 0, 0, 0, 0, 0, 0, 0, 0, 0, 0, 2, 2, 0, 1, 0, 2, 2, 1, 2, 0, 2, 1, 1, 1, 1, 0, 0, 0, 0, 0, 0, 1, 1, 4, 4, 1, 3, 1, 1, 4, 0, 2, 5, 4, 2, 5, 1, 6, 2, 4, 295, 0, 0, 0, 0, 0, 0]",1,-13.695623745812775,-1,1
1441,"[4, 0, 3, 1, 5, 1, 3, 1, 0, 0, 0, 0, 0, 0, 2, 0, 2, 0, 1, 0, 0, 2, 0, 0, 1, 0, 1, 0, 0, 2, 0, 0, 0, 0, 0, 0, 0, 0, 0, 0, 2, 2, 0, 1, 0, 2, 2, 1, 2, 0, 2, 1, 1, 1, 1, 0, 0, 0, 0, 0, 0, 1, 1, 4, 4, 1, 3, 1, 1, 4, 0, 2, 5, 4, 2, 5, 1, 6, 2, 4, 295, 1, 0, 0, 0, 0, 0]",3,0.2043762541872261,-1,0
1442,"[4, 0, 1, 2, 5, 1, 3, 1, 0, 0, 0, 0, 0, 0, 2, 0, 2, 0, 1, 0, 0, 2, 0, 0, 1, 0, 1, 0, 0, 2, 0, 0, 0, 0, 0, 0, 0, 0, 0, 0, 2, 2, 0, 1, 0, 2, 2, 1, 2, 0, 2, 1, 1, 1, 1, 0, 0, 0, 0, 0, 0, 1, 1, 4, 4, 1, 3, 1, 1, 4, 0, 2, 5, 4, 2, 5, 1, 6, 2, 4, 295, 0, 0, 0, 0, 0, 0]","[[0 0 2 0]
 [0 0 0 1]]",-0.19416606390173285,-1,0
1443,"[4, 0, 1, 2, 5, 1, 3, 1, 0, 0, 0, 0, 0, 0, 2, 0, 2, 0, 1, 0, 0, 2, 0, 0, 1, 0, 1, 0, 0, 2, 0, 0, 0, 0, 0, 0, 0, 0, 0, 0, 2, 2, 0, 1, 0, 2, 2, 1, 2, 0, 2, 1, 1, 1, 1, 0, 0, 0, 0, 0, 0, 1, 1, 4, 4, 1, 3, 1, 1, 4, 0, 2, 5, 4, 2, 5, 1, 6, 2, 4, 295, 1, 0, 0, 0, 0, 0]",3,0.2043762541872261,-1,0
1444,"[2, 0, 2, 2, 5, 1, 3, 1, 0, 0, 0, 0, 0, 0, 2, 0, 2, 0, 1, 0, 0, 2, 0, 0, 1, 0, 1, 0, 0, 2, 0, 0, 0, 0, 0, 0, 0, 0, 0, 0, 2, 2, 0, 1, 0, 2, 2, 1, 2, 0, 2, 1, 1, 1, 1, 0, 0, 0, 0, 0, 0, 1, 1, 4, 4, 1, 3, 1, 1, 4, 0, 2, 5, 4, 2, 5, 1, 6, 2, 4, 295, 0, 0, 0, 0, 0, 0]","[[2 0 0 0]
 [0 0 1 0]]",-0.19416606390173285,-1,0
1445,"[2, 0, 2, 2, 5, 1, 3, 1, 0, 0, 0, 0, 0, 0, 2, 0, 2, 0, 1, 0, 0, 2, 0, 0, 1, 0, 1, 0, 0, 2, 0, 0, 0, 0, 0, 0, 0, 0, 0, 0, 2, 2, 0, 1, 0, 2, 2, 1, 2, 0, 2, 1, 1, 1, 1, 0, 0, 0, 0, 0, 0, 1, 1, 4, 4, 1, 3, 1, 1, 4, 0, 2, 5, 4, 2, 5, 1, 6, 2, 4, 295, 1, 0, 0, 0, 0, 0]",3,0.2043762541872261,-1,0
1446,"[0, 0, 3, 2, 5, 1, 3, 1, 0, 0, 0, 0, 0, 0, 2, 0, 2, 0, 1, 0, 0, 2, 0, 0, 1, 0, 1, 0, 0, 2, 0, 0, 0, 0, 0, 0, 0, 0, 0, 0, 2, 2, 0, 1, 0, 2, 2, 1, 2, 0, 2, 1, 1, 1, 1, 0, 0, 0, 0, 0, 0, 1, 1, 4, 4, 1, 3, 1, 1, 4, 0, 2, 5, 4, 2, 5, 1, 6, 2, 4, 295, 0, 0, 0, 0, 0, 0]","[[2 0 0 0]
 [0 0 1 0]]",-0.19416606390173285,-1,0
1447,"[0, 0, 3, 2, 5, 1, 3, 1, 0, 0, 0, 0, 0, 0, 2, 0, 2, 0, 1, 0, 0, 2, 0, 0, 1, 0, 1, 0, 0, 2, 0, 0, 0, 0, 0, 0, 0, 0, 0, 0, 2, 2, 0, 1, 0, 2, 2, 1, 2, 0, 2, 1, 1, 1, 1, 0, 0, 0, 0, 0, 0, 1, 1, 4, 4, 1, 3, 1, 1, 4, 0, 2, 5, 4, 2, 5, 1, 6, 2, 4, 295, 0, 1, 0, 0, 0, 0]",2,0.40437625418722606,-1,0
1448,"[0, 0, 3, 2, 5, 1, 3, 1, 0, 0, 0, 0, 0, 0, 2, 0, 2, 0, 1, 0, 0, 2, 0, 0, 1, 0, 1, 0, 0, 2, 0, 0, 0, 0, 0, 0, 0, 0, 0, 0, 2, 2, 0, 1, 0, 2, 2, 1, 2, 0, 2, 1, 1, 1, 1, 0, 0, 0, 0, 0, 0, 1, 1, 4, 4, 1, 3, 1, 1, 4, 0, 2, 5, 4, 2, 5, 1, 6, 2, 4, 295, 0, 1, 0, 0, 1, 0]","[[0 0 0 1]
 [1 0 0 0]]",0.6548011192453169,-1,0
1449,"[0, 0, 3, 2, 5, 1, 3, 1, 0, 0, 0, 0, 0, 0, 2, 0, 2, 0, 1, 0, 0, 2, 0, 0, 1, 0, 1, 0, 0, 2, 0, 0, 0, 0, 0, 0, 0, 0, 0, 0, 2, 2, 0, 1, 0, 2, 2, 1, 2, 0, 2, 1, 1, 1, 1, 0, 0, 0, 0, 0, 0, 1, 1, 4, 4, 1, 3, 1, 1, 4, 0, 2, 5, 4, 2, 5, 1, 6, 2, 4, 295, 0, 1, 0, 0, 0, 1]",2,-0.19562374581277392,-1,1
1450,"[0, 0, 3, 2, 5, 1, 3, 1, 0, 0, 0, 0, 0, 0, 2, 0, 2, 0, 1, 0, 0, 2, 0, 0, 1, 0, 1, 0, 0, 2, 0, 0, 0, 0, 0, 0, 0, 0, 0, 0, 2, 2, 0, 1, 0, 2, 2, 1, 2, 0, 2, 1, 1, 1, 1, 0, 0, 0, 0, 0, 0, 1, 1, 4, 4, 1, 3, 1, 1, 4, 0, 2, 5, 4, 2, 5, 1, 6, 2, 4, 295, 0, 0, 1, 0, 0, 0]","[[2 0 1 0]
 [0 0 1 1]]",-0.19562374581277392,-1,1
1451,"[0, 0, 3, 2, 5, 1, 3, 1, 0, 0, 0, 0, 0, 0, 2, 0, 2, 0, 1, 0, 0, 2, 0, 0, 1, 0, 1, 0, 0, 2, 0, 0, 0, 0, 0, 0, 0, 0, 0, 0, 2, 2, 0, 1, 0, 2, 2, 1, 2, 0, 2, 1, 1, 1, 1, 0, 0, 0, 0, 0, 0, 1, 1, 4, 4, 1, 3, 1, 1, 4, 0, 2, 5, 4, 2, 5, 1, 6, 2, 4, 295, 0, 0, 0, 0, 0, 0]",1,-4.950303323196113,-1,0
1452,"[0, 0, 3, 2, 5, 1, 3, 1, 0, 0, 0, 0, 0, 0, 2, 0, 2, 0, 1, 0, 0, 2, 0, 0, 1, 0, 1, 0, 0, 2, 0, 0, 0, 0, 0, 0, 0, 0, 0, 0, 2, 2, 0, 1, 0, 2, 2, 1, 2, 0, 2, 1, 1, 1, 1, 0, 0, 0, 0, 0, 0, 1, 1, 4, 4, 1, 3, 1, 1, 4, 0, 2, 5, 4, 2, 5, 1, 6, 2, 4, 295, 0, 1, 0, 0, 0, 0]",2,0.40437625418722606,-1,0
1453,"[0, 0, 3, 2, 5, 1, 3, 1, 0, 0, 0, 0, 0, 0, 2, 0, 2, 0, 1, 0, 0, 2, 0, 0, 1, 0, 1, 0, 0, 2, 0, 0, 0, 0, 0, 0, 0, 0, 0, 0, 2, 2, 0, 1, 0, 2, 2, 1, 2, 0, 2, 1, 1, 1, 1, 0, 0, 0, 0, 0, 0, 1, 1, 4, 4, 1, 3, 1, 1, 4, 0, 2, 5, 4, 2, 5, 1, 6, 2, 4, 295, 0, 1, 0, 0, 1, 0]","[[0 0 1 0]
 [0 1 0 0]]",0.6548011192453169,-1,0
1454,"[0, 0, 3, 2, 5, 1, 3, 1, 0, 0, 0, 0, 0, 0, 2, 0, 2, 0, 1, 0, 0, 2, 0, 0, 1, 0, 1, 0, 0, 2, 0, 0, 0, 0, 0, 0, 0, 0, 0, 0, 2, 2, 0, 1, 0, 2, 2, 1, 2, 0, 2, 1, 1, 1, 1, 0, 0, 0, 0, 0, 0, 1, 1, 4, 4, 1, 3, 1, 1, 4, 0, 2, 5, 4, 2, 5, 1, 6, 2, 4, 295, 0, 0, 0, 0, 0, 0]",1,-16.00701204665467,-1,1
1455,"[0, 0, 3, 2, 5, 1, 3, 1, 0, 0, 0, 0, 0, 0, 2, 0, 2, 0, 1, 0, 0, 2, 0, 0, 1, 0, 1, 0, 0, 2, 0, 0, 0, 0, 0, 0, 0, 0, 0, 0, 2, 2, 0, 1, 0, 2, 2, 1, 2, 0, 2, 1, 1, 1, 1, 0, 0, 0, 0, 0, 0, 1, 1, 4, 4, 1, 3, 1, 1, 4, 0, 2, 5, 4, 2, 5, 1, 6, 2, 4, 295, 1, 0, 0, 0, 0, 0]",3,0.2043762541872261,-1,0
1456,"[0, 0, 1, 3, 5, 1, 3, 1, 0, 0, 0, 0, 0, 0, 2, 0, 2, 0, 1, 0, 0, 2, 0, 0, 1, 0, 1, 0, 0, 2, 0, 0, 0, 0, 0, 0, 0, 0, 0, 0, 2, 2, 0, 1, 0, 2, 2, 1, 2, 0, 2, 1, 1, 1, 1, 0, 0, 0, 0, 0, 0, 1, 1, 4, 4, 1, 3, 1, 1, 4, 0, 2, 5, 4, 2, 5, 1, 6, 2, 4, 295, 0, 0, 0, 0, 0, 0]","[[0 0 2 0]
 [0 0 0 1]]",-0.19416606390173285,-1,0
1457,"[0, 0, 1, 3, 5, 1, 3, 1, 0, 0, 0, 0, 0, 0, 2, 0, 2, 0, 1, 0, 0, 2, 0, 0, 1, 0, 1, 0, 0, 2, 0, 0, 0, 0, 0, 0, 0, 0, 0, 0, 2, 2, 0, 1, 0, 2, 2, 1, 2, 0, 2, 1, 1, 1, 1, 0, 0, 0, 0, 0, 0, 1, 1, 4, 4, 1, 3, 1, 1, 4, 0, 2, 5, 4, 2, 5, 1, 6, 2, 4, 295, 1, 0, 0, 0, 0, 0]",3,0.2043762541872261,-1,0
1458,"[0, 1, 1, 1, 5, 1, 3, 1, 0, 0, 0, 0, 0, 0, 2, 0, 2, 0, 1, 0, 0, 2, 0, 0, 1, 0, 1, 0, 0, 2, 0, 0, 0, 0, 0, 0, 0, 0, 0, 0, 2, 2, 0, 1, 0, 2, 2, 1, 2, 0, 2, 1, 1, 1, 1, 0, 0, 0, 0, 0, 0, 1, 1, 4, 4, 1, 3, 1, 1, 4, 0, 2, 5, 4, 2, 5, 1, 6, 2, 4, 295, 0, 0, 0, 0, 0, 0]","[[0 0 0 2]
 [0 1 0 0]]",-0.19416606390173285,-1,0
1459,"[0, 1, 1, 1, 5, 1, 3, 1, 0, 0, 0, 0, 0, 0, 2, 0, 2, 0, 1, 0, 0, 2, 0, 0, 1, 0, 1, 0, 0, 2, 0, 0, 0, 0, 0, 0, 0, 0, 0, 0, 2, 2, 0, 1, 0, 2, 2, 1, 2, 0, 2, 1, 1, 1, 1, 0, 0, 0, 0, 0, 0, 1, 1, 4, 4, 1, 3, 1, 1, 4, 0, 2, 5, 4, 2, 5, 1, 6, 2, 4, 295, 0, 1, 0, 0, 0, 0]",2,0.40437625418722606,-1,0
1460,"[0, 1, 1, 1, 5, 1, 3, 1, 0, 0, 0, 0, 0, 0, 2, 0, 2, 0, 1, 0, 0, 2, 0, 0, 1, 0, 1, 0, 0, 2, 0, 0, 0, 0, 0, 0, 0, 0, 0, 0, 2, 2, 0, 1, 0, 2, 2, 1, 2, 0, 2, 1, 1, 1, 1, 0, 0, 0, 0, 0, 0, 1, 1, 4, 4, 1, 3, 1, 1, 4, 0, 2, 5, 4, 2, 5, 1, 6, 2, 4, 295, 0, 1, 0, 0, 1, 0]","[[0 0 1 0]
 [1 0 0 0]]",0.6548011192453169,-1,0
1461,"[0, 1, 1, 1, 5, 1, 3, 1, 0, 0, 0, 0, 0, 0, 2, 0, 2, 0, 1, 0, 0, 2, 0, 0, 1, 0, 1, 0, 0, 2, 0, 0, 0, 0, 0, 0, 0, 0, 0, 0, 2, 2, 0, 1, 0, 2, 2, 1, 2, 0, 2, 1, 1, 1, 1, 0, 0, 0, 0, 0, 0, 1, 1, 4, 4, 1, 3, 1, 1, 4, 0, 2, 5, 4, 2, 5, 1, 6, 2, 4, 295, 0, 0, 0, 0, 0, 0]",-1,-0.002616985297421619,-1,1
1462,"[0, 1, 1, 1, 5, 1, 3, 3, 0, 0, 0, 0, 0, 0, 2, 0, 2, 0, 1, 0, 0, 2, 0, 0, 1, 0, 1, 0, 0, 2, 0, 0, 0, 0, 0, 0, 0, 0, 0, 0, 2, 2, 0, 1, 0, 2, 2, 1, 2, 0, 2, 1, 1, 1, 1, 0, 0, 0, 0, 0, 0, 1, 1, 4, 4, 1, 3, 1, 1, 4, 0, 2, 5, 4, 2, 5, 1, 6, 2, 4, 296, 0, 0, 0, 0, 0, 0]",4,16.922835524009056,-1,0
1463,"[0, 1, 1, 1, 7, 1, 3, 3, 0, 0, 0, 0, 0, 0, 2, 0, 2, 0, 1, 0, 0, 2, 0, 0, 1, 0, 1, 0, 0, 2, 0, 0, 0, 0, 0, 0, 0, 0, 0, 0, 2, 2, 0, 1, 0, 2, 2, 1, 2, 0, 2, 1, 1, 1, 1, 0, 0, 0, 0, 0, 0, 1, 1, 4, 4, 1, 3, 1, 1, 4, 0, 2, 5, 4, 2, 5, 1, 6, 2, 4, 297, 0, 0, 0, 0, 0, 0]",4,15.774634962608213,-1,1
1464,"[0, 1, 1, 1, 7, 1, 3, 3, 0, 0, 0, 0, 0, 0, 2, 0, 2, 0, 1, 0, 0, 2, 0, 0, 1, 0, 1, 0, 0, 2, 0, 0, 0, 0, 0, 0, 0, 0, 0, 0, 2, 2, 0, 1, 0, 2, 2, 1, 2, 0, 2, 1, 1, 1, 1, 0, 0, 0, 0, 0, 0, 1, 1, 4, 4, 1, 3, 1, 1, 4, 0, 2, 5, 4, 2, 5, 1, 6, 2, 4, 297, 0, 1, 0, 0, 0, 0]",2,0.40404659941915705,-1,0
1465,"[0, 1, 1, 1, 7, 1, 3, 3, 0, 0, 0, 0, 0, 0, 2, 0, 2, 0, 1, 0, 0, 2, 0, 0, 1, 0, 1, 0, 0, 2, 0, 0, 0, 0, 0, 0, 0, 0, 0, 0, 2, 2, 0, 1, 0, 2, 2, 1, 2, 0, 2, 1, 1, 1, 1, 0, 0, 0, 0, 0, 0, 1, 1, 4, 4, 1, 3, 1, 1, 4, 0, 2, 5, 4, 2, 5, 1, 6, 2, 4, 297, 0, 1, 0, 0, 1, 0]","[[0 1 0 0]
 [1 0 0 0]]",0.654471464477248,-1,0
1466,"[0, 1, 1, 1, 7, 1, 3, 3, 0, 0, 0, 0, 0, 0, 2, 0, 2, 0, 1, 0, 0, 2, 0, 0, 1, 0, 1, 0, 0, 2, 0, 0, 0, 0, 0, 0, 0, 0, 0, 0, 2, 2, 0, 1, 0, 2, 2, 1, 2, 0, 2, 1, 1, 1, 1, 0, 0, 0, 0, 0, 0, 1, 1, 4, 4, 1, 3, 1, 1, 4, 0, 2, 5, 4, 2, 5, 1, 6, 2, 4, 297, 0, 1, 0, 0, 0, 1]",2,-0.19595340058084293,-1,1
1467,"[0, 1, 1, 1, 7, 1, 3, 3, 0, 0, 0, 0, 0, 0, 2, 0, 2, 0, 1, 0, 0, 2, 0, 0, 1, 0, 1, 0, 0, 2, 0, 0, 0, 0, 0, 0, 0, 0, 0, 0, 2, 2, 0, 1, 0, 2, 2, 1, 2, 0, 2, 1, 1, 1, 1, 0, 0, 0, 0, 0, 0, 1, 1, 4, 4, 1, 3, 1, 1, 4, 0, 2, 5, 4, 2, 5, 1, 6, 2, 4, 297, 0, 0, 1, 0, 0, 0]","[[3 0 1 1]
 [0 1 1 1]]",-0.19595340058084293,-1,1
1468,"[0, 1, 1, 1, 7, 1, 3, 3, 0, 0, 0, 0, 0, 0, 2, 0, 2, 0, 1, 0, 0, 2, 0, 0, 1, 0, 1, 0, 0, 2, 0, 0, 0, 0, 0, 0, 0, 0, 0, 0, 2, 2, 0, 1, 0, 2, 2, 1, 2, 0, 2, 1, 1, 1, 1, 0, 0, 0, 0, 0, 0, 1, 1, 4, 4, 1, 3, 1, 1, 4, 0, 2, 5, 4, 2, 5, 1, 6, 2, 4, 297, 0, 0, 0, 0, 0, 0]",1,-5.526754479048029,-1,0
1469,"[0, 1, 1, 1, 7, 1, 3, 3, 0, 0, 0, 0, 0, 0, 2, 0, 2, 0, 1, 0, 0, 2, 0, 0, 1, 0, 1, 0, 0, 2, 0, 0, 0, 0, 0, 0, 0, 0, 0, 0, 2, 2, 0, 1, 0, 2, 2, 1, 2, 0, 2, 1, 1, 1, 1, 0, 0, 0, 0, 0, 0, 1, 1, 4, 4, 1, 3, 1, 1, 4, 0, 2, 5, 4, 2, 5, 1, 6, 2, 4, 298, 0, 0, 0, 0, 0, 0]",4,16.92241463195695,-1,0
1470,"[0, 1, 1, 1, 7, 1, 3, 3, 0, 0, 0, 0, 0, 0, 2, 0, 2, 0, 1, 0, 0, 2, 0, 0, 1, 0, 1, 0, 0, 2, 0, 0, 0, 0, 0, 0, 0, 0, 0, 0, 2, 2, 0, 1, 0, 2, 2, 1, 2, 0, 2, 1, 1, 1, 1, 0, 0, 0, 0, 0, 0, 1, 1, 4, 4, 1, 3, 1, 1, 4, 0, 2, 5, 4, 2, 5, 1, 6, 2, 4, 298, 0, 1, 0, 0, 0, 0]",2,0.4038910169136386,-1,1
1471,"[0, 1, 1, 1, 7, 1, 3, 3, 0, 0, 0, 0, 0, 0, 2, 0, 2, 0, 1, 0, 0, 2, 0, 0, 1, 0, 1, 0, 0, 2, 0, 0, 0, 0, 0, 0, 0, 0, 0, 0, 2, 2, 0, 1, 0, 2, 2, 1, 2, 0, 2, 1, 1, 1, 1, 0, 0, 0, 0, 0, 0, 1, 1, 4, 4, 1, 3, 1, 1, 4, 0, 2, 5, 4, 2, 5, 1, 6, 2, 4, 298, 0, 1, 0, 0, 1, 0]","[[2 0 1 1]
 [0 1 1 1]]",-0.03017677426232901,-1,1
1472,"[0, 1, 1, 1, 7, 1, 3, 3, 0, 0, 0, 0, 0, 0, 2, 0, 2, 0, 1, 0, 0, 2, 0, 0, 1, 0, 1, 0, 0, 2, 0, 0, 0, 0, 0, 0, 0, 0, 0, 0, 2, 2, 0, 1, 0, 2, 2, 1, 2, 0, 2, 1, 1, 1, 1, 0, 0, 0, 0, 0, 0, 1, 1, 4, 4, 1, 3, 1, 1, 4, 0, 2, 5, 4, 2, 5, 1, 6, 2, 4, 298, 0, 1, 0, 0, 0, 1]",2,-0.1961089830863614,-1,0
1473,"[0, 1, 1, 1, 7, 1, 3, 3, 0, 0, 0, 0, 0, 0, 2, 0, 2, 0, 1, 0, 0, 2, 0, 0, 1, 0, 1, 0, 0, 2, 0, 0, 0, 0, 0, 0, 0, 0, 0, 0, 2, 2, 0, 1, 0, 2, 2, 1, 2, 0, 2, 1, 1, 1, 1, 0, 0, 0, 0, 0, 0, 1, 1, 4, 4, 1, 3, 1, 1, 4, 0, 2, 5, 4, 2, 5, 1, 6, 2, 4, 298, 0, 0, 1, 0, 0, 0]","[[0 0 0 1]
 [1 0 0 0]]",-0.1961089830863614,-1,0
1474,"[0, 1, 1, 1, 7, 1, 3, 3, 0, 0, 0, 0, 0, 0, 2, 0, 2, 0, 1, 0, 0, 2, 0, 0, 1, 0, 1, 0, 0, 2, 0, 0, 0, 0, 0, 0, 0, 0, 0, 0, 2, 2, 0, 1, 0, 2, 2, 1, 2, 0, 2, 1, 1, 1, 1, 0, 0, 0, 0, 0, 0, 1, 1, 4, 4, 1, 3, 1, 1, 4, 0, 2, 5, 4, 2, 5, 1, 6, 2, 4, 298, 0, 0, 0, 0, 0, 0]",-1,-0.0025396416932449255,-1,1
1475,"[0, 1, 1, 1, 7, 1, 3, 3, 0, 0, 0, 0, 0, 0, 2, 0, 2, 0, 1, 0, 0, 2, 0, 0, 1, 0, 1, 0, 0, 2, 0, 0, 0, 0, 0, 0, 0, 0, 0, 0, 2, 2, 0, 1, 0, 2, 2, 1, 2, 0, 2, 1, 1, 1, 1, 0, 0, 0, 0, 0, 0, 1, 1, 4, 4, 1, 3, 1, 1, 4, 0, 2, 5, 4, 2, 5, 1, 6, 2, 4, 299, 0, 0, 0, 0, 0, 0]",4,15.774227056849142,-1,1
1476,"[0, 1, 1, 1, 7, 1, 3, 5, 0, 0, 0, 0, 0, 0, 2, 0, 2, 0, 1, 0, 0, 2, 0, 0, 1, 0, 1, 0, 0, 2, 0, 0, 0, 0, 0, 0, 0, 0, 0, 0, 2, 2, 0, 1, 0, 2, 2, 1, 2, 0, 2, 1, 1, 1, 1, 0, 0, 0, 0, 0, 0, 1, 1, 4, 4, 1, 3, 1, 1, 4, 0, 2, 5, 4, 2, 5, 1, 6, 2, 4, 300, 0, 0, 0, 0, 0, 0]",4,16.922019269674895,-1,0
1477,"[0, 1, 1, 1, 7, 1, 3, 5, 0, 0, 0, 0, 0, 0, 2, 0, 2, 0, 1, 0, 0, 2, 0, 0, 1, 0, 1, 0, 0, 2, 0, 0, 0, 0, 0, 0, 0, 0, 0, 0, 2, 2, 0, 1, 0, 2, 2, 1, 2, 0, 2, 1, 1, 1, 1, 0, 0, 0, 0, 0, 0, 1, 1, 4, 4, 1, 3, 1, 1, 4, 0, 2, 5, 4, 2, 5, 1, 6, 2, 4, 300, 0, 0, 0, 0, 0, 0]",1,0.22240110850991154,-1,1
1478,"[0, 1, 1, 1, 7, 1, 3, 5, 0, 0, 0, 0, 0, 0, 2, 0, 2, 0, 1, 0, 0, 2, 0, 0, 1, 0, 1, 0, 0, 2, 0, 0, 0, 0, 0, 0, 0, 0, 0, 0, 2, 2, 0, 1, 0, 2, 2, 1, 2, 0, 2, 1, 1, 1, 1, 0, 0, 0, 0, 0, 0, 1, 1, 4, 4, 1, 3, 1, 1, 4, 0, 2, 5, 4, 2, 5, 1, 6, 2, 4, 300, 0, 0, 0, 0, 0, 0]",-1,-0.0024893534183931974,-1,1
1479,"[0, 1, 1, 1, 7, 1, 3, 5, 0, 0, 0, 0, 0, 0, 2, 0, 2, 0, 1, 0, 0, 2, 0, 0, 1, 0, 1, 0, 0, 2, 0, 0, 0, 0, 0, 0, 0, 0, 0, 0, 2, 2, 0, 1, 0, 2, 2, 1, 2, 0, 2, 1, 1, 1, 1, 0, 0, 0, 0, 0, 0, 1, 1, 4, 4, 1, 3, 1, 1, 4, 0, 2, 5, 4, 2, 5, 1, 6, 2, 4, 301, 0, 0, 0, 0, 0, 0]",4,15.793817641211538,-1,1
1480,"[0, 1, 1, 1, 7, 1, 3, 5, 0, 0, 0, 0, 0, 0, 2, 0, 2, 0, 1, 0, 0, 2, 0, 0, 1, 0, 1, 0, 0, 2, 0, 0, 0, 0, 0, 0, 0, 0, 0, 0, 2, 2, 0, 1, 0, 2, 2, 1, 2, 0, 2, 1, 1, 1, 1, 0, 0, 0, 0, 0, 0, 1, 1, 4, 4, 1, 3, 1, 1, 4, 0, 2, 5, 4, 2, 5, 1, 6, 2, 4, 301, 1, 0, 0, 0, 0, 0]",3,0.2034586313139811,-1,0
1481,"[0, 1, 1, 1, 7, 1, 3, 5, 0, 0, 0, 0, 0, 0, 2, 0, 2, 0, 1, 0, 0, 2, 0, 0, 1, 0, 1, 0, 0, 2, 0, 0, 0, 0, 0, 0, 0, 0, 0, 0, 2, 2, 0, 1, 0, 2, 2, 1, 2, 0, 2, 1, 1, 1, 1, 0, 0, 0, 0, 0, 0, 1, 1, 4, 4, 1, 3, 1, 1, 4, 0, 2, 5, 4, 2, 5, 1, 6, 2, 4, 301, 0, 0, 0, 0, 0, 0]",-1,-0.0024645839380231078,-1,0
1482,"[0, 1, 1, 1, 7, 1, 3, 5, 0, 0, 0, 0, 0, 0, 2, 0, 2, 0, 1, 0, 0, 2, 0, 0, 1, 0, 1, 0, 0, 2, 0, 0, 0, 0, 0, 0, 0, 0, 0, 0, 2, 2, 0, 1, 0, 2, 2, 1, 2, 0, 2, 1, 1, 1, 1, 0, 0, 0, 0, 0, 0, 1, 1, 4, 4, 1, 3, 1, 1, 4, 0, 2, 5, 4, 2, 5, 1, 6, 2, 4, 301, 1, 0, 0, 0, 0, 0]",3,0.2034586313139811,-1,0
1483,"[0, 1, 1, 1, 7, 1, 3, 5, 0, 0, 0, 0, 0, 0, 2, 0, 2, 0, 1, 0, 0, 2, 0, 0, 1, 0, 1, 0, 0, 2, 0, 0, 0, 0, 0, 0, 0, 0, 0, 0, 2, 2, 0, 1, 0, 2, 2, 1, 2, 0, 2, 1, 1, 1, 1, 0, 0, 0, 0, 0, 0, 1, 1, 4, 4, 1, 3, 1, 1, 4, 0, 2, 5, 4, 2, 5, 1, 6, 2, 4, 301, 0, 0, 0, 0, 0, 0]",-1,-0.0024645839380231078,-1,0
1484,"[1, 2, 1, 1, 8, 2, 3, 5, 0, 0, 0, 0, 0, 0, 2, 0, 2, 0, 1, 0, 0, 2, 0, 0, 1, 0, 1, 0, 0, 2, 0, 0, 0, 0, 0, 0, 0, 0, 0, 0, 2, 2, 0, 1, 0, 2, 2, 1, 2, 0, 2, 1, 1, 1, 1, 0, 0, 0, 0, 0, 0, 1, 1, 4, 4, 1, 3, 1, 1, 4, 0, 2, 5, 4, 2, 5, 1, 6, 2, 4, 302, 0, 0, 0, 0, 0, 0]",4,17.034853658242962,-1,0
1485,"[1, 2, 1, 1, 8, 2, 3, 5, 0, 0, 0, 0, 0, 0, 2, 0, 2, 0, 1, 0, 0, 2, 0, 0, 1, 0, 1, 0, 0, 2, 0, 0, 0, 0, 0, 0, 0, 0, 0, 0, 2, 2, 0, 1, 0, 2, 2, 1, 2, 0, 2, 1, 1, 1, 1, 0, 0, 0, 0, 0, 0, 1, 1, 4, 4, 1, 3, 1, 1, 4, 0, 2, 5, 4, 2, 5, 1, 6, 2, 4, 302, 0, 0, 0, 0, 0, 0]",0,0.24604414364514943,-1,1
1486,"[1, 2, 1, 1, 7, 1, 3, 5, 0, 0, 0, 0, 0, 0, 2, 0, 2, 0, 1, 0, 0, 2, 0, 0, 1, 0, 1, 0, 0, 2, 0, 0, 0, 0, 0, 0, 0, 0, 0, 2, 2, 2, 0, 1, 0, 2, 2, 1, 2, 0, 2, 1, 1, 1, 1, 0, 0, 0, 0, 0, 0, 1, 1, 4, 4, 1, 3, 1, 1, 4, 0, 2, 5, 4, 2, 5, 1, 6, 2, 4, 302, 0, 0, 0, 0, 0, 0]",7,0.4932997523491888,-1,1
1487,"[1, 2, 1, 1, 7, 1, 3, 5, 0, 0, 0, 0, 0, 0, 2, 0, 2, 0, 1, 0, 0, 2, 0, 0, 1, 0, 1, 0, 0, 2, 0, 0, 0, 0, 0, 0, 0, 0, 0, 2, 2, 2, 0, 1, 0, 2, 2, 1, 2, 0, 2, 1, 1, 1, 1, 0, 0, 0, 0, 0, 0, 1, 1, 4, 4, 1, 3, 1, 1, 4, 0, 2, 5, 4, 2, 5, 1, 6, 2, 4, 302, 0, 0, 0, 0, 0, 0]",-1,-0.0024400609181006484,-1,1
1488,"[1, 2, 1, 1, 7, 1, 3, 5, 0, 0, 0, 0, 0, 0, 2, 0, 2, 0, 1, 0, 0, 2, 0, 0, 1, 0, 1, 0, 0, 2, 0, 0, 0, 0, 0, 0, 0, 0, 0, 2, 2, 2, 0, 1, 0, 2, 2, 1, 2, 0, 2, 1, 1, 1, 1, 0, 0, 0, 0, 0, 0, 1, 1, 4, 4, 1, 3, 1, 1, 4, 0, 2, 5, 4, 2, 5, 1, 6, 2, 4, 303, 0, 0, 0, 0, 0, 0]",4,16.913457394565413,-1,1
1489,"[1, 1, 1, 1, 3, 1, 1, 2, 0, 0, 0, 0, 0, 0, 2, 0, 2, 0, 1, 0, 0, 2, 0, 0, 1, 0, 1, 0, 0, 2, 0, 0, 0, 0, 0, 0, 0, 0, 0, 2, 2, 2, 0, 1, 0, 2, 2, 1, 2, 0, 2, 1, 1, 1, 1, 0, 0, 0, 0, 0, 0, 1, 1, 4, 4, 1, 3, 1, 1, 4, 0, 2, 5, 4, 2, 5, 1, 6, 2, 4, 304, 0, 0, 0, 0, 0, 0]",4,17.58790510492566,-1,0
1490,"[1, 1, 1, 1, 3, 1, 1, 2, 0, 0, 0, 0, 0, 0, 2, 0, 2, 0, 1, 0, 0, 2, 0, 0, 1, 0, 1, 0, 0, 2, 0, 0, 0, 0, 0, 0, 0, 0, 0, 2, 2, 2, 0, 1, 0, 2, 2, 1, 2, 0, 2, 1, 1, 1, 1, 0, 0, 0, 0, 0, 0, 1, 1, 4, 4, 1, 3, 1, 1, 4, 0, 2, 5, 4, 2, 5, 1, 6, 2, 4, 304, 1, 0, 0, 0, 0, 0]",3,0.20307354111305512,-1,1
1491,"[1, 1, 1, 1, 3, 1, 1, 2, 0, 0, 0, 0, 0, 0, 2, 0, 2, 0, 1, 0, 0, 2, 0, 0, 1, 0, 1, 0, 0, 2, 0, 0, 0, 0, 0, 0, 0, 0, 0, 2, 2, 2, 0, 1, 0, 2, 2, 1, 2, 0, 2, 1, 1, 1, 1, 0, 0, 0, 0, 0, 0, 1, 1, 4, 4, 1, 3, 1, 1, 4, 0, 2, 5, 4, 2, 5, 1, 6, 2, 4, 304, 0, 0, 0, 0, 0, 0]",-1,-0.0023917444747099184,-1,1
1492,"[1, 1, 1, 1, 1, 1, 1, 1, 0, 0, 0, 0, 0, 0, 2, 0, 2, 0, 1, 0, 0, 2, 0, 0, 1, 0, 1, 0, 0, 2, 0, 0, 0, 0, 0, 0, 0, 0, 0, 2, 2, 2, 0, 1, 0, 2, 2, 1, 2, 0, 2, 1, 1, 1, 1, 0, 0, 0, 0, 0, 0, 1, 1, 4, 4, 1, 3, 1, 1, 4, 0, 2, 5, 4, 2, 5, 1, 6, 2, 4, 305, 0, 0, 0, 0, 0, 0]",4,18.007738295288075,-1,1
1493,"[1, 1, 1, 1, 1, 1, 1, 1, 0, 0, 0, 0, 0, 0, 2, 0, 2, 0, 1, 0, 0, 2, 0, 0, 1, 0, 1, 0, 0, 2, 0, 0, 0, 0, 0, 0, 0, 0, 0, 2, 2, 2, 0, 1, 0, 2, 2, 1, 2, 0, 2, 1, 1, 1, 1, 0, 0, 0, 0, 0, 0, 1, 1, 4, 4, 1, 3, 1, 1, 4, 0, 2, 5, 4, 2, 5, 1, 6, 2, 3, 306, 0, 0, 0, 0, 0, 0]",4,17.58757648471365,-1,0
1494,"[1, 1, 1, 1, 1, 1, 1, 1, 0, 0, 0, 0, 0, 0, 2, 0, 2, 0, 1, 0, 0, 2, 0, 0, 1, 0, 1, 0, 0, 2, 0, 0, 0, 0, 0, 0, 0, 0, 0, 2, 2, 2, 0, 1, 0, 2, 2, 1, 2, 0, 2, 1, 1, 1, 1, 0, 0, 0, 0, 0, 0, 1, 1, 4, 4, 1, 3, 1, 1, 4, 0, 2, 5, 4, 2, 5, 1, 6, 2, 3, 306, 0, 0, 0, 0, 0, 0]",0,0.18624638252815454,-1,1
1495,"[1, 1, 1, 1, 1, 1, 1, 1, 0, 0, 0, 0, 0, 0, 2, 0, 2, 0, 1, 0, 0, 2, 0, 0, 1, 0, 1, 0, 0, 2, 0, 0, 0, 0, 0, 0, 0, 0, 0, 2, 2, 2, 0, 1, 0, 2, 2, 1, 2, 0, 2, 1, 1, 1, 1, 0, 0, 0, 0, 0, 0, 1, 1, 4, 4, 1, 3, 1, 1, 4, 0, 2, 5, 4, 2, 5, 1, 6, 2, 3, 306, 0, 0, 0, 0, 0, 0]",-1,-0.0023443847609994246,-1,1
1496,"[1, 1, 1, 1, 1, 1, 1, 1, 0, 0, 0, 0, 0, 0, 2, 0, 2, 0, 1, 0, 0, 2, 0, 0, 1, 0, 1, 0, 0, 2, 0, 0, 0, 0, 0, 0, 0, 0, 0, 2, 2, 2, 0, 1, 0, 2, 2, 1, 2, 0, 2, 1, 1, 1, 1, 0, 0, 0, 0, 0, 0, 1, 1, 4, 4, 1, 3, 1, 1, 4, 0, 2, 5, 4, 2, 5, 1, 6, 2, 3, 307, 0, 0, 0, 0, 0, 0]",4,18.007419501341467,-1,1
1497,"[1, 1, 1, 1, 1, 1, 1, 1, 0, 0, 0, 0, 0, 0, 2, 0, 2, 0, 1, 0, 0, 2, 0, 0, 1, 0, 1, 0, 0, 2, 0, 0, 0, 0, 0, 0, 0, 0, 0, 2, 2, 2, 0, 1, 0, 2, 2, 1, 2, 0, 2, 1, 1, 1, 1, 0, 0, 0, 0, 0, 0, 1, 1, 4, 4, 1, 3, 1, 1, 4, 0, 2, 5, 4, 2, 5, 1, 6, 2, 3, 307, 0, 0, 0, 0, 0, 0]",0,0.1861365220730865,-1,0
1498,"[1, 1, 1, 1, 1, 1, 1, 1, 0, 0, 0, 0, 0, 0, 2, 0, 2, 0, 1, 0, 0, 2, 0, 0, 1, 0, 1, 0, 0, 2, 0, 0, 0, 0, 0, 0, 0, 0, 0, 2, 2, 2, 0, 1, 0, 2, 2, 1, 2, 0, 2, 1, 1, 1, 1, 0, 0, 0, 0, 0, 0, 1, 1, 4, 4, 1, 3, 1, 1, 4, 0, 2, 5, 4, 2, 5, 1, 6, 2, 3, 307, 0, 0, 0, 0, 0, 0]",-1,-0.0023210577428715625,-1,0
1499,"[1, 1, 1, 1, 1, 1, 1, 1, 0, 0, 0, 0, 0, 0, 2, 0, 2, 0, 1, 0, 0, 2, 0, 0, 1, 0, 1, 0, 0, 2, 0, 0, 0, 0, 0, 0, 0, 0, 0, 2, 2, 2, 0, 1, 0, 2, 2, 1, 2, 0, 2, 1, 1, 1, 1, 0, 0, 0, 0, 0, 0, 1, 1, 4, 4, 1, 3, 1, 1, 4, 0, 2, 5, 4, 2, 5, 1, 6, 2, 3, 307, 0, 0, 0, 0, 0, 0]",1,0.43751869041864433,-1,0
1500,"[1, 1, 1, 1, 1, 1, 1, 1, 0, 0, 0, 0, 0, 0, 2, 0, 2, 0, 1, 0, 0, 2, 0, 0, 1, 0, 1, 0, 0, 2, 0, 0, 0, 0, 0, 0, 0, 0, 0, 2, 2, 2, 0, 1, 0, 2, 2, 1, 2, 0, 2, 1, 1, 1, 1, 0, 0, 0, 0, 0, 0, 1, 1, 4, 4, 1, 3, 1, 1, 4, 0, 2, 5, 4, 2, 5, 1, 6, 2, 3, 307, 0, 0, 0, 0, 0, 0]",-1,-0.0023210577428715625,-1,0
1501,"[1, 1, 1, 1, 1, 1, 1, 1, 0, 0, 0, 0, 0, 0, 2, 0, 2, 0, 1, 0, 0, 2, 0, 0, 1, 0, 1, 0, 0, 2, 0, 0, 0, 0, 0, 0, 0, 0, 0, 2, 2, 2, 0, 1, 0, 2, 2, 1, 2, 0, 2, 1, 1, 1, 1, 0, 0, 0, 0, 0, 0, 1, 1, 4, 4, 1, 3, 1, 1, 4, 0, 2, 5, 4, 2, 5, 1, 6, 2, 3, 308, 0, 0, 0, 0, 0, 0]",4,17.587267179153162,-1,0
1502,"[1, 1, 1, 1, 1, 1, 1, 1, 0, 0, 0, 0, 0, 0, 2, 0, 2, 0, 1, 0, 0, 2, 0, 0, 1, 0, 1, 0, 0, 2, 0, 0, 0, 0, 0, 0, 0, 0, 0, 2, 2, 2, 0, 1, 0, 2, 2, 1, 2, 0, 2, 1, 1, 1, 1, 0, 0, 0, 0, 0, 0, 1, 1, 4, 4, 1, 3, 1, 1, 4, 0, 2, 5, 4, 2, 5, 1, 6, 2, 3, 308, 0, 0, 0, 0, 0, 0]",0,0.18603085392103688,-1,1
1503,"[1, 1, 1, 1, 1, 1, 1, 1, 0, 0, 0, 0, 0, 0, 2, 0, 2, 0, 1, 0, 0, 2, 0, 0, 1, 0, 1, 0, 0, 2, 0, 0, 0, 0, 0, 0, 0, 0, 0, 2, 2, 2, 0, 1, 0, 2, 2, 1, 2, 0, 2, 1, 1, 1, 1, 0, 0, 0, 0, 0, 0, 1, 1, 4, 4, 1, 3, 1, 1, 4, 0, 2, 5, 4, 2, 5, 1, 6, 2, 3, 308, 0, 0, 0, 0, 0, 0]",-1,-0.00229796283245221,-1,1
1504,"[1, 1, 1, 1, 1, 1, 1, 1, 0, 0, 0, 0, 0, 0, 2, 0, 2, 0, 1, 0, 0, 2, 0, 0, 1, 0, 1, 0, 0, 2, 0, 0, 0, 0, 0, 0, 0, 0, 0, 2, 2, 2, 0, 1, 0, 2, 2, 1, 2, 0, 2, 1, 1, 1, 1, 0, 0, 0, 0, 0, 0, 1, 1, 4, 4, 1, 3, 1, 1, 4, 0, 2, 5, 4, 2, 5, 1, 6, 2, 5, 309, 0, 0, 0, 0, 0, 0]",4,18.00711935780077,-1,1
1505,"[1, 1, 1, 1, 1, 1, 1, 1, 0, 0, 0, 0, 0, 0, 2, 0, 2, 0, 1, 0, 0, 2, 0, 0, 1, 0, 1, 0, 0, 2, 0, 0, 0, 0, 0, 0, 0, 0, 0, 2, 2, 2, 0, 1, 0, 2, 2, 1, 2, 0, 2, 1, 1, 1, 1, 0, 0, 0, 0, 0, 0, 1, 1, 4, 4, 1, 3, 1, 1, 4, 0, 2, 5, 4, 2, 5, 1, 6, 2, 5, 309, 0, 0, 0, 0, 0, 0]",1,0.4373113907350419,-1,0
1506,"[1, 1, 1, 1, 1, 1, 1, 1, 0, 0, 0, 0, 0, 0, 2, 0, 2, 0, 1, 0, 0, 2, 0, 0, 1, 0, 1, 0, 0, 2, 0, 0, 0, 0, 0, 0, 0, 0, 0, 2, 2, 2, 0, 1, 0, 2, 2, 1, 2, 0, 2, 1, 1, 1, 1, 0, 0, 0, 0, 0, 0, 1, 1, 4, 4, 1, 3, 1, 1, 4, 0, 2, 5, 4, 2, 5, 1, 6, 2, 5, 309, 0, 0, 0, 0, 0, 0]",-1,-0.0022750977202310786,-1,0
1507,"[1, 1, 1, 1, 1, 1, 1, 1, 0, 0, 0, 0, 0, 0, 2, 0, 2, 0, 1, 0, 0, 2, 0, 0, 1, 0, 1, 0, 0, 2, 0, 0, 0, 0, 0, 0, 0, 0, 0, 2, 2, 2, 0, 1, 0, 2, 2, 1, 2, 0, 2, 1, 1, 1, 1, 0, 0, 0, 0, 0, 0, 1, 1, 4, 4, 1, 3, 1, 1, 4, 0, 2, 5, 4, 2, 5, 1, 6, 2, 5, 309, 0, 1, 0, 0, 0, 0]",2,0.4025234321358677,-1,0
1508,"[1, 1, 1, 1, 1, 1, 1, 1, 0, 0, 0, 0, 0, 0, 2, 0, 2, 0, 1, 0, 0, 2, 0, 0, 1, 0, 1, 0, 0, 2, 0, 0, 0, 0, 0, 0, 0, 0, 0, 2, 2, 2, 0, 1, 0, 2, 2, 1, 2, 0, 2, 1, 1, 1, 1, 0, 0, 0, 0, 0, 0, 1, 1, 4, 4, 1, 3, 1, 1, 4, 0, 2, 5, 4, 2, 5, 1, 6, 2, 5, 309, 0, 0, 0, 0, 0, 0]",-1,-0.0022750977202310786,-1,0
1509,"[1, 1, 1, 1, 1, 1, 1, 1, 0, 0, 0, 0, 0, 0, 2, 0, 2, 0, 1, 0, 0, 2, 0, 0, 1, 0, 1, 0, 0, 2, 0, 0, 0, 0, 0, 0, 0, 0, 0, 2, 2, 2, 0, 1, 0, 2, 2, 1, 2, 0, 2, 1, 1, 1, 1, 0, 0, 0, 0, 0, 0, 1, 1, 4, 4, 1, 3, 1, 1, 4, 0, 2, 5, 4, 2, 5, 1, 6, 2, 5, 309, 0, 1, 0, 0, 0, 0]",2,0.4025234321358677,-1,0
1510,"[1, 1, 1, 1, 1, 1, 1, 1, 0, 0, 0, 0, 0, 0, 2, 0, 2, 0, 1, 0, 0, 2, 0, 0, 1, 0, 1, 0, 0, 2, 0, 0, 0, 0, 0, 0, 0, 0, 0, 2, 2, 2, 0, 1, 0, 2, 2, 1, 2, 0, 2, 1, 1, 1, 1, 0, 0, 0, 0, 0, 0, 1, 1, 4, 4, 1, 3, 1, 1, 4, 0, 2, 5, 4, 2, 5, 1, 6, 2, 5, 309, 0, 1, 0, 0, 1, 0]","[[0 1 0 0]
 [0 0 0 1]]",0.6529482971939586,-1,0
1511,"[1, 1, 1, 1, 1, 1, 1, 1, 0, 0, 0, 0, 0, 0, 2, 0, 2, 0, 1, 0, 0, 2, 0, 0, 1, 0, 1, 0, 0, 2, 0, 0, 0, 0, 0, 0, 0, 0, 0, 2, 2, 2, 0, 1, 0, 2, 2, 1, 2, 0, 2, 1, 1, 1, 1, 0, 0, 0, 0, 0, 0, 1, 1, 4, 4, 1, 3, 1, 1, 4, 0, 2, 5, 4, 2, 5, 1, 6, 2, 5, 309, 0, 1, 0, 0, 0, 1]",2,-0.19747656786413229,-1,1
1512,"[1, 1, 1, 1, 1, 1, 1, 1, 0, 0, 0, 0, 0, 0, 2, 0, 2, 0, 1, 0, 0, 2, 0, 0, 1, 0, 1, 0, 0, 2, 0, 0, 0, 0, 0, 0, 0, 0, 0, 2, 2, 2, 0, 1, 0, 2, 2, 1, 2, 0, 2, 1, 1, 1, 1, 0, 0, 0, 0, 0, 0, 1, 1, 4, 4, 1, 3, 1, 1, 4, 0, 2, 5, 4, 2, 5, 1, 6, 2, 5, 309, 0, 0, 0, 0, 0, 0]",-1,-0.0022750977202310786,-1,1
1513,"[1, 1, 1, 1, 1, 1, 1, 1, 0, 0, 0, 0, 0, 0, 2, 0, 2, 0, 1, 0, 0, 2, 0, 0, 1, 0, 1, 0, 0, 2, 0, 0, 0, 0, 0, 0, 0, 0, 0, 2, 2, 2, 0, 1, 0, 2, 2, 1, 2, 0, 2, 1, 1, 1, 1, 0, 0, 0, 0, 0, 0, 1, 1, 4, 4, 1, 3, 1, 1, 4, 0, 2, 5, 4, 2, 5, 1, 6, 2, 5, 309, 0, 0, 0, 0, 0, 0]",0,0.18592922238948403,-1,0
1514,"[1, 1, 1, 1, 1, 1, 1, 1, 0, 0, 0, 0, 0, 0, 2, 0, 2, 0, 1, 0, 0, 2, 0, 0, 1, 0, 1, 0, 0, 2, 0, 0, 0, 0, 0, 0, 0, 0, 0, 2, 2, 2, 0, 1, 0, 2, 2, 1, 2, 0, 2, 1, 1, 1, 1, 0, 0, 0, 0, 0, 0, 1, 1, 4, 4, 1, 3, 1, 1, 4, 0, 2, 5, 4, 2, 5, 1, 6, 2, 5, 309, 0, 0, 0, 0, 0, 0]",-1,-0.0022750977202310786,-1,0
1515,"[1, 1, 1, 1, 1, 1, 1, 1, 0, 0, 0, 0, 0, 0, 2, 0, 2, 0, 1, 0, 0, 2, 0, 0, 1, 0, 1, 0, 0, 2, 0, 0, 0, 0, 0, 0, 0, 0, 0, 2, 2, 2, 0, 1, 0, 2, 2, 1, 2, 0, 2, 1, 1, 1, 1, 0, 0, 0, 0, 0, 0, 1, 1, 4, 4, 1, 3, 1, 1, 4, 0, 2, 5, 4, 2, 5, 1, 6, 2, 5, 309, 0, 1, 0, 0, 0, 0]",2,0.4025234321358677,-1,0
1516,"[1, 1, 1, 1, 1, 1, 1, 1, 0, 0, 0, 0, 0, 0, 2, 0, 2, 0, 1, 0, 0, 2, 0, 0, 1, 0, 1, 0, 0, 2, 0, 0, 0, 0, 0, 0, 0, 0, 0, 2, 2, 2, 0, 1, 0, 2, 2, 1, 2, 0, 2, 1, 1, 1, 1, 0, 0, 0, 0, 0, 0, 1, 1, 4, 4, 1, 3, 1, 1, 4, 0, 2, 5, 4, 2, 5, 1, 6, 2, 5, 309, 0, 1, 0, 0, 1, 0]","[[0 0 0 1]
 [1 0 0 0]]",0.6529482971939586,-1,0
1517,"[2, 1, 1, 0, 0, 1, 1, 2, 0, 0, 0, 0, 0, 0, 2, 0, 2, 0, 1, 0, 0, 2, 0, 0, 1, 0, 1, 0, 0, 2, 0, 0, 0, 0, 0, 0, 0, 0, 0, 2, 2, 2, 0, 1, 0, 2, 2, 1, 2, 0, 2, 1, 1, 1, 1, 0, 0, 0, 0, 0, 0, 1, 1, 4, 4, 1, 3, 1, 1, 4, 0, 2, 5, 4, 2, 5, 1, 6, 2, 5, 309, 0, 0, 0, 0, 0, 0]",0,-0.19747656786413229,-1,1
1518,"[1, 1, 1, 0, 0, 1, 1, 1, 0, 0, 0, 0, 0, 0, 2, 0, 2, 0, 1, 0, 0, 2, 0, 0, 1, 0, 1, 0, 0, 2, 0, 0, 0, 0, 0, 0, 0, 0, 0, 2, 2, 2, 0, 1, 0, 2, 2, 1, 2, 0, 2, 1, 1, 1, 1, 0, 0, 0, 0, 0, 0, 1, 1, 4, 4, 1, 3, 1, 1, 4, 0, 2, 5, 4, 2, 5, 1, 6, 2, 4, 310, 0, 0, 0, 0, 0, 0]",4,16.920369166447436,-1,0
1519,"[1, 1, 1, 0, 0, 1, 1, 1, 0, 0, 0, 0, 0, 0, 2, 0, 2, 0, 1, 0, 0, 2, 0, 0, 1, 0, 1, 0, 0, 2, 0, 0, 0, 0, 0, 0, 0, 0, 0, 2, 2, 2, 0, 1, 0, 2, 2, 1, 2, 0, 2, 1, 1, 1, 1, 0, 0, 0, 0, 0, 0, 1, 1, 4, 4, 1, 3, 1, 1, 4, 0, 2, 5, 4, 2, 5, 1, 6, 2, 4, 310, 0, 0, 0, 0, 0, 0]",-1,-0.00225246011967789,-1,1
1520,"[1, 1, 1, 0, 0, 1, 1, 3, 0, 0, 0, 0, 0, 0, 2, 0, 2, 0, 1, 0, 0, 2, 0, 0, 1, 0, 1, 0, 0, 2, 0, 0, 0, 0, 0, 0, 0, 0, 0, 2, 2, 2, 0, 1, 0, 2, 2, 1, 2, 0, 2, 1, 1, 1, 1, 0, 0, 0, 0, 0, 0, 1, 1, 4, 4, 1, 3, 1, 1, 4, 0, 2, 5, 4, 2, 5, 1, 6, 2, 4, 311, 0, 0, 0, 0, 0, 0]",4,16.920229887560442,-1,0
1521,"[1, 1, 1, 0, 0, 1, 1, 3, 0, 0, 0, 0, 0, 0, 2, 0, 2, 0, 1, 0, 0, 2, 0, 0, 1, 0, 1, 0, 0, 2, 0, 0, 0, 0, 0, 0, 0, 0, 0, 2, 2, 2, 0, 1, 0, 2, 2, 1, 2, 0, 2, 1, 1, 1, 1, 0, 0, 0, 0, 0, 0, 1, 1, 4, 4, 1, 3, 1, 1, 4, 0, 2, 5, 4, 2, 5, 1, 6, 2, 4, 311, 0, 0, 0, 0, 0, 0]",-1,-0.002230047767013727,-1,1
1522,"[2, 2, 1, 0, 1, 2, 1, 3, 0, 0, 0, 0, 0, 0, 2, 0, 2, 0, 1, 0, 0, 2, 0, 0, 1, 0, 1, 0, 0, 2, 0, 0, 0, 0, 0, 0, 0, 0, 0, 2, 2, 2, 0, 1, 0, 2, 2, 1, 2, 0, 2, 1, 1, 1, 1, 0, 0, 0, 0, 0, 0, 1, 1, 4, 4, 1, 3, 1, 1, 4, 0, 2, 5, 4, 2, 5, 1, 6, 2, 4, 312, 0, 0, 0, 0, 0, 0]",4,17.178741222785824,-1,1
1523,"[2, 2, 1, 0, 1, 2, 1, 3, 0, 0, 0, 0, 0, 0, 2, 0, 2, 0, 1, 0, 0, 2, 0, 0, 1, 0, 1, 0, 0, 2, 0, 0, 0, 0, 0, 0, 0, 0, 0, 2, 2, 2, 0, 1, 0, 2, 2, 1, 2, 0, 2, 1, 1, 1, 1, 0, 0, 0, 0, 0, 0, 1, 1, 4, 4, 1, 3, 1, 1, 4, 0, 2, 5, 4, 2, 5, 1, 6, 2, 4, 312, 0, 0, 0, 0, 0, 0]",0,0.18564707151798487,-1,0
1524,"[2, 2, 1, 0, 1, 2, 1, 3, 0, 0, 0, 0, 0, 0, 2, 0, 2, 0, 1, 0, 0, 2, 0, 0, 1, 0, 1, 0, 0, 2, 0, 0, 0, 0, 0, 0, 0, 0, 0, 2, 2, 2, 0, 1, 0, 2, 2, 1, 2, 0, 2, 1, 1, 1, 1, 0, 0, 0, 0, 0, 0, 1, 1, 4, 4, 1, 3, 1, 1, 4, 0, 2, 5, 4, 2, 5, 1, 6, 2, 4, 312, 0, 0, 0, 0, 0, 0]",-1,-0.002207858420984643,-1,0
1525,"[3, 3, 1, 0, 2, 3, 1, 3, 0, 0, 0, 0, 0, 0, 2, 0, 2, 0, 1, 0, 0, 2, 0, 0, 1, 0, 1, 0, 0, 2, 0, 0, 0, 0, 0, 0, 0, 0, 0, 2, 2, 2, 0, 1, 0, 2, 2, 1, 2, 0, 2, 1, 1, 1, 1, 0, 0, 0, 0, 0, 0, 1, 1, 4, 4, 1, 3, 1, 1, 4, 0, 2, 5, 4, 2, 5, 1, 6, 2, 4, 313, 0, 0, 0, 0, 0, 0]",4,16.47352863354515,-1,0
1526,"[3, 3, 1, 0, 2, 3, 1, 3, 0, 0, 0, 0, 0, 0, 2, 0, 2, 0, 1, 0, 0, 2, 0, 0, 1, 0, 1, 0, 0, 2, 0, 0, 0, 0, 0, 0, 0, 0, 0, 2, 2, 2, 0, 1, 0, 2, 2, 1, 2, 0, 2, 1, 1, 1, 1, 0, 0, 0, 0, 0, 0, 1, 1, 4, 4, 1, 3, 1, 1, 4, 0, 2, 5, 4, 2, 5, 1, 6, 2, 4, 313, 1, 0, 0, 0, 0, 0]",3,0.20215434600902832,-1,1
1527,"[3, 3, 1, 0, 2, 3, 1, 3, 0, 0, 0, 0, 0, 0, 2, 0, 2, 0, 1, 0, 0, 2, 0, 0, 1, 0, 1, 0, 0, 2, 0, 0, 0, 0, 0, 0, 0, 0, 0, 2, 2, 2, 0, 1, 0, 2, 2, 1, 2, 0, 2, 1, 1, 1, 1, 0, 0, 0, 0, 0, 0, 1, 1, 4, 4, 1, 3, 1, 1, 4, 0, 2, 5, 4, 2, 5, 1, 6, 2, 4, 313, 0, 0, 0, 0, 0, 0]",-1,-0.0021858898626375472,-1,1
1528,"[4, 4, 1, 0, 3, 4, 1, 3, 0, 0, 0, 0, 0, 0, 2, 0, 2, 0, 1, 0, 0, 2, 0, 0, 1, 0, 1, 0, 0, 2, 0, 0, 0, 0, 0, 0, 0, 0, 0, 2, 2, 2, 0, 1, 0, 2, 2, 1, 2, 0, 2, 1, 1, 1, 1, 0, 0, 0, 0, 0, 0, 1, 1, 4, 4, 1, 3, 1, 1, 4, 0, 2, 5, 4, 2, 5, 1, 6, 2, 4, 314, 0, 0, 0, 0, 0, 0]",4,17.174304364514214,-1,1
1529,"[4, 4, 1, 0, 3, 4, 1, 3, 0, 0, 0, 0, 0, 0, 2, 0, 2, 0, 1, 0, 0, 2, 0, 0, 1, 0, 1, 0, 0, 2, 0, 0, 0, 0, 0, 0, 0, 0, 0, 2, 2, 2, 0, 1, 0, 2, 2, 1, 2, 0, 2, 1, 1, 1, 1, 0, 0, 0, 0, 0, 0, 1, 1, 4, 4, 1, 3, 1, 1, 4, 0, 2, 5, 4, 2, 5, 1, 6, 2, 4, 314, 1, 0, 0, 0, 0, 0]",3,0.20207074750621837,-1,0
1530,"[4, 2, 1, 1, 3, 4, 1, 3, 0, 0, 0, 0, 0, 0, 2, 0, 2, 0, 1, 0, 0, 2, 0, 0, 1, 0, 1, 0, 0, 2, 0, 0, 0, 0, 0, 0, 0, 0, 0, 2, 2, 2, 0, 1, 0, 2, 2, 1, 2, 0, 2, 1, 1, 1, 1, 0, 0, 0, 0, 0, 0, 1, 1, 4, 4, 1, 3, 1, 1, 4, 0, 2, 5, 4, 2, 5, 1, 6, 2, 4, 314, 0, 0, 0, 0, 0, 0]","[[0 2 0 0]
 [0 0 0 1]]",-0.1964715705827406,-1,0
1531,"[4, 2, 1, 1, 3, 4, 1, 3, 0, 0, 0, 0, 0, 0, 2, 0, 2, 0, 1, 0, 0, 2, 0, 0, 1, 0, 1, 0, 0, 2, 0, 0, 0, 0, 0, 0, 0, 0, 0, 2, 2, 2, 0, 1, 0, 2, 2, 1, 2, 0, 2, 1, 1, 1, 1, 0, 0, 0, 0, 0, 0, 1, 1, 4, 4, 1, 3, 1, 1, 4, 0, 2, 5, 4, 2, 5, 1, 6, 2, 4, 314, 1, 0, 0, 0, 0, 0]",3,0.20207074750621837,-1,0
1532,"[2, 3, 1, 1, 3, 4, 1, 3, 0, 0, 0, 0, 0, 0, 2, 0, 2, 0, 1, 0, 0, 2, 0, 0, 1, 0, 1, 0, 0, 2, 0, 0, 0, 0, 0, 0, 0, 0, 0, 2, 2, 2, 0, 1, 0, 2, 2, 1, 2, 0, 2, 1, 1, 1, 1, 0, 0, 0, 0, 0, 0, 1, 1, 4, 4, 1, 3, 1, 1, 4, 0, 2, 5, 4, 2, 5, 1, 6, 2, 4, 314, 0, 0, 0, 0, 0, 0]","[[2 0 0 0]
 [0 1 0 0]]",-0.1964715705827406,-1,0
1533,"[2, 3, 1, 1, 3, 4, 1, 3, 0, 0, 0, 0, 0, 0, 2, 0, 2, 0, 1, 0, 0, 2, 0, 0, 1, 0, 1, 0, 0, 2, 0, 0, 0, 0, 0, 0, 0, 0, 0, 2, 2, 2, 0, 1, 0, 2, 2, 1, 2, 0, 2, 1, 1, 1, 1, 0, 0, 0, 0, 0, 0, 1, 1, 4, 4, 1, 3, 1, 1, 4, 0, 2, 5, 4, 2, 5, 1, 6, 2, 4, 314, 0, 1, 0, 0, 0, 0]",2,0.4020707475062183,-1,0
1534,"[2, 3, 1, 1, 3, 4, 1, 3, 0, 0, 0, 0, 0, 0, 2, 0, 2, 0, 1, 0, 0, 2, 0, 0, 1, 0, 1, 0, 0, 2, 0, 0, 0, 0, 0, 0, 0, 0, 0, 2, 2, 2, 0, 1, 0, 2, 2, 1, 2, 0, 2, 1, 1, 1, 1, 0, 0, 0, 0, 0, 0, 1, 1, 4, 4, 1, 3, 1, 1, 4, 0, 2, 5, 4, 2, 5, 1, 6, 2, 4, 314, 0, 1, 0, 0, 1, 0]","[[0 0 1 0]
 [0 0 0 1]]",0.6524956125643092,-1,0
1535,"[2, 3, 1, 1, 3, 4, 1, 3, 0, 0, 0, 0, 0, 0, 2, 0, 2, 0, 1, 0, 0, 2, 0, 0, 1, 0, 1, 0, 0, 2, 0, 0, 0, 0, 0, 0, 0, 0, 0, 2, 2, 2, 0, 1, 0, 2, 2, 1, 2, 0, 2, 1, 1, 1, 1, 0, 0, 0, 0, 0, 0, 1, 1, 4, 4, 1, 3, 1, 1, 4, 0, 2, 5, 4, 2, 5, 1, 6, 2, 4, 314, 0, 0, 0, 0, 0, 0]",1,-18.439365599448482,-1,1
1536,"[2, 3, 1, 1, 3, 4, 1, 3, 0, 0, 0, 0, 0, 0, 2, 0, 2, 0, 1, 0, 0, 2, 0, 0, 1, 0, 1, 0, 0, 2, 0, 0, 0, 0, 0, 0, 0, 0, 0, 2, 2, 2, 0, 1, 0, 2, 2, 1, 2, 0, 2, 1, 1, 1, 1, 0, 0, 0, 0, 0, 0, 1, 1, 4, 4, 1, 3, 1, 1, 4, 0, 2, 5, 4, 2, 5, 1, 6, 2, 4, 314, 0, 0, 0, 0, 0, 0]",0,0.18547653775983466,-1,0
1537,"[2, 3, 1, 1, 3, 4, 1, 3, 0, 0, 0, 0, 0, 0, 2, 0, 2, 0, 1, 0, 0, 2, 0, 0, 1, 0, 1, 0, 0, 2, 0, 0, 0, 0, 0, 0, 0, 0, 0, 2, 2, 2, 0, 1, 0, 2, 2, 1, 2, 0, 2, 1, 1, 1, 1, 0, 0, 0, 0, 0, 0, 1, 1, 4, 4, 1, 3, 1, 1, 4, 0, 2, 5, 4, 2, 5, 1, 6, 2, 4, 314, 0, 0, 0, 0, 0, 0]",-1,-0.0021641398950982948,-1,0
1538,"[2, 3, 1, 1, 3, 4, 1, 3, 0, 0, 0, 0, 0, 0, 2, 0, 2, 0, 1, 0, 0, 2, 0, 0, 1, 0, 1, 0, 0, 2, 0, 0, 0, 0, 0, 0, 0, 0, 0, 2, 2, 2, 0, 1, 0, 2, 2, 1, 2, 0, 2, 1, 1, 1, 1, 0, 0, 0, 0, 0, 0, 1, 1, 4, 4, 1, 3, 1, 1, 4, 0, 2, 5, 4, 2, 5, 1, 6, 2, 4, 314, 0, 0, 0, 0, 0, 0]",1,0.43685870610539246,-1,0
1539,"[2, 3, 1, 1, 3, 4, 1, 3, 0, 0, 0, 0, 0, 0, 2, 0, 2, 0, 1, 0, 0, 2, 0, 0, 1, 0, 1, 0, 0, 2, 0, 0, 0, 0, 0, 0, 0, 0, 0, 2, 2, 2, 0, 1, 0, 2, 2, 1, 2, 0, 2, 1, 1, 1, 1, 0, 0, 0, 0, 0, 0, 1, 1, 4, 4, 1, 3, 1, 1, 4, 0, 2, 5, 4, 2, 5, 1, 6, 2, 4, 314, 0, 0, 0, 0, 0, 0]",-1,-0.0021641398950982948,-1,0
1540,"[3, 4, 1, 1, 4, 5, 1, 3, 0, 0, 0, 0, 0, 0, 2, 0, 2, 0, 1, 0, 0, 2, 0, 0, 1, 0, 1, 0, 0, 2, 0, 0, 0, 0, 0, 0, 0, 0, 0, 2, 2, 2, 0, 1, 0, 2, 2, 1, 2, 0, 2, 1, 1, 1, 1, 0, 0, 0, 0, 0, 0, 1, 1, 4, 4, 1, 3, 1, 1, 4, 0, 2, 5, 4, 2, 5, 1, 6, 2, 4, 315, 0, 0, 0, 0, 0, 0]",4,16.562917563175844,-1,0
1541,"[3, 4, 1, 1, 4, 5, 1, 5, 0, 0, 0, 0, 0, 0, 2, 0, 2, 0, 1, 0, 0, 2, 0, 0, 1, 0, 1, 0, 0, 2, 0, 0, 0, 0, 0, 0, 0, 0, 0, 2, 2, 2, 0, 1, 0, 2, 2, 1, 2, 0, 2, 1, 1, 1, 1, 0, 0, 0, 0, 0, 0, 1, 1, 4, 4, 1, 3, 1, 1, 4, 0, 2, 5, 4, 2, 5, 1, 6, 2, 4, 316, 0, 0, 0, 0, 0, 0]",4,17.039356185281036,-1,1
1542,"[3, 4, 1, 1, 4, 5, 1, 5, 0, 0, 0, 0, 0, 0, 2, 0, 2, 0, 1, 0, 0, 2, 0, 0, 1, 0, 1, 0, 0, 2, 0, 0, 0, 0, 0, 0, 0, 0, 0, 2, 2, 2, 0, 1, 0, 2, 2, 1, 2, 0, 2, 1, 1, 1, 1, 0, 0, 0, 0, 0, 0, 1, 1, 4, 4, 1, 3, 1, 1, 4, 0, 2, 5, 4, 2, 5, 1, 6, 2, 4, 316, 0, 1, 0, 0, 0, 0]",2,0.40191306373441826,-1,0
1543,"[3, 4, 1, 1, 4, 5, 1, 5, 0, 0, 0, 0, 0, 0, 2, 0, 2, 0, 1, 0, 0, 2, 0, 0, 1, 0, 1, 0, 0, 2, 0, 0, 0, 0, 0, 0, 0, 0, 0, 2, 2, 2, 0, 1, 0, 2, 2, 1, 2, 0, 2, 1, 1, 1, 1, 0, 0, 0, 0, 0, 0, 1, 1, 4, 4, 1, 3, 1, 1, 4, 0, 2, 5, 4, 2, 5, 1, 6, 2, 4, 316, 0, 1, 0, 0, 1, 0]","[[1 0 0 0]
 [0 0 0 1]]",0.6523379287925092,-1,0
1544,"[2, 4, 1, 2, 5, 5, 1, 4, 0, 0, 0, 0, 0, 0, 2, 0, 2, 0, 1, 0, 0, 2, 0, 0, 1, 0, 1, 0, 0, 2, 0, 0, 0, 0, 0, 0, 0, 0, 0, 2, 2, 2, 0, 1, 0, 2, 2, 1, 2, 0, 2, 1, 1, 1, 1, 0, 0, 0, 0, 0, 0, 1, 1, 4, 4, 1, 3, 1, 1, 4, 0, 2, 5, 4, 2, 5, 1, 6, 2, 4, 316, 0, 0, 0, 0, 0, 0]",0,-0.1980869362655817,-1,1
1545,"[2, 4, 1, 2, 5, 5, 1, 4, 0, 0, 0, 0, 0, 0, 2, 0, 2, 0, 1, 0, 0, 2, 0, 0, 1, 0, 1, 0, 0, 2, 0, 0, 0, 0, 0, 0, 0, 0, 0, 2, 2, 2, 0, 1, 0, 2, 2, 1, 2, 0, 2, 1, 1, 1, 1, 0, 0, 0, 0, 0, 0, 1, 1, 4, 4, 1, 3, 1, 1, 4, 0, 2, 5, 4, 2, 5, 1, 6, 2, 4, 316, 0, 1, 0, 0, 0, 0]",2,0.40191306373441826,-1,0
1546,"[2, 4, 1, 2, 5, 5, 1, 4, 0, 0, 0, 0, 0, 0, 2, 0, 2, 0, 1, 0, 0, 2, 0, 0, 1, 0, 1, 0, 0, 2, 0, 0, 0, 0, 0, 0, 0, 0, 0, 2, 2, 2, 0, 1, 0, 2, 2, 1, 2, 0, 2, 1, 1, 1, 1, 0, 0, 0, 0, 0, 0, 1, 1, 4, 4, 1, 3, 1, 1, 4, 0, 2, 5, 4, 2, 5, 1, 6, 2, 4, 316, 0, 1, 0, 0, 1, 0]","[[0 0 1 0]
 [0 1 0 0]]",0.6523379287925092,-1,0
1547,"[2, 4, 1, 2, 5, 5, 1, 4, 0, 0, 0, 0, 0, 0, 2, 0, 2, 0, 1, 0, 0, 2, 0, 0, 1, 0, 1, 0, 0, 2, 0, 0, 0, 0, 0, 0, 0, 0, 0, 2, 2, 2, 0, 1, 0, 2, 2, 1, 2, 0, 2, 1, 1, 1, 1, 0, 0, 0, 0, 0, 0, 1, 1, 4, 4, 1, 3, 1, 1, 4, 0, 2, 5, 4, 2, 5, 1, 6, 2, 4, 316, 0, 1, 0, 0, 0, 1]",2,-0.1980869362655817,-1,1
1548,"[2, 4, 1, 2, 5, 5, 1, 4, 0, 0, 0, 0, 0, 0, 2, 0, 2, 0, 1, 0, 0, 2, 0, 0, 1, 0, 1, 0, 0, 2, 0, 0, 0, 0, 0, 0, 0, 0, 0, 2, 2, 2, 0, 1, 0, 2, 2, 1, 2, 0, 2, 1, 1, 1, 1, 0, 0, 0, 0, 0, 0, 1, 1, 4, 4, 1, 3, 1, 1, 4, 0, 2, 5, 4, 2, 5, 1, 6, 2, 4, 316, 0, 0, 0, 0, 0, 0]",-1,-0.0021212870540255695,-1,1
1549,"[2, 4, 1, 2, 5, 5, 1, 4, 0, 0, 0, 0, 0, 0, 2, 0, 2, 0, 1, 0, 0, 2, 0, 0, 1, 0, 1, 0, 0, 2, 0, 0, 0, 0, 0, 0, 0, 0, 0, 2, 2, 2, 0, 1, 0, 2, 2, 1, 2, 0, 2, 1, 1, 1, 1, 0, 0, 0, 0, 0, 0, 1, 1, 4, 4, 1, 3, 1, 1, 4, 0, 2, 5, 4, 2, 5, 1, 6, 2, 4, 317, 0, 0, 0, 0, 0, 0]",4,16.705131294193897,-1,0
1550,"[2, 4, 1, 2, 7, 5, 1, 4, 0, 0, 0, 0, 0, 0, 2, 0, 2, 0, 1, 0, 0, 2, 0, 0, 1, 0, 1, 0, 0, 2, 0, 0, 0, 0, 0, 0, 0, 0, 0, 2, 2, 2, 0, 1, 0, 2, 2, 1, 2, 0, 2, 1, 1, 1, 1, 0, 0, 0, 0, 0, 0, 1, 1, 4, 4, 1, 3, 1, 1, 4, 0, 2, 5, 4, 2, 5, 1, 6, 2, 4, 318, 0, 0, 0, 0, 0, 0]",4,16.955986240401796,-1,1
1551,"[2, 4, 1, 2, 7, 5, 1, 4, 0, 0, 0, 0, 0, 0, 2, 0, 2, 0, 1, 0, 0, 2, 0, 0, 1, 0, 1, 0, 0, 2, 0, 0, 0, 0, 0, 0, 0, 0, 0, 2, 2, 2, 0, 1, 0, 2, 2, 1, 2, 0, 2, 1, 1, 1, 1, 0, 0, 0, 0, 0, 0, 1, 1, 4, 4, 1, 3, 1, 1, 4, 0, 2, 5, 4, 2, 5, 1, 6, 2, 4, 318, 0, 0, 0, 0, 0, 0]",1,0.43655523869129564,-1,0
1552,"[2, 4, 1, 2, 7, 5, 1, 4, 0, 0, 0, 0, 0, 0, 2, 0, 2, 0, 1, 0, 0, 2, 0, 0, 1, 0, 1, 0, 0, 2, 0, 0, 0, 0, 0, 0, 0, 0, 0, 2, 2, 2, 0, 1, 0, 2, 2, 1, 2, 0, 2, 1, 1, 1, 1, 0, 0, 0, 0, 0, 0, 1, 1, 4, 4, 1, 3, 1, 1, 4, 0, 2, 5, 4, 2, 5, 1, 6, 2, 4, 318, 0, 0, 0, 0, 0, 0]",-1,-0.002079282756058658,-1,0
1553,"[2, 4, 1, 2, 7, 5, 1, 4, 0, 0, 0, 0, 0, 0, 2, 0, 2, 0, 1, 0, 0, 2, 0, 0, 1, 0, 1, 0, 0, 2, 0, 0, 0, 0, 0, 0, 0, 0, 0, 2, 2, 2, 0, 1, 0, 2, 2, 1, 2, 0, 2, 1, 1, 1, 1, 0, 0, 0, 0, 0, 0, 1, 1, 4, 4, 1, 3, 1, 1, 4, 0, 2, 5, 4, 2, 5, 1, 6, 2, 4, 318, 1, 0, 0, 0, 0, 0]",3,0.20176728009212155,-1,0
1554,"[2, 4, 2, 0, 7, 5, 1, 4, 0, 0, 0, 0, 0, 0, 2, 0, 2, 0, 1, 0, 0, 2, 0, 0, 1, 0, 1, 0, 0, 2, 0, 0, 0, 0, 0, 0, 0, 0, 0, 2, 2, 2, 0, 1, 0, 2, 2, 1, 2, 0, 2, 1, 1, 1, 1, 0, 0, 0, 0, 0, 0, 1, 1, 4, 4, 1, 3, 1, 1, 4, 0, 2, 5, 4, 2, 5, 1, 6, 2, 4, 318, 0, 0, 0, 0, 0, 0]","[[0 0 0 2]
 [0 0 1 0]]",-0.1967750379968374,-1,0
1555,"[2, 4, 2, 0, 7, 5, 1, 4, 0, 0, 0, 0, 0, 0, 2, 0, 2, 0, 1, 0, 0, 2, 0, 0, 1, 0, 1, 0, 0, 2, 0, 0, 0, 0, 0, 0, 0, 0, 0, 2, 2, 2, 0, 1, 0, 2, 2, 1, 2, 0, 2, 1, 1, 1, 1, 0, 0, 0, 0, 0, 0, 1, 1, 4, 4, 1, 3, 1, 1, 4, 0, 2, 5, 4, 2, 5, 1, 6, 2, 4, 319, 0, 0, 0, 0, 0, 0]",4,16.54331333465728,-1,0
1556,"[2, 4, 2, 0, 7, 5, 1, 4, 0, 0, 0, 0, 0, 0, 2, 0, 2, 0, 1, 0, 0, 2, 0, 0, 1, 0, 1, 0, 0, 2, 0, 0, 0, 0, 0, 0, 0, 0, 0, 2, 2, 2, 0, 1, 0, 2, 2, 1, 2, 0, 2, 1, 1, 1, 1, 0, 0, 0, 0, 0, 0, 1, 1, 4, 4, 1, 3, 1, 1, 4, 0, 2, 5, 4, 2, 5, 1, 6, 2, 4, 319, 0, 0, 0, 0, 0, 0]",1,0.22050243908782208,-1,1
1557,"[2, 4, 2, 0, 7, 5, 1, 4, 0, 0, 0, 0, 0, 0, 2, 0, 2, 0, 1, 0, 0, 2, 0, 0, 1, 0, 1, 0, 0, 2, 0, 0, 0, 0, 0, 0, 0, 0, 0, 2, 2, 2, 0, 1, 0, 2, 2, 1, 2, 0, 2, 1, 1, 1, 1, 0, 0, 0, 0, 0, 0, 1, 1, 4, 4, 1, 3, 1, 1, 4, 0, 2, 5, 4, 2, 5, 1, 6, 2, 4, 319, 0, 0, 0, 0, 0, 0]",-1,-0.002058593546953387,-1,1
1558,"[2, 4, 2, 0, 7, 5, 1, 6, 0, 0, 0, 0, 0, 0, 2, 0, 2, 0, 1, 0, 0, 2, 0, 0, 1, 0, 1, 0, 0, 2, 0, 0, 0, 0, 0, 0, 0, 0, 0, 2, 2, 2, 0, 1, 0, 2, 2, 1, 2, 0, 2, 1, 1, 1, 1, 0, 0, 0, 0, 0, 0, 1, 1, 4, 4, 1, 3, 1, 1, 4, 0, 2, 5, 4, 2, 5, 1, 6, 2, 4, 320, 0, 0, 0, 0, 0, 0]",4,16.963813369034984,-1,1
1559,"[2, 4, 2, 0, 7, 5, 1, 6, 0, 0, 0, 0, 0, 0, 2, 0, 2, 0, 1, 0, 0, 2, 0, 0, 1, 0, 1, 0, 0, 2, 0, 0, 0, 0, 0, 0, 0, 0, 0, 2, 2, 2, 0, 1, 0, 2, 2, 1, 2, 0, 2, 1, 1, 1, 1, 0, 0, 0, 0, 0, 0, 1, 1, 4, 4, 1, 3, 1, 1, 4, 0, 2, 5, 4, 2, 5, 1, 6, 2, 4, 321, 0, 0, 0, 0, 0, 0]",4,16.543101421578765,-1,0
1560,"[2, 4, 2, 0, 7, 5, 1, 6, 0, 0, 0, 0, 0, 0, 2, 0, 2, 0, 1, 0, 0, 2, 0, 0, 1, 0, 1, 0, 0, 2, 0, 0, 0, 0, 0, 0, 0, 0, 0, 2, 2, 2, 0, 1, 0, 2, 2, 1, 2, 0, 2, 1, 1, 1, 1, 0, 0, 0, 0, 0, 0, 1, 1, 4, 4, 1, 3, 1, 1, 4, 0, 2, 5, 4, 2, 5, 1, 6, 2, 4, 321, 0, 1, 0, 0, 0, 0]",2,0.40156900460609113,-1,1
1561,"[2, 4, 2, 0, 7, 5, 1, 6, 0, 0, 0, 0, 0, 0, 2, 0, 2, 0, 1, 0, 0, 2, 0, 0, 1, 0, 1, 0, 0, 2, 0, 0, 0, 0, 0, 0, 0, 0, 0, 2, 2, 2, 0, 1, 0, 2, 2, 1, 2, 0, 2, 1, 1, 1, 1, 0, 0, 0, 0, 0, 0, 1, 1, 4, 4, 1, 3, 1, 1, 4, 0, 2, 5, 4, 2, 5, 1, 6, 2, 4, 321, 0, 1, 0, 0, 1, 0]","[[1 1 0 3]
 [2 1 2 0]]",0.651993869664182,-1,1
1562,"[2, 4, 2, 0, 7, 5, 1, 6, 0, 0, 0, 0, 0, 0, 2, 0, 2, 0, 1, 0, 0, 2, 0, 0, 1, 0, 1, 0, 0, 2, 0, 0, 0, 0, 0, 0, 0, 0, 0, 2, 2, 2, 0, 1, 0, 2, 2, 1, 2, 0, 2, 1, 1, 1, 1, 0, 0, 0, 0, 0, 0, 1, 1, 4, 4, 1, 3, 1, 1, 4, 0, 2, 5, 4, 2, 5, 1, 6, 2, 4, 321, 0, 0, 0, 0, 0, 0]",1,-0.19843099539390888,-1,0
1563,"[2, 4, 2, 0, 7, 5, 1, 6, 0, 0, 0, 0, 0, 0, 2, 0, 2, 0, 1, 0, 0, 2, 0, 0, 1, 0, 1, 0, 0, 2, 0, 0, 0, 0, 0, 0, 0, 0, 0, 2, 2, 2, 0, 1, 0, 2, 2, 1, 2, 0, 2, 1, 1, 1, 1, 0, 0, 0, 0, 0, 0, 1, 1, 4, 4, 1, 3, 1, 1, 4, 0, 2, 5, 4, 2, 5, 1, 6, 2, 4, 321, 0, 1, 0, 0, 0, 0]",2,0.40156900460609113,-1,1
1564,"[2, 4, 2, 0, 7, 5, 1, 6, 0, 0, 0, 0, 0, 0, 2, 0, 2, 0, 1, 0, 0, 2, 0, 0, 1, 0, 1, 0, 0, 2, 0, 0, 0, 0, 0, 0, 0, 0, 0, 2, 2, 2, 0, 1, 0, 2, 2, 1, 2, 0, 2, 1, 1, 1, 1, 0, 0, 0, 0, 0, 0, 1, 1, 4, 4, 1, 3, 1, 1, 4, 0, 2, 5, 4, 2, 5, 1, 6, 2, 4, 321, 0, 1, 0, 0, 1, 0]","[[1 2 0 2]
 [1 2 2 0]]",0.651993869664182,-1,1
1565,"[2, 4, 0, 2, 7, 5, 3, 4, 0, 0, 0, 0, 0, 0, 2, 0, 2, 0, 1, 0, 0, 2, 0, 0, 1, 0, 1, 0, 0, 2, 0, 0, 0, 0, 0, 0, 0, 0, 0, 2, 2, 2, 0, 1, 0, 2, 2, 1, 2, 0, 2, 1, 1, 1, 1, 0, 0, 0, 0, 0, 0, 1, 1, 4, 4, 1, 3, 1, 1, 4, 0, 2, 5, 4, 2, 5, 1, 6, 2, 4, 321, 0, 0, 0, 0, 0, 0]",0,-0.19843099539390888,-1,0
1566,"[2, 4, 0, 2, 7, 5, 3, 4, 0, 0, 0, 0, 0, 0, 2, 0, 2, 0, 1, 0, 0, 2, 0, 0, 1, 0, 1, 0, 0, 2, 0, 0, 0, 0, 0, 0, 0, 0, 0, 2, 2, 2, 0, 1, 0, 2, 2, 1, 2, 0, 2, 1, 1, 1, 1, 0, 0, 0, 0, 0, 0, 1, 1, 4, 4, 1, 3, 1, 1, 4, 0, 2, 5, 4, 2, 5, 1, 6, 2, 4, 321, 0, 0, 0, 0, 0, 0]",-1,-0.0020178306636015574,-1,1
1567,"[2, 4, 0, 2, 7, 5, 3, 4, 0, 0, 0, 0, 0, 0, 2, 0, 2, 0, 1, 0, 0, 2, 0, 0, 1, 0, 1, 0, 0, 2, 0, 0, 0, 0, 0, 0, 0, 0, 0, 2, 2, 2, 0, 1, 0, 2, 2, 1, 2, 0, 2, 1, 1, 1, 1, 0, 0, 0, 0, 0, 0, 1, 1, 4, 4, 1, 3, 1, 1, 4, 0, 2, 5, 4, 2, 5, 1, 6, 2, 4, 322, 0, 0, 0, 0, 0, 0]",4,17.13084029514467,-1,1
1568,"[2, 4, 0, 2, 7, 5, 3, 4, 0, 0, 0, 0, 0, 0, 2, 0, 2, 0, 1, 0, 0, 2, 0, 0, 1, 0, 1, 0, 0, 2, 0, 0, 0, 0, 0, 0, 0, 0, 0, 2, 2, 2, 0, 1, 0, 2, 2, 1, 2, 0, 2, 1, 1, 1, 1, 0, 0, 0, 0, 0, 0, 1, 1, 4, 4, 1, 3, 1, 1, 4, 0, 2, 5, 4, 2, 5, 1, 6, 2, 4, 322, 0, 0, 0, 0, 0, 0]",0,0.184913737165291,-1,0
1569,"[2, 4, 0, 2, 7, 5, 3, 4, 0, 0, 0, 0, 0, 0, 2, 0, 2, 0, 1, 0, 0, 2, 0, 0, 1, 0, 1, 0, 0, 2, 0, 0, 0, 0, 0, 0, 0, 0, 0, 2, 2, 2, 0, 1, 0, 2, 2, 1, 2, 0, 2, 1, 1, 1, 1, 0, 0, 0, 0, 0, 0, 1, 1, 4, 4, 1, 3, 1, 1, 4, 0, 2, 5, 4, 2, 5, 1, 6, 2, 4, 322, 0, 0, 0, 0, 0, 0]",-1,-0.001997752913032695,-1,0
1570,"[2, 4, 0, 2, 7, 5, 3, 4, 0, 0, 0, 0, 0, 0, 2, 0, 2, 0, 1, 0, 0, 2, 0, 0, 1, 0, 1, 0, 0, 2, 0, 0, 0, 0, 0, 0, 0, 0, 0, 2, 2, 2, 0, 1, 0, 2, 2, 1, 2, 0, 2, 1, 1, 1, 1, 0, 0, 0, 0, 0, 0, 1, 1, 4, 4, 1, 3, 1, 1, 4, 0, 2, 5, 4, 2, 5, 1, 6, 2, 4, 322, 1, 0, 0, 0, 0, 0]",3,0.2015079469116747,-1,0
1571,"[2, 2, 1, 2, 7, 5, 3, 4, 0, 0, 0, 0, 0, 0, 2, 0, 2, 0, 1, 0, 0, 2, 0, 0, 1, 0, 1, 0, 0, 2, 0, 0, 0, 0, 0, 0, 0, 0, 0, 2, 2, 2, 0, 1, 0, 2, 2, 1, 2, 0, 2, 1, 1, 1, 1, 0, 0, 0, 0, 0, 0, 1, 1, 4, 4, 1, 3, 1, 1, 4, 0, 2, 5, 4, 2, 5, 1, 6, 2, 4, 322, 0, 0, 0, 0, 0, 0]","[[0 2 0 0]
 [0 0 1 0]]",-0.19703437117728426,-1,0
1572,"[2, 2, 1, 2, 7, 5, 3, 4, 0, 0, 0, 0, 0, 0, 2, 0, 2, 0, 1, 0, 0, 2, 0, 0, 1, 0, 1, 0, 0, 2, 0, 0, 0, 0, 0, 0, 0, 0, 0, 2, 2, 2, 0, 1, 0, 2, 2, 1, 2, 0, 2, 1, 1, 1, 1, 0, 0, 0, 0, 0, 0, 1, 1, 4, 4, 1, 3, 1, 1, 4, 0, 2, 5, 4, 2, 5, 1, 6, 2, 4, 322, 0, 1, 0, 0, 0, 0]",2,0.4015079469116747,-1,0
1573,"[2, 2, 1, 2, 7, 5, 3, 4, 0, 0, 0, 0, 0, 0, 2, 0, 2, 0, 1, 0, 0, 2, 0, 0, 1, 0, 1, 0, 0, 2, 0, 0, 0, 0, 0, 0, 0, 0, 0, 2, 2, 2, 0, 1, 0, 2, 2, 1, 2, 0, 2, 1, 1, 1, 1, 0, 0, 0, 0, 0, 0, 1, 1, 4, 4, 1, 3, 1, 1, 4, 0, 2, 5, 4, 2, 5, 1, 6, 2, 4, 322, 0, 1, 0, 0, 1, 0]","[[1 0 0 0]
 [0 0 1 0]]",0.6519328119697656,-1,0
1574,"[2, 2, 1, 2, 7, 5, 3, 4, 0, 0, 0, 0, 0, 0, 2, 0, 2, 0, 1, 0, 0, 2, 0, 0, 1, 0, 1, 0, 0, 2, 0, 0, 0, 0, 0, 0, 0, 0, 0, 2, 2, 2, 0, 1, 0, 2, 2, 1, 2, 0, 2, 1, 1, 1, 1, 0, 0, 0, 0, 0, 0, 1, 1, 4, 4, 1, 3, 1, 1, 4, 0, 2, 5, 4, 2, 5, 1, 6, 2, 4, 322, 0, 1, 0, 0, 0, 1]",2,-0.19849205308832532,-1,1
1575,"[2, 2, 1, 2, 7, 5, 3, 4, 0, 0, 0, 0, 0, 0, 2, 0, 2, 0, 1, 0, 0, 2, 0, 0, 1, 0, 1, 0, 0, 2, 0, 0, 0, 0, 0, 0, 0, 0, 0, 2, 2, 2, 0, 1, 0, 2, 2, 1, 2, 0, 2, 1, 1, 1, 1, 0, 0, 0, 0, 0, 0, 1, 1, 4, 4, 1, 3, 1, 1, 4, 0, 2, 5, 4, 2, 5, 1, 6, 2, 4, 322, 0, 0, 1, 0, 0, 0]","[[2 1 1 2]
 [2 2 1 1]]",-0.19849205308832532,-1,1
1576,"[2, 1, 1, 3, 7, 6, 3, 3, 0, 0, 0, 0, 0, 0, 2, 0, 2, 0, 1, 0, 0, 2, 0, 0, 1, 0, 1, 0, 0, 2, 0, 0, 0, 0, 0, 0, 0, 0, 0, 2, 2, 2, 0, 1, 0, 2, 2, 1, 2, 0, 2, 1, 1, 1, 1, 0, 0, 0, 0, 0, 0, 1, 1, 4, 4, 1, 3, 1, 1, 4, 0, 2, 5, 4, 2, 5, 1, 6, 2, 4, 322, 0, 0, 0, 0, 0, 0]",0,-0.19849205308832532,-1,0
1577,"[2, 1, 1, 3, 7, 6, 3, 3, 0, 0, 0, 0, 0, 0, 2, 0, 2, 0, 1, 0, 0, 2, 0, 0, 1, 0, 1, 0, 0, 2, 0, 0, 0, 0, 0, 0, 0, 0, 0, 2, 2, 2, 0, 1, 0, 2, 2, 1, 2, 0, 2, 1, 1, 1, 1, 0, 0, 0, 0, 0, 0, 1, 1, 4, 4, 1, 3, 1, 1, 4, 0, 2, 5, 4, 2, 5, 1, 6, 2, 4, 322, 0, 1, 0, 0, 0, 0]",2,0.4015079469116747,-1,0
1578,"[2, 1, 1, 3, 7, 6, 3, 3, 0, 0, 0, 0, 0, 0, 2, 0, 2, 0, 1, 0, 0, 2, 0, 0, 1, 0, 1, 0, 0, 2, 0, 0, 0, 0, 0, 0, 0, 0, 0, 2, 2, 2, 0, 1, 0, 2, 2, 1, 2, 0, 2, 1, 1, 1, 1, 0, 0, 0, 0, 0, 0, 1, 1, 4, 4, 1, 3, 1, 1, 4, 0, 2, 5, 4, 2, 5, 1, 6, 2, 4, 322, 0, 0, 0, 0, 0, 0]",-1,-0.001997752913032695,-1,0
1579,"[2, 1, 1, 3, 7, 6, 3, 3, 0, 0, 0, 0, 0, 0, 2, 0, 2, 0, 1, 0, 0, 2, 0, 0, 1, 0, 1, 0, 0, 2, 0, 0, 0, 0, 0, 0, 0, 0, 0, 2, 2, 2, 0, 1, 0, 2, 2, 1, 2, 0, 2, 1, 1, 1, 1, 0, 0, 0, 0, 0, 0, 1, 1, 4, 4, 1, 3, 1, 1, 4, 0, 2, 5, 4, 2, 5, 1, 6, 2, 4, 322, 0, 0, 0, 0, 0, 0]",0,0.184913737165291,-1,0
1580,"[2, 1, 1, 3, 7, 6, 3, 3, 0, 0, 0, 0, 0, 0, 2, 0, 2, 0, 1, 0, 0, 2, 0, 0, 1, 0, 1, 0, 0, 2, 0, 0, 0, 0, 0, 0, 0, 0, 0, 2, 2, 2, 0, 1, 0, 2, 2, 1, 2, 0, 2, 1, 1, 1, 1, 0, 0, 0, 0, 0, 0, 1, 1, 4, 4, 1, 3, 1, 1, 4, 0, 2, 5, 4, 2, 5, 1, 6, 2, 4, 322, 0, 0, 0, 0, 0, 0]",-1,-0.001997752913032695,-1,0
1581,"[2, 1, 1, 3, 7, 6, 3, 3, 0, 0, 0, 0, 0, 0, 2, 0, 2, 0, 1, 0, 0, 2, 0, 0, 1, 0, 1, 0, 0, 2, 0, 0, 0, 0, 0, 0, 0, 0, 0, 2, 2, 2, 0, 1, 0, 2, 2, 1, 2, 0, 2, 1, 1, 1, 1, 0, 0, 0, 0, 0, 0, 1, 1, 4, 4, 1, 3, 1, 1, 4, 0, 2, 5, 4, 2, 5, 1, 6, 2, 4, 323, 0, 0, 0, 0, 0, 0]",4,16.757484599732656,-1,0
1582,"[2, 1, 1, 3, 7, 6, 3, 3, 0, 0, 0, 0, 0, 0, 2, 0, 2, 0, 1, 0, 0, 2, 0, 0, 1, 0, 1, 0, 0, 2, 0, 0, 0, 0, 0, 0, 0, 0, 0, 2, 2, 2, 0, 1, 0, 2, 2, 1, 2, 0, 2, 1, 1, 1, 1, 0, 0, 0, 0, 0, 0, 1, 1, 4, 4, 1, 3, 1, 1, 4, 0, 2, 5, 4, 2, 5, 1, 6, 2, 4, 323, 1, 0, 0, 0, 0, 0]",3,0.20144924791916632,-1,1
1583,"[2, 1, 1, 3, 7, 6, 3, 3, 0, 0, 0, 0, 0, 0, 2, 0, 2, 0, 1, 0, 0, 2, 0, 0, 1, 0, 1, 0, 0, 2, 0, 0, 0, 0, 0, 0, 0, 0, 0, 2, 2, 2, 0, 1, 0, 2, 2, 1, 2, 0, 2, 1, 1, 1, 1, 0, 0, 0, 0, 0, 0, 1, 1, 4, 4, 1, 3, 1, 1, 4, 0, 2, 5, 4, 2, 5, 1, 6, 2, 4, 323, 0, 0, 0, 0, 0, 0]",-1,-0.0019778749394199365,-1,1
1584,"[3, 2, 1, 3, 8, 7, 3, 3, 0, 0, 0, 0, 0, 0, 2, 0, 2, 0, 1, 0, 0, 2, 0, 0, 1, 0, 1, 0, 0, 2, 0, 0, 0, 0, 0, 0, 0, 0, 0, 2, 2, 2, 0, 1, 0, 2, 2, 1, 2, 0, 2, 1, 1, 1, 1, 0, 0, 0, 0, 0, 0, 1, 1, 4, 4, 1, 3, 1, 1, 4, 0, 2, 5, 4, 2, 5, 1, 6, 2, 4, 324, 0, 0, 0, 0, 0, 0]",4,16.971774828499953,-1,1
1585,"[3, 2, 1, 3, 8, 7, 3, 3, 0, 0, 0, 0, 0, 0, 2, 0, 2, 0, 1, 0, 0, 2, 0, 0, 1, 0, 1, 0, 0, 2, 0, 0, 0, 0, 0, 0, 0, 0, 0, 2, 2, 2, 0, 1, 0, 2, 2, 1, 2, 0, 2, 1, 1, 1, 1, 0, 0, 0, 0, 0, 0, 1, 1, 4, 4, 1, 3, 1, 1, 4, 0, 2, 5, 4, 2, 5, 1, 6, 2, 4, 324, 0, 1, 0, 0, 0, 0]",2,0.40139281783555236,-1,0
1586,"[3, 2, 1, 3, 8, 7, 3, 3, 0, 0, 0, 0, 0, 0, 2, 0, 2, 0, 1, 0, 0, 2, 0, 0, 1, 0, 1, 0, 0, 2, 0, 0, 0, 0, 0, 0, 0, 0, 0, 2, 2, 2, 0, 1, 0, 2, 2, 1, 2, 0, 2, 1, 1, 1, 1, 0, 0, 0, 0, 0, 0, 1, 1, 4, 4, 1, 3, 1, 1, 4, 0, 2, 5, 4, 2, 5, 1, 6, 2, 4, 324, 0, 0, 0, 0, 0, 0]",-1,-0.0019581947549493534,-1,0
1587,"[3, 2, 1, 3, 8, 7, 3, 3, 0, 0, 0, 0, 0, 0, 2, 0, 2, 0, 1, 0, 0, 2, 0, 0, 1, 0, 1, 0, 0, 2, 0, 0, 0, 0, 0, 0, 0, 0, 0, 2, 2, 2, 0, 1, 0, 2, 2, 1, 2, 0, 2, 1, 1, 1, 1, 0, 0, 0, 0, 0, 0, 1, 1, 4, 4, 1, 3, 1, 1, 4, 0, 2, 5, 4, 2, 5, 1, 6, 2, 4, 324, 1, 0, 0, 0, 0, 0]",3,0.20139281783555243,-1,0
1588,"[3, 0, 1, 4, 8, 7, 3, 3, 0, 0, 0, 0, 0, 0, 2, 0, 2, 0, 1, 0, 0, 2, 0, 0, 1, 0, 1, 0, 0, 2, 0, 0, 0, 0, 0, 0, 0, 0, 0, 2, 2, 2, 0, 1, 0, 2, 2, 1, 2, 0, 2, 1, 1, 1, 1, 0, 0, 0, 0, 0, 0, 1, 1, 4, 4, 1, 3, 1, 1, 4, 0, 2, 5, 4, 2, 5, 1, 6, 2, 4, 324, 0, 0, 0, 0, 0, 0]","[[0 2 0 0]
 [0 0 0 1]]",-0.19714950025340652,-1,0
1589,"[3, 0, 1, 4, 8, 7, 3, 3, 0, 0, 0, 0, 0, 0, 2, 0, 2, 0, 1, 0, 0, 2, 0, 0, 1, 0, 1, 0, 0, 2, 0, 0, 0, 0, 0, 0, 0, 0, 0, 2, 2, 2, 0, 1, 0, 2, 2, 1, 2, 0, 2, 1, 1, 1, 1, 0, 0, 0, 0, 0, 0, 1, 1, 4, 4, 1, 3, 1, 1, 4, 0, 2, 5, 4, 2, 5, 1, 6, 2, 4, 324, 1, 0, 0, 0, 0, 0]",3,0.20139281783555243,-1,0
1590,"[3, 1, 1, 2, 8, 7, 3, 3, 0, 0, 0, 0, 0, 0, 2, 0, 2, 0, 1, 0, 0, 2, 0, 0, 1, 0, 1, 0, 0, 2, 0, 0, 0, 0, 0, 0, 0, 0, 0, 2, 2, 2, 0, 1, 0, 2, 2, 1, 2, 0, 2, 1, 1, 1, 1, 0, 0, 0, 0, 0, 0, 1, 1, 4, 4, 1, 3, 1, 1, 4, 0, 2, 5, 4, 2, 5, 1, 6, 2, 4, 324, 0, 0, 0, 0, 0, 0]","[[0 0 0 2]
 [0 1 0 0]]",-0.19714950025340652,-1,0
1591,"[1, 1, 1, 1, 4, 3, 1, 1, 0, 0, 0, 0, 0, 0, 2, 0, 2, 0, 1, 0, 0, 2, 0, 0, 1, 0, 1, 0, 0, 2, 0, 0, 0, 0, 0, 0, 0, 0, 0, 2, 2, 2, 0, 1, 0, 2, 2, 1, 2, 0, 2, 1, 1, 1, 1, 0, 0, 0, 0, 0, 0, 1, 1, 4, 4, 1, 3, 1, 1, 4, 0, 2, 5, 4, 2, 5, 1, 6, 2, 4, 325, 0, 0, 0, 0, 0, 0]",4,17.585254959694755,-1,0
1592,"[1, 1, 1, 1, 4, 3, 1, 1, 0, 0, 0, 0, 0, 0, 2, 0, 2, 0, 1, 0, 0, 2, 0, 0, 1, 0, 1, 0, 0, 2, 0, 0, 0, 0, 0, 0, 0, 0, 0, 2, 2, 2, 0, 1, 0, 2, 2, 1, 2, 0, 2, 1, 1, 1, 1, 0, 0, 0, 0, 0, 0, 1, 1, 4, 4, 1, 3, 1, 1, 4, 0, 2, 5, 4, 2, 5, 1, 6, 2, 4, 325, 0, 1, 0, 0, 0, 0]",2,0.4013385701848569,-1,1
1593,"[1, 1, 1, 1, 4, 3, 1, 1, 0, 0, 0, 0, 0, 0, 2, 0, 2, 0, 1, 0, 0, 2, 0, 0, 1, 0, 1, 0, 0, 2, 0, 0, 0, 0, 0, 0, 0, 0, 0, 2, 2, 2, 0, 1, 0, 2, 2, 1, 2, 0, 2, 1, 1, 1, 1, 0, 0, 0, 0, 0, 0, 1, 1, 4, 4, 1, 3, 1, 1, 4, 0, 2, 5, 4, 2, 5, 1, 6, 2, 4, 325, 0, 1, 0, 0, 1, 0]","[[2 1 0 0]
 [1 1 1 1]]",1.726579902725453,-1,1
1594,"[2, 1, 0, 0, 3, 3, 2, 2, 0, 0, 0, 0, 0, 0, 2, 0, 2, 0, 1, 0, 0, 2, 0, 0, 1, 0, 1, 0, 0, 2, 0, 0, 0, 0, 0, 0, 0, 0, 0, 2, 2, 2, 0, 1, 0, 2, 2, 1, 2, 0, 2, 1, 1, 1, 1, 0, 0, 0, 0, 0, 0, 1, 1, 4, 4, 1, 3, 1, 1, 4, 0, 2, 5, 4, 2, 5, 1, 6, 2, 4, 325, 0, 0, 0, 0, 0, 0]",0,-0.19866142981514306,-1,0
1595,"[2, 1, 0, 0, 3, 3, 2, 2, 0, 0, 0, 0, 0, 0, 2, 0, 2, 0, 1, 0, 0, 2, 0, 0, 1, 0, 1, 0, 0, 2, 0, 0, 0, 0, 0, 0, 0, 0, 0, 2, 2, 2, 0, 1, 0, 2, 2, 1, 2, 0, 2, 1, 1, 1, 1, 0, 0, 0, 0, 0, 0, 1, 1, 4, 4, 1, 3, 1, 1, 4, 0, 2, 5, 4, 2, 5, 1, 6, 2, 4, 325, 1, 0, 0, 0, 0, 0]",3,0.20133857018485696,-1,1
1596,"[2, 1, 0, 0, 3, 3, 2, 2, 0, 0, 0, 0, 0, 0, 2, 0, 2, 0, 1, 0, 0, 2, 0, 0, 1, 0, 1, 0, 0, 2, 0, 0, 0, 0, 0, 0, 0, 0, 0, 2, 2, 2, 0, 1, 0, 2, 2, 1, 2, 0, 2, 1, 1, 1, 1, 0, 0, 0, 0, 0, 0, 1, 1, 4, 4, 1, 3, 1, 1, 4, 0, 2, 5, 4, 2, 5, 1, 6, 2, 4, 325, 0, 0, 0, 0, 0, 0]",-1,-0.0019387103915861005,-1,1
1597,"[2, 1, 0, 0, 3, 3, 2, 2, 0, 0, 0, 0, 0, 0, 2, 0, 2, 0, 1, 0, 0, 2, 0, 0, 1, 0, 1, 0, 0, 2, 0, 0, 0, 0, 0, 0, 0, 0, 0, 2, 2, 2, 0, 1, 0, 2, 2, 1, 2, 0, 2, 1, 1, 1, 1, 0, 0, 0, 0, 0, 0, 1, 1, 4, 4, 1, 3, 1, 1, 4, 0, 2, 5, 4, 2, 5, 1, 6, 2, 4, 326, 0, 0, 0, 0, 0, 0]",4,17.449242398385717,-1,1
1598,"[1, 1, 0, 0, 1, 1, 1, 1, 0, 0, 0, 0, 0, 0, 2, 0, 2, 0, 1, 0, 0, 2, 0, 0, 1, 0, 1, 0, 0, 2, 0, 0, 0, 0, 0, 0, 0, 0, 0, 2, 2, 2, 0, 1, 0, 2, 2, 1, 2, 0, 2, 1, 1, 1, 1, 0, 0, 0, 0, 0, 0, 1, 1, 4, 4, 1, 3, 1, 1, 4, 0, 2, 5, 4, 2, 5, 1, 6, 2, 0, 327, 0, 0, 0, 0, 0, 0]",4,16.644538303273855,-1,0
1599,"[1, 1, 0, 0, 1, 1, 1, 1, 0, 0, 0, 0, 0, 0, 2, 0, 2, 0, 1, 0, 0, 2, 0, 0, 1, 0, 1, 0, 0, 2, 0, 0, 0, 0, 0, 0, 0, 0, 0, 2, 2, 2, 0, 1, 0, 2, 2, 1, 2, 0, 2, 1, 1, 1, 1, 0, 0, 0, 0, 0, 0, 1, 1, 4, 4, 1, 3, 1, 1, 4, 0, 2, 5, 4, 2, 5, 1, 6, 2, 0, 327, 1, 0, 0, 0, 0, 0]",3,0.20123629217832223,-1,1
1600,"[1, 1, 0, 0, 1, 1, 1, 1, 0, 0, 0, 0, 0, 0, 2, 0, 2, 0, 1, 0, 0, 2, 0, 0, 1, 0, 1, 0, 0, 2, 0, 0, 0, 0, 0, 0, 0, 0, 0, 2, 2, 2, 0, 1, 0, 2, 2, 1, 2, 0, 2, 1, 1, 1, 1, 0, 0, 0, 0, 0, 0, 1, 1, 4, 4, 1, 3, 1, 1, 4, 0, 2, 5, 4, 2, 5, 1, 6, 2, 0, 327, 0, 0, 0, 0, 0, 0]",-1,-0.0019003213537587159,-1,1
1601,"[1, 1, 0, 0, 1, 1, 1, 1, 0, 0, 0, 0, 0, 0, 2, 0, 2, 0, 1, 0, 0, 2, 0, 0, 1, 0, 1, 0, 0, 2, 0, 0, 0, 0, 0, 0, 0, 0, 0, 2, 2, 2, 0, 1, 0, 2, 2, 1, 2, 0, 2, 1, 1, 1, 1, 0, 0, 0, 0, 0, 0, 1, 1, 4, 4, 1, 3, 1, 1, 4, 0, 2, 5, 4, 2, 5, 1, 6, 2, 0, 327, 0, 0, 0, 0, 0, 0]",1,0.22004015869581545,-1,1
1602,"[1, 1, 0, 0, 1, 1, 1, 1, 0, 0, 0, 0, 0, 0, 2, 0, 2, 0, 1, 0, 0, 2, 0, 0, 1, 0, 1, 0, 0, 2, 0, 0, 0, 0, 0, 0, 0, 0, 0, 2, 2, 2, 0, 1, 0, 2, 2, 1, 2, 0, 2, 1, 1, 1, 1, 0, 0, 0, 0, 0, 0, 1, 1, 4, 4, 1, 3, 1, 1, 4, 0, 2, 5, 4, 2, 5, 1, 6, 2, 0, 327, 0, 0, 0, 0, 0, 0]",-1,-0.0019003213537587159,-1,1
1603,"[2, 2, 0, 0, 2, 2, 1, 1, 0, 0, 0, 0, 0, 0, 2, 0, 2, 0, 1, 0, 0, 2, 0, 0, 1, 0, 1, 0, 0, 2, 0, 0, 0, 0, 0, 0, 0, 0, 0, 2, 2, 2, 0, 1, 0, 2, 2, 1, 2, 0, 2, 1, 1, 1, 1, 0, 0, 0, 0, 0, 0, 1, 1, 4, 4, 1, 3, 1, 1, 4, 0, 2, 5, 4, 2, 5, 1, 6, 2, 0, 328, 0, 0, 0, 0, 0, 0]",4,17.37695191844096,-1,1
1604,"[2, 2, 0, 0, 2, 2, 1, 1, 0, 0, 0, 0, 0, 0, 2, 0, 2, 0, 1, 0, 0, 2, 0, 0, 1, 0, 1, 0, 0, 2, 0, 0, 0, 0, 0, 0, 0, 0, 0, 2, 2, 2, 0, 1, 0, 2, 2, 1, 2, 0, 2, 1, 1, 1, 1, 0, 0, 0, 0, 0, 0, 1, 1, 4, 4, 1, 3, 1, 1, 4, 0, 2, 5, 4, 2, 5, 1, 6, 2, 0, 328, 1, 0, 0, 0, 0, 0]",3,0.20118810443966806,-1,0
1605,"[2, 0, 0, 1, 2, 2, 1, 1, 0, 0, 0, 0, 0, 0, 2, 0, 2, 0, 1, 0, 0, 2, 0, 0, 1, 0, 1, 0, 0, 2, 0, 0, 0, 0, 0, 0, 0, 0, 0, 2, 2, 2, 0, 1, 0, 2, 2, 1, 2, 0, 2, 1, 1, 1, 1, 0, 0, 0, 0, 0, 0, 1, 1, 4, 4, 1, 3, 1, 1, 4, 0, 2, 5, 4, 2, 5, 1, 6, 2, 0, 328, 0, 0, 0, 0, 0, 0]","[[0 2 0 0]
 [0 0 0 1]]",-0.1973542136492909,-1,0
1606,"[2, 0, 0, 1, 2, 2, 1, 1, 0, 0, 0, 0, 0, 0, 2, 0, 2, 0, 1, 0, 0, 2, 0, 0, 1, 0, 1, 0, 0, 2, 0, 0, 0, 0, 0, 0, 0, 0, 0, 2, 2, 2, 0, 1, 0, 2, 2, 1, 2, 0, 2, 1, 1, 1, 1, 0, 0, 0, 0, 0, 0, 1, 1, 4, 4, 1, 3, 1, 1, 4, 0, 2, 5, 4, 2, 5, 1, 6, 2, 0, 328, 0, 1, 0, 0, 0, 0]",2,0.401188104439668,-1,0
1607,"[2, 0, 0, 1, 2, 2, 1, 1, 0, 0, 0, 0, 0, 0, 2, 0, 2, 0, 1, 0, 0, 2, 0, 0, 1, 0, 1, 0, 0, 2, 0, 0, 0, 0, 0, 0, 0, 0, 0, 2, 2, 2, 0, 1, 0, 2, 2, 1, 2, 0, 2, 1, 1, 1, 1, 0, 0, 0, 0, 0, 0, 1, 1, 4, 4, 1, 3, 1, 1, 4, 0, 2, 5, 4, 2, 5, 1, 6, 2, 0, 328, 0, 1, 0, 0, 1, 0]","[[0 0 0 1]
 [0 0 1 0]]",0.6516129694977589,-1,0
1608,"[2, 0, 0, 1, 2, 2, 1, 1, 0, 0, 0, 0, 0, 0, 2, 0, 2, 0, 1, 0, 0, 2, 0, 0, 1, 0, 1, 0, 0, 2, 0, 0, 0, 0, 0, 0, 0, 0, 0, 2, 2, 2, 0, 1, 0, 2, 2, 1, 2, 0, 2, 1, 1, 1, 1, 0, 0, 0, 0, 0, 0, 1, 1, 4, 4, 1, 3, 1, 1, 4, 0, 2, 5, 4, 2, 5, 1, 6, 2, 0, 328, 0, 0, 0, 0, 0, 0]",1,-18.440248242515032,-1,1
1609,"[2, 0, 0, 1, 2, 2, 1, 1, 0, 0, 0, 0, 0, 0, 2, 0, 2, 0, 1, 0, 0, 2, 0, 0, 1, 0, 1, 0, 0, 2, 0, 0, 0, 0, 0, 0, 0, 0, 0, 2, 2, 2, 0, 1, 0, 2, 2, 1, 2, 0, 2, 1, 1, 1, 1, 0, 0, 0, 0, 0, 0, 1, 1, 4, 4, 1, 3, 1, 1, 4, 0, 2, 5, 4, 2, 5, 1, 6, 2, 0, 328, 1, 0, 0, 0, 0, 0]",3,0.20118810443966806,-1,0
1610,"[0, 0, 1, 1, 2, 2, 1, 1, 0, 0, 0, 0, 0, 0, 2, 0, 2, 0, 1, 0, 0, 2, 0, 0, 1, 0, 1, 0, 0, 2, 0, 0, 0, 0, 0, 0, 0, 0, 0, 2, 2, 2, 0, 1, 0, 2, 2, 1, 2, 0, 2, 1, 1, 1, 1, 0, 0, 0, 0, 0, 0, 1, 1, 4, 4, 1, 3, 1, 1, 4, 0, 2, 5, 4, 2, 5, 1, 6, 2, 0, 328, 0, 0, 0, 0, 0, 0]","[[2 0 0 0]
 [0 0 1 0]]",-0.1973542136492909,-1,0
1611,"[0, 0, 1, 1, 2, 2, 1, 1, 0, 0, 0, 0, 0, 0, 2, 0, 2, 0, 1, 0, 0, 2, 0, 0, 1, 0, 1, 0, 0, 2, 0, 0, 0, 0, 0, 0, 0, 0, 0, 2, 2, 2, 0, 1, 0, 2, 2, 1, 2, 0, 2, 1, 1, 1, 1, 0, 0, 0, 0, 0, 0, 1, 1, 4, 4, 1, 3, 1, 1, 4, 0, 2, 5, 4, 2, 5, 1, 6, 2, 0, 328, 0, 0, 0, 0, 0, 0]",0,0.18459389469328435,-1,0
1612,"[0, 0, 1, 1, 2, 2, 1, 1, 0, 0, 0, 0, 0, 0, 2, 0, 2, 0, 1, 0, 0, 2, 0, 0, 1, 0, 1, 0, 0, 2, 0, 0, 0, 0, 0, 0, 0, 0, 0, 2, 2, 2, 0, 1, 0, 2, 2, 1, 2, 0, 2, 1, 1, 1, 1, 0, 0, 0, 0, 0, 0, 1, 1, 4, 4, 1, 3, 1, 1, 4, 0, 2, 5, 4, 2, 5, 1, 6, 2, 0, 328, 0, 0, 0, 0, 0, 0]",-1,-0.0018814128403588102,-1,0
1613,"[0, 0, 1, 1, 2, 2, 1, 3, 0, 0, 0, 0, 0, 0, 2, 0, 2, 0, 1, 0, 0, 2, 0, 0, 1, 0, 1, 0, 0, 2, 0, 0, 0, 0, 0, 0, 0, 0, 0, 2, 2, 2, 0, 1, 0, 2, 2, 1, 2, 0, 2, 1, 1, 1, 1, 0, 0, 0, 0, 0, 0, 1, 1, 4, 4, 1, 3, 1, 1, 4, 0, 2, 5, 4, 2, 5, 1, 6, 2, 0, 329, 0, 0, 0, 0, 0, 0]",4,16.644367781129894,-1,0
1614,"[0, 0, 1, 1, 2, 2, 1, 3, 0, 0, 0, 0, 0, 0, 2, 0, 2, 0, 1, 0, 0, 2, 0, 0, 1, 0, 1, 0, 0, 2, 0, 0, 0, 0, 0, 0, 0, 0, 0, 2, 2, 2, 0, 1, 0, 2, 2, 1, 2, 0, 2, 1, 1, 1, 1, 0, 0, 0, 0, 0, 0, 1, 1, 4, 4, 1, 3, 1, 1, 4, 0, 2, 5, 4, 2, 5, 1, 6, 2, 0, 329, 1, 0, 0, 0, 0, 0]",3,0.2011417841554047,-1,1
1615,"[0, 0, 1, 1, 2, 2, 1, 3, 0, 0, 0, 0, 0, 0, 2, 0, 2, 0, 1, 0, 0, 2, 0, 0, 1, 0, 1, 0, 0, 2, 0, 0, 0, 0, 0, 0, 0, 0, 0, 2, 2, 2, 0, 1, 0, 2, 2, 1, 2, 0, 2, 1, 1, 1, 1, 0, 0, 0, 0, 0, 0, 1, 1, 4, 4, 1, 3, 1, 1, 4, 0, 2, 5, 4, 2, 5, 1, 6, 2, 0, 329, 0, 0, 0, 0, 0, 0]",-1,-0.0018626924698107905,-1,1
1616,"[0, 0, 1, 1, 4, 2, 1, 3, 0, 0, 0, 0, 0, 0, 2, 0, 2, 0, 1, 0, 0, 2, 0, 0, 1, 0, 1, 0, 0, 2, 0, 0, 0, 0, 0, 0, 0, 0, 0, 2, 2, 2, 0, 1, 0, 2, 2, 1, 2, 0, 2, 1, 1, 1, 1, 0, 0, 0, 0, 0, 0, 1, 1, 4, 4, 1, 3, 1, 1, 4, 0, 2, 5, 4, 2, 5, 1, 6, 2, 0, 330, 0, 0, 0, 0, 0, 0]",4,17.108332015557565,-1,1
1617,"[0, 0, 1, 1, 4, 2, 1, 3, 0, 0, 0, 0, 0, 0, 2, 0, 2, 0, 1, 0, 0, 2, 0, 0, 1, 0, 1, 0, 0, 2, 0, 0, 0, 0, 0, 0, 0, 0, 0, 2, 2, 2, 0, 1, 0, 2, 2, 1, 2, 0, 2, 1, 1, 1, 1, 0, 0, 0, 0, 0, 0, 1, 1, 4, 4, 1, 3, 1, 1, 4, 0, 2, 5, 4, 2, 5, 1, 6, 2, 0, 330, 0, 1, 0, 0, 0, 0]",2,0.4010972597798901,-1,0
1618,"[0, 0, 1, 1, 4, 2, 1, 3, 0, 0, 0, 0, 0, 0, 2, 0, 2, 0, 1, 0, 0, 2, 0, 0, 1, 0, 1, 0, 0, 2, 0, 0, 0, 0, 0, 0, 0, 0, 0, 2, 2, 2, 0, 1, 0, 2, 2, 1, 2, 0, 2, 1, 1, 1, 1, 0, 0, 0, 0, 0, 0, 1, 1, 4, 4, 1, 3, 1, 1, 4, 0, 2, 5, 4, 2, 5, 1, 6, 2, 0, 330, 0, 1, 0, 0, 1, 0]","[[0 0 0 1]
 [0 1 0 0]]",0.651522124837981,-1,0
1619,"[0, 0, 1, 1, 4, 2, 1, 3, 0, 0, 0, 0, 0, 0, 2, 0, 2, 0, 1, 0, 0, 2, 0, 0, 1, 0, 1, 0, 0, 2, 0, 0, 0, 0, 0, 0, 0, 0, 0, 2, 2, 2, 0, 1, 0, 2, 2, 1, 2, 0, 2, 1, 1, 1, 1, 0, 0, 0, 0, 0, 0, 1, 1, 4, 4, 1, 3, 1, 1, 4, 0, 2, 5, 4, 2, 5, 1, 6, 2, 0, 330, 0, 1, 0, 0, 0, 1]",2,-0.1989027402201099,-1,1
1620,"[0, 0, 1, 1, 4, 2, 1, 3, 0, 0, 0, 0, 0, 0, 2, 0, 2, 0, 1, 0, 0, 2, 0, 0, 1, 0, 1, 0, 0, 2, 0, 0, 0, 0, 0, 0, 0, 0, 0, 2, 2, 2, 0, 1, 0, 2, 2, 1, 2, 0, 2, 1, 1, 1, 1, 0, 0, 0, 0, 0, 0, 1, 1, 4, 4, 1, 3, 1, 1, 4, 0, 2, 5, 4, 2, 5, 1, 6, 2, 0, 330, 0, 0, 1, 0, 0, 0]","[[1 1 0 1]
 [0 0 1 1]]",-0.1989027402201099,-1,1
1621,"[0, 0, 1, 1, 4, 2, 1, 3, 0, 0, 0, 0, 0, 0, 2, 0, 2, 0, 1, 0, 0, 2, 0, 0, 1, 0, 1, 0, 0, 2, 0, 0, 0, 0, 0, 0, 0, 0, 0, 2, 2, 2, 0, 1, 0, 2, 2, 1, 2, 0, 2, 1, 1, 1, 1, 0, 0, 0, 0, 0, 0, 1, 1, 4, 4, 1, 3, 1, 1, 4, 0, 2, 5, 4, 2, 5, 1, 6, 2, 0, 330, 0, 0, 0, 0, 0, 0]",1,-6.116409326482121,-1,0
1622,"[0, 0, 1, 1, 4, 2, 1, 3, 0, 0, 0, 0, 0, 0, 2, 0, 2, 0, 1, 0, 0, 2, 0, 0, 1, 0, 1, 0, 0, 2, 0, 0, 0, 0, 0, 0, 0, 0, 0, 2, 2, 2, 0, 1, 0, 2, 2, 1, 2, 0, 2, 1, 1, 1, 1, 0, 0, 0, 0, 0, 0, 1, 1, 4, 4, 1, 3, 1, 1, 4, 0, 2, 5, 4, 2, 5, 1, 6, 2, 0, 331, 0, 0, 0, 0, 0, 0]",4,16.644205950479286,-1,0
1623,"[0, 0, 1, 1, 4, 2, 1, 5, 0, 0, 0, 0, 0, 0, 2, 0, 2, 0, 1, 0, 0, 2, 0, 0, 1, 0, 1, 0, 0, 2, 0, 0, 0, 0, 0, 0, 0, 0, 0, 2, 2, 2, 0, 1, 0, 2, 2, 1, 2, 0, 2, 1, 1, 1, 1, 0, 0, 0, 0, 0, 0, 1, 1, 4, 4, 1, 3, 1, 1, 4, 0, 2, 5, 4, 2, 5, 1, 6, 2, 0, 332, 0, 0, 0, 0, 0, 0]",4,16.971212435534724,-1,1
1624,"[0, 0, 1, 1, 4, 2, 1, 5, 0, 0, 0, 0, 0, 0, 2, 0, 2, 0, 1, 0, 0, 2, 0, 0, 1, 0, 1, 0, 0, 2, 0, 0, 0, 0, 0, 0, 0, 0, 0, 2, 2, 2, 0, 1, 0, 2, 2, 1, 2, 0, 2, 1, 1, 1, 1, 0, 0, 0, 0, 0, 0, 1, 1, 4, 4, 1, 3, 1, 1, 4, 0, 2, 5, 4, 2, 5, 1, 6, 2, 0, 332, 1, 0, 0, 0, 0, 0]",3,0.20101332586669327,-1,0
1625,"[0, 0, 1, 1, 4, 2, 1, 5, 0, 0, 0, 0, 0, 0, 2, 0, 2, 0, 1, 0, 0, 2, 0, 0, 1, 0, 1, 0, 0, 2, 0, 0, 0, 0, 0, 0, 0, 0, 0, 2, 2, 2, 0, 1, 0, 2, 2, 1, 2, 0, 2, 1, 1, 1, 1, 0, 0, 0, 0, 0, 0, 1, 1, 4, 4, 1, 3, 1, 1, 4, 0, 2, 5, 4, 2, 5, 1, 6, 2, 0, 332, 0, 0, 0, 0, 0, 0]",-1,-0.0018076415877023206,-1,0
1626,"[0, 0, 1, 1, 2, 1, 1, 2, 0, 0, 0, 0, 0, 0, 2, 0, 2, 0, 1, 0, 0, 2, 0, 0, 1, 0, 1, 0, 0, 2, 0, 0, 0, 0, 0, 0, 0, 0, 0, 2, 2, 2, 0, 1, 0, 2, 2, 1, 2, 0, 2, 1, 1, 1, 1, 0, 0, 0, 0, 0, 0, 1, 1, 4, 4, 1, 3, 1, 1, 4, 0, 2, 5, 4, 2, 5, 1, 6, 2, 0, 333, 0, 0, 0, 0, 0, 0]",4,16.64405224071793,-1,0
1627,"[0, 0, 1, 1, 2, 1, 1, 2, 0, 0, 0, 0, 0, 0, 2, 0, 2, 0, 1, 0, 0, 2, 0, 0, 1, 0, 1, 0, 0, 2, 0, 0, 0, 0, 0, 0, 0, 0, 0, 2, 2, 2, 0, 1, 0, 2, 2, 1, 2, 0, 2, 1, 1, 1, 1, 0, 0, 0, 0, 0, 0, 1, 1, 4, 4, 1, 3, 1, 1, 4, 0, 2, 5, 4, 2, 5, 1, 6, 2, 0, 333, 0, 0, 0, 0, 0, 0]",0,0.18437957650236803,-1,1
1628,"[0, 0, 1, 1, 2, 1, 1, 2, 0, 0, 0, 0, 0, 0, 2, 0, 2, 0, 1, 0, 0, 2, 0, 0, 1, 0, 1, 0, 0, 2, 0, 0, 0, 0, 0, 0, 0, 0, 0, 2, 2, 2, 0, 1, 0, 2, 2, 1, 2, 0, 2, 1, 1, 1, 1, 0, 0, 0, 0, 0, 0, 1, 1, 4, 4, 1, 3, 1, 1, 4, 0, 2, 5, 4, 2, 5, 1, 6, 2, 0, 333, 0, 0, 0, 0, 0, 0]",-1,-0.0017896552533827649,-1,1
1629,"[0, 0, 1, 1, 4, 1, 1, 2, 0, 0, 0, 0, 0, 0, 2, 0, 2, 0, 1, 0, 0, 2, 0, 0, 1, 0, 1, 0, 0, 2, 0, 0, 0, 0, 0, 0, 0, 0, 0, 2, 2, 2, 0, 1, 0, 2, 2, 1, 2, 0, 2, 1, 1, 1, 1, 0, 0, 0, 0, 0, 0, 1, 1, 4, 4, 1, 3, 1, 1, 4, 0, 2, 5, 4, 2, 5, 1, 6, 2, 0, 334, 0, 0, 0, 0, 0, 0]",4,17.016105200987877,-1,1
1630,"[0, 0, 1, 1, 4, 1, 1, 2, 0, 0, 0, 0, 0, 0, 2, 0, 2, 0, 1, 0, 0, 2, 0, 0, 1, 0, 1, 0, 0, 2, 0, 0, 0, 0, 0, 0, 0, 0, 0, 2, 2, 2, 0, 1, 0, 2, 2, 1, 2, 0, 2, 1, 1, 1, 1, 0, 0, 0, 0, 0, 0, 1, 1, 4, 4, 1, 3, 1, 1, 4, 0, 2, 5, 4, 2, 5, 1, 6, 2, 0, 334, 1, 0, 0, 0, 0, 0]",3,0.20093578219727015,-1,0
1631,"[0, 0, 1, 1, 4, 1, 1, 2, 0, 0, 0, 0, 0, 0, 2, 0, 2, 0, 1, 0, 0, 2, 0, 0, 1, 0, 1, 0, 0, 2, 0, 0, 0, 0, 0, 0, 0, 0, 0, 2, 2, 2, 0, 1, 0, 2, 2, 1, 2, 0, 2, 1, 1, 1, 1, 0, 0, 0, 0, 0, 0, 1, 1, 4, 4, 1, 3, 1, 1, 4, 0, 2, 5, 4, 2, 5, 1, 6, 2, 0, 334, 0, 0, 0, 0, 0, 0]",-1,-0.001771847886079932,-1,0
1632,"[0, 0, 1, 1, 4, 1, 1, 4, 0, 0, 0, 0, 0, 0, 2, 0, 2, 0, 1, 0, 0, 2, 0, 0, 1, 0, 1, 0, 0, 2, 0, 0, 0, 0, 0, 0, 0, 0, 0, 2, 2, 2, 0, 1, 0, 2, 2, 1, 2, 0, 2, 1, 1, 1, 1, 0, 0, 0, 0, 0, 0, 1, 1, 4, 4, 1, 3, 1, 1, 4, 0, 2, 5, 4, 2, 5, 1, 6, 2, 0, 335, 0, 0, 0, 0, 0, 0]",4,16.64390612169812,-1,0
1633,"[0, 0, 1, 1, 4, 1, 1, 4, 0, 0, 0, 0, 0, 0, 2, 0, 2, 0, 1, 0, 0, 2, 0, 0, 1, 0, 1, 0, 0, 2, 0, 0, 0, 0, 0, 0, 0, 0, 0, 2, 2, 2, 0, 1, 0, 2, 2, 1, 2, 0, 2, 1, 1, 1, 1, 0, 0, 0, 0, 0, 0, 1, 1, 4, 4, 1, 3, 1, 1, 4, 0, 2, 5, 4, 2, 5, 1, 6, 2, 0, 335, 0, 1, 0, 0, 0, 0]",2,0.40089925463218823,-1,1
1634,"[0, 0, 1, 1, 4, 1, 1, 4, 0, 0, 0, 0, 0, 0, 2, 0, 2, 0, 1, 0, 0, 2, 0, 0, 1, 0, 1, 0, 0, 2, 0, 0, 0, 0, 0, 0, 0, 0, 0, 2, 2, 2, 0, 1, 0, 2, 2, 1, 2, 0, 2, 1, 1, 1, 1, 0, 0, 0, 0, 0, 0, 1, 1, 4, 4, 1, 3, 1, 1, 4, 0, 2, 5, 4, 2, 5, 1, 6, 2, 0, 335, 0, 1, 0, 0, 1, 0]","[[2 0 0 2]
 [0 0 1 1]]",-0.17521642088724143,-1,1
1635,"[0, 0, 1, 1, 4, 1, 1, 4, 0, 0, 0, 0, 0, 0, 2, 0, 2, 0, 1, 0, 0, 2, 0, 0, 1, 0, 1, 0, 0, 2, 0, 0, 0, 0, 0, 0, 0, 0, 0, 2, 2, 2, 0, 1, 0, 2, 2, 1, 2, 0, 2, 1, 1, 1, 1, 0, 0, 0, 0, 0, 0, 1, 1, 4, 4, 1, 3, 1, 1, 4, 0, 2, 5, 4, 2, 5, 1, 6, 2, 0, 335, 0, 0, 0, 0, 0, 0]",1,-0.19910074536781178,-1,0
1636,"[0, 0, 1, 1, 4, 1, 1, 4, 0, 0, 0, 0, 0, 0, 2, 0, 2, 0, 1, 0, 0, 2, 0, 0, 1, 0, 1, 0, 0, 2, 0, 0, 0, 0, 0, 0, 0, 0, 0, 2, 2, 2, 0, 1, 0, 2, 2, 1, 2, 0, 2, 1, 1, 1, 1, 0, 0, 0, 0, 0, 0, 1, 1, 4, 4, 1, 3, 1, 1, 4, 0, 2, 5, 4, 2, 5, 1, 6, 2, 0, 335, 0, 0, 0, 0, 0, 0]",0,0.18430504488580454,-1,1
1637,"[0, 0, 1, 1, 3, 0, 1, 4, 0, 0, 0, 0, 0, 0, 2, 0, 2, 0, 1, 0, 0, 2, 0, 0, 1, 0, 1, 0, 0, 2, 0, 0, 0, 0, 0, 0, 0, 0, 2, 2, 2, 2, 0, 1, 0, 2, 2, 1, 2, 0, 2, 1, 1, 1, 1, 0, 0, 0, 0, 0, 0, 1, 1, 4, 4, 1, 3, 1, 1, 4, 0, 2, 5, 4, 2, 5, 1, 6, 2, 0, 335, 0, 0, 0, 0, 0, 0]",6,0.5694240381312059,-1,1
1638,"[0, 0, 1, 1, 3, 0, 1, 4, 0, 0, 0, 0, 0, 0, 2, 0, 2, 0, 1, 0, 0, 2, 0, 0, 1, 0, 1, 0, 0, 2, 0, 0, 0, 0, 0, 0, 0, 0, 2, 2, 2, 2, 0, 1, 0, 2, 2, 1, 2, 0, 2, 1, 1, 1, 1, 0, 0, 0, 0, 0, 0, 1, 1, 4, 4, 1, 3, 1, 1, 4, 0, 2, 5, 4, 2, 5, 1, 6, 2, 0, 335, 0, 0, 0, 0, 0, 0]",-1,-0.0017542177050422513,-1,1
1639,"[0, 0, 1, 1, 3, 0, 1, 6, 0, 0, 0, 0, 0, 0, 2, 0, 2, 0, 1, 0, 0, 2, 0, 0, 1, 0, 1, 0, 0, 2, 0, 0, 0, 0, 0, 0, 0, 0, 2, 2, 2, 2, 0, 1, 0, 2, 2, 1, 2, 0, 2, 1, 1, 1, 1, 0, 0, 0, 0, 0, 0, 1, 1, 4, 4, 1, 3, 1, 1, 4, 0, 2, 5, 4, 2, 5, 1, 6, 2, 0, 336, 0, 0, 0, 0, 0, 0]",4,17.828223611263393,-1,1
1640,"[0, 0, 1, 1, 3, 0, 1, 6, 0, 0, 0, 0, 0, 0, 2, 0, 2, 0, 1, 0, 0, 2, 0, 0, 1, 0, 1, 0, 0, 2, 0, 0, 0, 0, 0, 0, 0, 0, 2, 2, 2, 2, 0, 1, 0, 2, 2, 1, 2, 0, 2, 1, 1, 1, 1, 0, 0, 0, 0, 0, 0, 1, 1, 4, 4, 1, 3, 1, 1, 4, 0, 2, 5, 4, 2, 5, 1, 6, 2, 0, 336, 0, 1, 0, 0, 0, 0]",2,0.40086414670398235,-1,0
1641,"[0, 0, 1, 1, 3, 0, 1, 6, 0, 0, 0, 0, 0, 0, 2, 0, 2, 0, 1, 0, 0, 2, 0, 0, 1, 0, 1, 0, 0, 2, 0, 0, 0, 0, 0, 0, 0, 0, 2, 2, 2, 2, 0, 1, 0, 2, 2, 1, 2, 0, 2, 1, 1, 1, 1, 0, 0, 0, 0, 0, 0, 1, 1, 4, 4, 1, 3, 1, 1, 4, 0, 2, 5, 4, 2, 5, 1, 6, 2, 0, 336, 0, 1, 0, 0, 1, 0]","[[0 0 0 1]
 [1 0 0 0]]",0.6512890117620733,-1,0
1642,"[0, 0, 1, 1, 3, 0, 1, 6, 0, 0, 0, 0, 0, 0, 2, 0, 2, 0, 1, 0, 0, 2, 0, 0, 1, 0, 1, 0, 0, 2, 0, 0, 0, 0, 0, 0, 0, 0, 2, 2, 2, 2, 0, 1, 0, 2, 2, 1, 2, 0, 2, 1, 1, 1, 1, 0, 0, 0, 0, 0, 0, 1, 1, 4, 4, 1, 3, 1, 1, 4, 0, 2, 5, 4, 2, 5, 1, 6, 2, 0, 336, 0, 0, 0, 0, 0, 0]",1,-20.983745544122545,-1,1
1643,"[0, 0, 1, 1, 1, 0, 1, 3, 0, 0, 0, 0, 0, 0, 2, 0, 2, 0, 1, 0, 0, 2, 0, 0, 1, 0, 1, 0, 0, 2, 0, 0, 0, 0, 0, 0, 0, 0, 2, 2, 2, 2, 0, 1, 0, 2, 2, 1, 2, 0, 2, 1, 1, 1, 1, 0, 0, 0, 0, 0, 0, 1, 1, 4, 4, 1, 3, 1, 1, 4, 0, 2, 5, 4, 2, 5, 1, 6, 2, 1, 337, 0, 0, 0, 0, 0, 0]",4,16.64376710090097,-1,0
1644,"[0, 0, 1, 1, 1, 0, 1, 3, 0, 0, 0, 0, 0, 0, 2, 0, 2, 0, 1, 0, 0, 2, 0, 0, 1, 0, 1, 0, 0, 2, 0, 0, 0, 0, 0, 0, 0, 0, 2, 2, 2, 2, 0, 1, 0, 2, 2, 1, 2, 0, 2, 1, 1, 1, 1, 0, 0, 0, 0, 0, 0, 1, 1, 4, 4, 1, 3, 1, 1, 4, 0, 2, 5, 4, 2, 5, 1, 6, 2, 1, 337, 0, 0, 0, 0, 0, 0]",-1,-0.0017194818671736356,-1,1
1645,"[0, 0, 1, 1, 3, 0, 1, 3, 0, 0, 0, 0, 0, 0, 2, 0, 2, 0, 1, 0, 0, 2, 0, 0, 1, 0, 1, 0, 0, 2, 0, 0, 0, 0, 0, 0, 0, 0, 2, 2, 2, 2, 0, 1, 0, 2, 2, 1, 2, 0, 2, 1, 1, 1, 1, 0, 0, 0, 0, 0, 0, 1, 1, 4, 4, 1, 3, 1, 1, 4, 0, 2, 5, 4, 2, 5, 1, 6, 2, 1, 338, 0, 0, 0, 0, 0, 0]",4,16.643700108057917,-1,0
1646,"[0, 0, 1, 1, 3, 0, 1, 3, 0, 0, 0, 0, 0, 0, 2, 0, 2, 0, 1, 0, 0, 2, 0, 0, 1, 0, 1, 0, 0, 2, 0, 0, 0, 0, 0, 0, 0, 0, 2, 2, 2, 2, 0, 1, 0, 2, 2, 1, 2, 0, 2, 1, 1, 1, 1, 0, 0, 0, 0, 0, 0, 1, 1, 4, 4, 1, 3, 1, 1, 4, 0, 2, 5, 4, 2, 5, 1, 6, 2, 1, 338, 0, 0, 0, 0, 0, 0]",-1,-0.0017023727367299674,-1,1
1647,"[0, 0, 3, 1, 3, 0, 2, 3, 0, 0, 0, 0, 0, 0, 2, 0, 2, 0, 1, 0, 0, 2, 0, 0, 1, 0, 1, 0, 0, 2, 0, 0, 0, 0, 0, 0, 0, 0, 2, 2, 2, 2, 0, 1, 0, 2, 2, 1, 2, 0, 2, 1, 1, 1, 1, 0, 0, 0, 0, 0, 0, 1, 1, 4, 4, 1, 3, 1, 1, 4, 0, 2, 5, 4, 2, 5, 1, 6, 2, 1, 339, 0, 0, 0, 0, 0, 0]",4,18.1357616577796,-1,1
1648,"[0, 0, 5, 1, 3, 0, 3, 3, 0, 0, 0, 0, 0, 0, 2, 0, 2, 0, 1, 0, 0, 2, 0, 0, 1, 0, 1, 0, 0, 2, 0, 0, 0, 0, 0, 0, 0, 0, 2, 2, 2, 2, 0, 1, 0, 2, 2, 1, 2, 0, 2, 1, 1, 1, 1, 0, 0, 0, 0, 0, 0, 1, 1, 4, 4, 1, 3, 1, 1, 4, 0, 2, 5, 4, 2, 5, 1, 6, 2, 1, 340, 0, 0, 0, 0, 0, 0]",4,16.0596734609667,-1,0
1649,"[0, 0, 5, 1, 3, 0, 3, 3, 0, 0, 0, 0, 0, 0, 2, 0, 2, 0, 1, 0, 0, 2, 0, 0, 1, 0, 1, 0, 0, 2, 0, 0, 0, 0, 0, 0, 0, 0, 2, 2, 2, 2, 0, 1, 0, 2, 2, 1, 2, 0, 2, 1, 1, 1, 1, 0, 0, 0, 0, 0, 0, 1, 1, 4, 4, 1, 3, 1, 1, 4, 0, 2, 5, 4, 2, 5, 1, 6, 2, 1, 340, 0, 0, 0, 0, 0, 0]",-1,-0.0016686634980163041,-1,1
1650,"[1, 1, 5, 1, 4, 1, 3, 3, 0, 0, 0, 0, 0, 0, 2, 0, 2, 0, 1, 0, 0, 2, 0, 0, 1, 0, 1, 0, 0, 2, 0, 0, 0, 0, 0, 0, 0, 0, 2, 2, 2, 2, 0, 1, 0, 2, 2, 1, 2, 0, 2, 1, 1, 1, 1, 0, 0, 0, 0, 0, 0, 1, 1, 4, 4, 1, 3, 1, 1, 4, 0, 2, 5, 4, 2, 5, 1, 6, 2, 1, 341, 0, 0, 0, 0, 0, 0]",4,18.291907222322944,-1,1
1651,"[1, 1, 5, 1, 4, 1, 3, 3, 0, 0, 0, 0, 0, 0, 2, 0, 2, 0, 1, 0, 0, 2, 0, 0, 1, 0, 1, 0, 0, 2, 0, 0, 0, 0, 0, 0, 0, 0, 2, 2, 2, 2, 0, 1, 0, 2, 2, 1, 2, 0, 2, 1, 1, 1, 1, 0, 0, 0, 0, 0, 0, 1, 1, 4, 4, 1, 3, 1, 1, 4, 0, 2, 5, 4, 2, 5, 1, 6, 2, 1, 341, 0, 0, 0, 0, 0, 0]",0,0.1841138482978056,-1,0
1652,"[1, 1, 5, 1, 4, 1, 3, 3, 0, 0, 0, 0, 0, 0, 2, 0, 2, 0, 1, 0, 0, 2, 0, 0, 1, 0, 1, 0, 0, 2, 0, 0, 0, 0, 0, 0, 0, 0, 2, 2, 2, 2, 0, 1, 0, 2, 2, 1, 2, 0, 2, 1, 1, 1, 1, 0, 0, 0, 0, 0, 0, 1, 1, 4, 4, 1, 3, 1, 1, 4, 0, 2, 5, 4, 2, 5, 1, 6, 2, 1, 341, 0, 0, 0, 0, 0, 0]",-1,-0.0016520600187943466,-1,0
1653,"[1, 1, 5, 1, 4, 1, 3, 3, 0, 0, 0, 0, 0, 0, 2, 0, 2, 0, 1, 0, 0, 2, 0, 0, 1, 0, 1, 0, 0, 2, 0, 0, 0, 0, 0, 0, 0, 0, 2, 2, 2, 2, 0, 1, 0, 2, 2, 1, 2, 0, 2, 1, 1, 1, 1, 0, 0, 0, 0, 0, 0, 1, 1, 4, 4, 1, 3, 1, 1, 4, 0, 2, 5, 4, 2, 5, 1, 6, 2, 1, 341, 1, 0, 0, 0, 0, 0]",3,0.2007080580441893,-1,0
1654,"[1, 1, 3, 2, 4, 1, 3, 3, 0, 0, 0, 0, 0, 0, 2, 0, 2, 0, 1, 0, 0, 2, 0, 0, 1, 0, 1, 0, 0, 2, 0, 0, 0, 0, 0, 0, 0, 0, 2, 2, 2, 2, 0, 1, 0, 2, 2, 1, 2, 0, 2, 1, 1, 1, 1, 0, 0, 0, 0, 0, 0, 1, 1, 4, 4, 1, 3, 1, 1, 4, 0, 2, 5, 4, 2, 5, 1, 6, 2, 1, 341, 0, 0, 0, 0, 0, 0]","[[0 0 2 0]
 [0 0 0 1]]",-0.19783426004476964,-1,0
1655,"[1, 1, 3, 2, 4, 1, 3, 3, 0, 0, 0, 0, 0, 0, 2, 0, 2, 0, 1, 0, 0, 2, 0, 0, 1, 0, 1, 0, 0, 2, 0, 0, 0, 0, 0, 0, 0, 0, 2, 2, 2, 2, 0, 1, 0, 2, 2, 1, 2, 0, 2, 1, 1, 1, 1, 0, 0, 0, 0, 0, 0, 1, 1, 4, 4, 1, 3, 1, 1, 4, 0, 2, 5, 4, 2, 5, 1, 6, 2, 1, 341, 0, 0, 0, 0, 0, 0]",1,0.43549601664336346,-1,0
1656,"[1, 1, 3, 2, 4, 1, 3, 3, 0, 0, 0, 0, 0, 0, 2, 0, 2, 0, 1, 0, 0, 2, 0, 0, 1, 0, 1, 0, 0, 2, 0, 0, 0, 0, 0, 0, 0, 0, 2, 2, 2, 2, 0, 1, 0, 2, 2, 1, 2, 0, 2, 1, 1, 1, 1, 0, 0, 0, 0, 0, 0, 1, 1, 4, 4, 1, 3, 1, 1, 4, 0, 2, 5, 4, 2, 5, 1, 6, 2, 1, 341, 0, 0, 0, 0, 0, 0]",-1,-0.0016520600187943466,-1,0
1657,"[1, 1, 3, 2, 4, 1, 3, 3, 0, 0, 0, 0, 0, 0, 2, 0, 2, 0, 1, 0, 0, 2, 0, 0, 1, 0, 1, 0, 0, 2, 0, 0, 0, 0, 0, 0, 0, 0, 2, 2, 2, 2, 0, 1, 0, 2, 2, 1, 2, 0, 2, 1, 1, 1, 1, 0, 0, 0, 0, 0, 0, 1, 1, 4, 4, 1, 3, 1, 1, 4, 0, 2, 5, 4, 2, 5, 1, 6, 2, 1, 341, 0, 1, 0, 0, 0, 0]",2,0.4007080580441893,-1,0
1658,"[1, 1, 3, 2, 4, 1, 3, 3, 0, 0, 0, 0, 0, 0, 2, 0, 2, 0, 1, 0, 0, 2, 0, 0, 1, 0, 1, 0, 0, 2, 0, 0, 0, 0, 0, 0, 0, 0, 2, 2, 2, 2, 0, 1, 0, 2, 2, 1, 2, 0, 2, 1, 1, 1, 1, 0, 0, 0, 0, 0, 0, 1, 1, 4, 4, 1, 3, 1, 1, 4, 0, 2, 5, 4, 2, 5, 1, 6, 2, 1, 341, 0, 0, 0, 0, 0, 0]",-1,-0.0016520600187943466,-1,0
1659,"[1, 1, 3, 2, 4, 1, 3, 3, 0, 0, 0, 0, 0, 0, 2, 0, 2, 0, 1, 0, 0, 2, 0, 0, 1, 0, 1, 0, 0, 2, 0, 0, 0, 0, 0, 0, 0, 0, 2, 2, 2, 2, 0, 1, 0, 2, 2, 1, 2, 0, 2, 1, 1, 1, 1, 0, 0, 0, 0, 0, 0, 1, 1, 4, 4, 1, 3, 1, 1, 4, 0, 2, 5, 4, 2, 5, 1, 6, 2, 1, 341, 0, 1, 0, 0, 0, 0]",2,0.4007080580441893,-1,0
1660,"[1, 1, 3, 2, 4, 1, 3, 3, 0, 0, 0, 0, 0, 0, 2, 0, 2, 0, 1, 0, 0, 2, 0, 0, 1, 0, 1, 0, 0, 2, 0, 0, 0, 0, 0, 0, 0, 0, 2, 2, 2, 2, 0, 1, 0, 2, 2, 1, 2, 0, 2, 1, 1, 1, 1, 0, 0, 0, 0, 0, 0, 1, 1, 4, 4, 1, 3, 1, 1, 4, 0, 2, 5, 4, 2, 5, 1, 6, 2, 1, 341, 0, 1, 0, 0, 1, 0]","[[0 0 1 0]
 [0 1 0 0]]",0.6511329231022802,-1,0
1661,"[1, 1, 3, 2, 4, 1, 3, 3, 0, 0, 0, 0, 0, 0, 2, 0, 2, 0, 1, 0, 0, 2, 0, 0, 1, 0, 1, 0, 0, 2, 0, 0, 0, 0, 0, 0, 0, 0, 2, 2, 2, 2, 0, 1, 0, 2, 2, 1, 2, 0, 2, 1, 1, 1, 1, 0, 0, 0, 0, 0, 0, 1, 1, 4, 4, 1, 3, 1, 1, 4, 0, 2, 5, 4, 2, 5, 1, 6, 2, 1, 341, 0, 1, 0, 0, 0, 1]",2,-0.1992919419558107,-1,1
1662,"[1, 1, 3, 2, 4, 1, 3, 3, 0, 0, 0, 0, 0, 0, 2, 0, 2, 0, 1, 0, 0, 2, 0, 0, 1, 0, 1, 0, 0, 2, 0, 0, 0, 0, 0, 0, 0, 0, 2, 2, 2, 2, 0, 1, 0, 2, 2, 1, 2, 0, 2, 1, 1, 1, 1, 0, 0, 0, 0, 0, 0, 1, 1, 4, 4, 1, 3, 1, 1, 4, 0, 2, 5, 4, 2, 5, 1, 6, 2, 1, 341, 0, 0, 0, 0, 0, 0]",-1,-0.0016520600187943466,-1,1
1663,"[1, 1, 3, 2, 4, 1, 3, 3, 0, 0, 0, 0, 0, 0, 2, 0, 2, 0, 1, 0, 0, 2, 0, 0, 1, 0, 1, 0, 0, 2, 0, 0, 0, 0, 0, 0, 0, 0, 2, 2, 2, 2, 0, 1, 0, 2, 2, 1, 2, 0, 2, 1, 1, 1, 1, 0, 0, 0, 0, 0, 0, 1, 1, 4, 4, 1, 3, 1, 1, 4, 0, 2, 5, 4, 2, 5, 1, 6, 2, 1, 341, 0, 0, 0, 0, 0, 0]",1,0.43549601664336346,-1,0
1664,"[1, 1, 3, 2, 4, 1, 3, 3, 0, 0, 0, 0, 0, 0, 2, 0, 2, 0, 1, 0, 0, 2, 0, 0, 1, 0, 1, 0, 0, 2, 0, 0, 0, 0, 0, 0, 0, 0, 2, 2, 2, 2, 0, 1, 0, 2, 2, 1, 2, 0, 2, 1, 1, 1, 1, 0, 0, 0, 0, 0, 0, 1, 1, 4, 4, 1, 3, 1, 1, 4, 0, 2, 5, 4, 2, 5, 1, 6, 2, 1, 341, 0, 0, 0, 0, 0, 0]",-1,-0.0016520600187943466,-1,0
1665,"[1, 1, 3, 2, 4, 1, 3, 3, 0, 0, 0, 0, 0, 0, 2, 0, 2, 0, 1, 0, 0, 2, 0, 0, 1, 0, 1, 0, 0, 2, 0, 0, 0, 0, 0, 0, 0, 0, 2, 2, 2, 2, 0, 1, 0, 2, 2, 1, 2, 0, 2, 1, 1, 1, 1, 0, 0, 0, 0, 0, 0, 1, 1, 4, 4, 1, 3, 1, 1, 4, 0, 2, 5, 4, 2, 5, 1, 6, 2, 1, 341, 0, 0, 0, 0, 0, 0]",0,0.1841138482978056,-1,0
1666,"[1, 1, 3, 2, 4, 1, 3, 3, 0, 0, 0, 0, 0, 0, 2, 0, 2, 0, 1, 0, 0, 2, 0, 0, 1, 0, 1, 0, 0, 2, 0, 0, 0, 0, 0, 0, 0, 0, 2, 2, 2, 2, 0, 1, 0, 2, 2, 1, 2, 0, 2, 1, 1, 1, 1, 0, 0, 0, 0, 0, 0, 1, 1, 4, 4, 1, 3, 1, 1, 4, 0, 2, 5, 4, 2, 5, 1, 6, 2, 1, 341, 0, 0, 0, 0, 0, 0]",-1,-0.0016520600187943466,-1,0
1667,"[1, 1, 3, 2, 4, 1, 3, 3, 0, 0, 0, 0, 0, 0, 2, 0, 2, 0, 1, 0, 0, 2, 0, 0, 1, 0, 1, 0, 0, 2, 0, 0, 0, 0, 0, 0, 0, 0, 2, 2, 2, 2, 0, 1, 0, 2, 2, 1, 2, 0, 2, 1, 1, 1, 1, 0, 0, 0, 0, 0, 0, 1, 1, 4, 4, 1, 3, 1, 1, 4, 0, 2, 5, 4, 2, 5, 1, 6, 2, 1, 341, 1, 0, 0, 0, 0, 0]",3,0.2007080580441893,-1,0
1668,"[1, 1, 4, 0, 4, 1, 3, 3, 0, 0, 0, 0, 0, 0, 2, 0, 2, 0, 1, 0, 0, 2, 0, 0, 1, 0, 1, 0, 0, 2, 0, 0, 0, 0, 0, 0, 0, 0, 2, 2, 2, 2, 0, 1, 0, 2, 2, 1, 2, 0, 2, 1, 1, 1, 1, 0, 0, 0, 0, 0, 0, 1, 1, 4, 4, 1, 3, 1, 1, 4, 0, 2, 5, 4, 2, 5, 1, 6, 2, 1, 341, 0, 0, 0, 0, 0, 0]","[[0 0 0 2]
 [0 0 1 0]]",-0.19783426004476964,-1,0
1669,"[1, 1, 4, 0, 4, 1, 3, 3, 0, 0, 0, 0, 0, 0, 2, 0, 2, 0, 1, 0, 0, 2, 0, 0, 1, 0, 1, 0, 0, 2, 0, 0, 0, 0, 0, 0, 0, 0, 2, 2, 2, 2, 0, 1, 0, 2, 2, 1, 2, 0, 2, 1, 1, 1, 1, 0, 0, 0, 0, 0, 0, 1, 1, 4, 4, 1, 3, 1, 1, 4, 0, 2, 5, 4, 2, 5, 1, 6, 2, 1, 341, 1, 0, 0, 0, 0, 0]",3,0.2007080580441893,-1,0
1670,"[1, 1, 2, 1, 4, 1, 3, 3, 0, 0, 0, 0, 0, 0, 2, 0, 2, 0, 1, 0, 0, 2, 0, 0, 1, 0, 1, 0, 0, 2, 0, 0, 0, 0, 0, 0, 0, 0, 2, 2, 2, 2, 0, 1, 0, 2, 2, 1, 2, 0, 2, 1, 1, 1, 1, 0, 0, 0, 0, 0, 0, 1, 1, 4, 4, 1, 3, 1, 1, 4, 0, 2, 5, 4, 2, 5, 1, 6, 2, 1, 341, 0, 0, 0, 0, 0, 0]","[[0 0 2 0]
 [0 0 0 1]]",-0.19783426004476964,-1,0
1671,"[1, 1, 2, 1, 4, 1, 3, 3, 0, 0, 0, 0, 0, 0, 2, 0, 2, 0, 1, 0, 0, 2, 0, 0, 1, 0, 1, 0, 0, 2, 0, 0, 0, 0, 0, 0, 0, 0, 2, 2, 2, 2, 0, 1, 0, 2, 2, 1, 2, 0, 2, 1, 1, 1, 1, 0, 0, 0, 0, 0, 0, 1, 1, 4, 4, 1, 3, 1, 1, 4, 0, 2, 5, 4, 2, 5, 1, 6, 2, 1, 341, 0, 0, 0, 0, 0, 0]",0,0.1841138482978056,-1,0
1672,"[1, 1, 2, 1, 4, 1, 3, 3, 0, 0, 0, 0, 0, 0, 2, 0, 2, 0, 1, 0, 0, 2, 0, 0, 1, 0, 1, 0, 0, 2, 0, 0, 0, 0, 0, 0, 0, 0, 2, 2, 2, 2, 0, 1, 0, 2, 2, 1, 2, 0, 2, 1, 1, 1, 1, 0, 0, 0, 0, 0, 0, 1, 1, 4, 4, 1, 3, 1, 1, 4, 0, 2, 5, 4, 2, 5, 1, 6, 2, 1, 341, 0, 0, 0, 0, 0, 0]",-1,-0.0016520600187943466,-1,0
1673,"[1, 1, 2, 1, 4, 1, 3, 3, 0, 0, 0, 0, 0, 0, 2, 0, 2, 0, 1, 0, 0, 2, 0, 0, 1, 0, 1, 0, 0, 2, 0, 0, 0, 0, 0, 0, 0, 0, 2, 2, 2, 2, 0, 1, 0, 2, 2, 1, 2, 0, 2, 1, 1, 1, 1, 0, 0, 0, 0, 0, 0, 1, 1, 4, 4, 1, 3, 1, 1, 4, 0, 2, 5, 4, 2, 5, 1, 6, 2, 1, 341, 0, 0, 0, 0, 0, 0]",0,0.1841138482978056,-1,0
1674,"[1, 1, 2, 1, 4, 1, 3, 3, 0, 0, 0, 0, 0, 0, 2, 0, 2, 0, 1, 0, 0, 2, 0, 0, 1, 0, 1, 0, 0, 2, 0, 0, 0, 0, 0, 0, 0, 0, 2, 2, 2, 2, 0, 1, 0, 2, 2, 1, 2, 0, 2, 1, 1, 1, 1, 0, 0, 0, 0, 0, 0, 1, 1, 4, 4, 1, 3, 1, 1, 4, 0, 2, 5, 4, 2, 5, 1, 6, 2, 1, 341, 0, 0, 0, 0, 0, 0]",-1,-0.0016520600187943466,-1,0
1675,"[1, 1, 2, 1, 4, 1, 3, 3, 0, 0, 0, 0, 0, 0, 2, 0, 2, 0, 1, 0, 0, 2, 0, 0, 1, 0, 1, 0, 0, 2, 0, 0, 0, 0, 0, 0, 0, 0, 2, 2, 2, 2, 0, 1, 0, 2, 2, 1, 2, 0, 2, 1, 1, 1, 1, 0, 0, 0, 0, 0, 0, 1, 1, 4, 4, 1, 3, 1, 1, 4, 0, 2, 5, 4, 2, 5, 1, 6, 2, 1, 341, 0, 0, 0, 0, 0, 0]",1,0.43549601664336346,-1,0
1676,"[1, 1, 2, 1, 4, 1, 3, 3, 0, 0, 0, 0, 0, 0, 2, 0, 2, 0, 1, 0, 0, 2, 0, 0, 1, 0, 1, 0, 0, 2, 0, 0, 0, 0, 0, 0, 0, 0, 2, 2, 2, 2, 0, 1, 0, 2, 2, 1, 2, 0, 2, 1, 1, 1, 1, 0, 0, 0, 0, 0, 0, 1, 1, 4, 4, 1, 3, 1, 1, 4, 0, 2, 5, 4, 2, 5, 1, 6, 2, 1, 341, 0, 0, 0, 0, 0, 0]",-1,-0.0016520600187943466,-1,0
1677,"[1, 1, 2, 1, 4, 1, 3, 3, 0, 0, 0, 0, 0, 0, 2, 0, 2, 0, 1, 0, 0, 2, 0, 0, 1, 0, 1, 0, 0, 2, 0, 0, 0, 0, 0, 0, 0, 0, 2, 2, 2, 2, 0, 1, 0, 2, 2, 1, 2, 0, 2, 1, 1, 1, 1, 0, 0, 0, 0, 0, 0, 1, 1, 4, 4, 1, 3, 1, 1, 4, 0, 2, 5, 4, 2, 5, 1, 6, 2, 1, 342, 0, 0, 0, 0, 0, 0]",4,17.03058372832351,-1,0
1678,"[1, 1, 2, 1, 4, 1, 3, 3, 0, 0, 0, 0, 0, 0, 2, 0, 2, 0, 1, 0, 0, 2, 0, 0, 1, 0, 1, 0, 0, 2, 0, 0, 0, 0, 0, 0, 0, 0, 2, 2, 2, 2, 0, 1, 0, 2, 2, 1, 2, 0, 2, 1, 1, 1, 1, 0, 0, 0, 0, 0, 0, 1, 1, 4, 4, 1, 3, 1, 1, 4, 0, 2, 5, 4, 2, 5, 1, 6, 2, 1, 343, 0, 0, 0, 0, 0, 0]",4,18.291786878688953,-1,1
1679,"[1, 1, 2, 1, 4, 1, 3, 3, 0, 0, 0, 0, 0, 0, 2, 0, 2, 0, 1, 0, 0, 2, 0, 0, 1, 0, 1, 0, 0, 2, 0, 0, 0, 0, 0, 0, 0, 0, 2, 2, 2, 2, 0, 1, 0, 2, 2, 1, 2, 0, 2, 1, 1, 1, 1, 0, 0, 0, 0, 0, 0, 1, 1, 4, 4, 1, 3, 1, 1, 4, 0, 2, 5, 4, 2, 5, 1, 6, 2, 1, 344, 0, 0, 0, 0, 0, 0]",4,17.030466155879594,-1,0
1680,"[2, 2, 2, 1, 5, 2, 3, 3, 0, 0, 0, 0, 0, 0, 2, 0, 2, 0, 1, 0, 0, 2, 0, 0, 1, 0, 1, 0, 0, 2, 0, 0, 0, 0, 0, 0, 0, 0, 2, 2, 2, 2, 0, 1, 0, 2, 2, 1, 2, 0, 2, 1, 1, 1, 1, 0, 0, 0, 0, 0, 0, 1, 1, 4, 4, 1, 3, 1, 1, 4, 0, 2, 5, 4, 2, 5, 1, 6, 2, 1, 345, 0, 0, 0, 0, 0, 0]",4,18.32591314338949,-1,1
1681,"[2, 2, 2, 1, 5, 2, 3, 3, 0, 0, 0, 0, 0, 0, 2, 0, 2, 0, 1, 0, 0, 2, 0, 0, 1, 0, 1, 0, 0, 2, 0, 0, 0, 0, 0, 0, 0, 0, 2, 2, 2, 2, 0, 1, 0, 2, 2, 1, 2, 0, 2, 1, 1, 1, 1, 0, 0, 0, 0, 0, 0, 1, 1, 4, 4, 1, 3, 1, 1, 4, 0, 2, 5, 4, 2, 5, 1, 6, 2, 1, 345, 0, 0, 0, 0, 0, 0]",1,0.43539164186411583,-1,0
1682,"[2, 2, 2, 1, 5, 2, 3, 3, 0, 0, 0, 0, 0, 0, 2, 0, 2, 0, 1, 0, 0, 2, 0, 0, 1, 0, 1, 0, 0, 2, 0, 0, 0, 0, 0, 0, 0, 0, 2, 2, 2, 2, 0, 1, 0, 2, 2, 1, 2, 0, 2, 1, 1, 1, 1, 0, 0, 0, 0, 0, 0, 1, 1, 4, 4, 1, 3, 1, 1, 4, 0, 2, 5, 4, 2, 5, 1, 6, 2, 1, 345, 0, 0, 0, 0, 0, 0]",-1,-0.001587281818903397,-1,0
1683,"[2, 2, 2, 1, 5, 2, 3, 3, 0, 0, 0, 0, 0, 0, 2, 0, 2, 0, 1, 0, 0, 2, 0, 0, 1, 0, 1, 0, 0, 2, 0, 0, 0, 0, 0, 0, 0, 0, 2, 2, 2, 2, 0, 1, 0, 2, 2, 1, 2, 0, 2, 1, 1, 1, 1, 0, 0, 0, 0, 0, 0, 1, 1, 4, 4, 1, 3, 1, 1, 4, 0, 2, 5, 4, 2, 5, 1, 6, 2, 1, 345, 0, 1, 0, 0, 0, 0]",2,0.40060368326494167,-1,0
1684,"[2, 2, 2, 1, 5, 2, 3, 3, 0, 0, 0, 0, 0, 0, 2, 0, 2, 0, 1, 0, 0, 2, 0, 0, 1, 0, 1, 0, 0, 2, 0, 0, 0, 0, 0, 0, 0, 0, 2, 2, 2, 2, 0, 1, 0, 2, 2, 1, 2, 0, 2, 1, 1, 1, 1, 0, 0, 0, 0, 0, 0, 1, 1, 4, 4, 1, 3, 1, 1, 4, 0, 2, 5, 4, 2, 5, 1, 6, 2, 1, 345, 0, 1, 0, 0, 1, 0]","[[1 0 0 0]
 [0 0 0 1]]",0.6510285483230326,-1,0
1685,"[1, 2, 2, 2, 6, 2, 3, 2, 0, 0, 0, 0, 0, 0, 2, 0, 2, 0, 1, 0, 0, 2, 0, 0, 1, 0, 1, 0, 0, 2, 0, 0, 0, 0, 0, 0, 0, 0, 2, 2, 2, 2, 0, 1, 0, 2, 2, 1, 2, 0, 2, 1, 1, 1, 1, 0, 0, 0, 0, 0, 0, 1, 1, 4, 4, 1, 3, 1, 1, 4, 0, 2, 5, 4, 2, 5, 1, 6, 2, 1, 345, 0, 0, 0, 0, 0, 0]",0,-0.19939631673505834,-1,1
1686,"[1, 2, 2, 2, 6, 2, 3, 2, 0, 0, 0, 0, 0, 0, 2, 0, 2, 0, 1, 0, 0, 2, 0, 0, 1, 0, 1, 0, 0, 2, 0, 0, 0, 0, 0, 0, 0, 0, 2, 2, 2, 2, 0, 1, 0, 2, 2, 1, 2, 0, 2, 1, 1, 1, 1, 0, 0, 0, 0, 0, 0, 1, 1, 4, 4, 1, 3, 1, 1, 4, 0, 2, 5, 4, 2, 5, 1, 6, 2, 1, 345, 1, 0, 0, 0, 0, 0]",3,0.20060368326494168,-1,0
1687,"[1, 2, 0, 3, 6, 2, 3, 2, 0, 0, 0, 0, 0, 0, 2, 0, 2, 0, 1, 0, 0, 2, 0, 0, 1, 0, 1, 0, 0, 2, 0, 0, 0, 0, 0, 0, 0, 0, 2, 2, 2, 2, 0, 1, 0, 2, 2, 1, 2, 0, 2, 1, 1, 1, 1, 0, 0, 0, 0, 0, 0, 1, 1, 4, 4, 1, 3, 1, 1, 4, 0, 2, 5, 4, 2, 5, 1, 6, 2, 1, 345, 0, 0, 0, 0, 0, 0]","[[0 0 2 0]
 [0 0 0 1]]",-0.19793863482401727,-1,0
1688,"[1, 2, 0, 3, 6, 2, 3, 2, 0, 0, 0, 0, 0, 0, 2, 0, 2, 0, 1, 0, 0, 2, 0, 0, 1, 0, 1, 0, 0, 2, 0, 0, 0, 0, 0, 0, 0, 0, 2, 2, 2, 2, 0, 1, 0, 2, 2, 1, 2, 0, 2, 1, 1, 1, 1, 0, 0, 0, 0, 0, 0, 1, 1, 4, 4, 1, 3, 1, 1, 4, 0, 2, 5, 4, 2, 5, 1, 6, 2, 1, 345, 0, 0, 0, 0, 0, 0]",0,0.18400947351855798,-1,0
1689,"[1, 2, 0, 3, 6, 2, 3, 2, 0, 0, 0, 0, 0, 0, 2, 0, 2, 0, 1, 0, 0, 2, 0, 0, 1, 0, 1, 0, 0, 2, 0, 0, 0, 0, 0, 0, 0, 0, 2, 2, 2, 2, 0, 1, 0, 2, 2, 1, 2, 0, 2, 1, 1, 1, 1, 0, 0, 0, 0, 0, 0, 1, 1, 4, 4, 1, 3, 1, 1, 4, 0, 2, 5, 4, 2, 5, 1, 6, 2, 1, 345, 0, 0, 0, 0, 0, 0]",-1,-0.001587281818903397,-1,0
1690,"[1, 2, 0, 3, 6, 2, 3, 2, 0, 0, 0, 0, 0, 0, 2, 0, 2, 0, 1, 0, 0, 2, 0, 0, 1, 0, 1, 0, 0, 2, 0, 0, 0, 0, 0, 0, 0, 0, 2, 2, 2, 2, 0, 1, 0, 2, 2, 1, 2, 0, 2, 1, 1, 1, 1, 0, 0, 0, 0, 0, 0, 1, 1, 4, 4, 1, 3, 1, 1, 4, 0, 2, 5, 4, 2, 5, 1, 6, 2, 1, 345, 0, 0, 0, 0, 0, 0]",0,0.18400947351855798,-1,0
1691,"[1, 2, 0, 3, 6, 2, 3, 2, 0, 0, 0, 0, 0, 0, 2, 0, 2, 0, 1, 0, 0, 2, 0, 0, 1, 0, 1, 0, 0, 2, 0, 0, 0, 0, 0, 0, 0, 0, 2, 2, 2, 2, 0, 1, 0, 2, 2, 1, 2, 0, 2, 1, 1, 1, 1, 0, 0, 0, 0, 0, 0, 1, 1, 4, 4, 1, 3, 1, 1, 4, 0, 2, 5, 4, 2, 5, 1, 6, 2, 1, 345, 0, 0, 0, 0, 0, 0]",-1,-0.001587281818903397,-1,0
1692,"[1, 2, 0, 3, 6, 2, 3, 2, 0, 0, 0, 0, 0, 0, 2, 0, 2, 0, 1, 0, 0, 2, 0, 0, 1, 0, 1, 0, 0, 2, 0, 0, 0, 0, 0, 0, 0, 0, 2, 2, 2, 2, 0, 1, 0, 2, 2, 1, 2, 0, 2, 1, 1, 1, 1, 0, 0, 0, 0, 0, 0, 1, 1, 4, 4, 1, 3, 1, 1, 4, 0, 2, 5, 4, 2, 5, 1, 6, 2, 1, 345, 0, 0, 0, 0, 0, 0]",0,0.18400947351855798,-1,0
1693,"[1, 2, 0, 3, 6, 2, 3, 2, 0, 0, 0, 0, 0, 0, 2, 0, 2, 0, 1, 0, 0, 2, 0, 0, 1, 0, 1, 0, 0, 2, 0, 0, 0, 0, 0, 0, 0, 0, 2, 2, 2, 2, 0, 1, 0, 2, 2, 1, 2, 0, 2, 1, 1, 1, 1, 0, 0, 0, 0, 0, 0, 1, 1, 4, 4, 1, 3, 1, 1, 4, 0, 2, 5, 4, 2, 5, 1, 6, 2, 1, 345, 0, 0, 0, 0, 0, 0]",-1,-0.001587281818903397,-1,0
1694,"[1, 2, 0, 3, 6, 2, 3, 2, 0, 0, 0, 0, 0, 0, 2, 0, 2, 0, 1, 0, 0, 2, 0, 0, 1, 0, 1, 0, 0, 2, 0, 0, 0, 0, 0, 0, 0, 0, 2, 2, 2, 2, 0, 1, 0, 2, 2, 1, 2, 0, 2, 1, 1, 1, 1, 0, 0, 0, 0, 0, 0, 1, 1, 4, 4, 1, 3, 1, 1, 4, 0, 2, 5, 4, 2, 5, 1, 6, 2, 1, 346, 0, 0, 0, 0, 0, 0]",4,16.526009113412677,-1,0
1695,"[1, 2, 0, 3, 6, 2, 3, 2, 0, 0, 0, 0, 0, 0, 2, 0, 2, 0, 1, 0, 0, 2, 0, 0, 1, 0, 1, 0, 0, 2, 0, 0, 0, 0, 0, 0, 0, 0, 2, 2, 2, 2, 0, 1, 0, 2, 2, 1, 2, 0, 2, 1, 1, 1, 1, 0, 0, 0, 0, 0, 0, 1, 1, 4, 4, 1, 3, 1, 1, 4, 0, 2, 5, 4, 2, 5, 1, 6, 2, 1, 346, 1, 0, 0, 0, 0, 0]",3,0.20058008116035686,-1,1
1696,"[1, 2, 0, 3, 6, 2, 3, 2, 0, 0, 0, 0, 0, 0, 2, 0, 2, 0, 1, 0, 0, 2, 0, 0, 1, 0, 1, 0, 0, 2, 0, 0, 0, 0, 0, 0, 0, 0, 2, 2, 2, 2, 0, 1, 0, 2, 2, 1, 2, 0, 2, 1, 1, 1, 1, 0, 0, 0, 0, 0, 0, 1, 1, 4, 4, 1, 3, 1, 1, 4, 0, 2, 5, 4, 2, 5, 1, 6, 2, 1, 346, 0, 0, 0, 0, 0, 0]",-1,-0.0015714881009183856,-1,1
1697,"[1, 2, 0, 3, 6, 2, 3, 2, 0, 0, 0, 0, 0, 0, 2, 0, 2, 0, 1, 0, 0, 2, 0, 0, 1, 0, 1, 0, 0, 2, 0, 0, 0, 0, 0, 0, 0, 0, 2, 2, 2, 2, 0, 1, 0, 2, 2, 1, 2, 0, 2, 1, 1, 1, 1, 0, 0, 0, 0, 0, 0, 1, 1, 4, 4, 1, 3, 1, 1, 4, 0, 2, 5, 4, 2, 5, 1, 6, 2, 1, 347, 0, 0, 0, 0, 0, 0]",4,18.11872625179363,-1,1
1698,"[1, 2, 0, 3, 6, 2, 3, 2, 0, 0, 0, 0, 0, 0, 2, 0, 2, 0, 1, 0, 0, 2, 0, 0, 1, 0, 1, 0, 0, 2, 0, 0, 0, 0, 0, 0, 0, 0, 2, 2, 2, 2, 0, 1, 0, 2, 2, 1, 2, 0, 2, 1, 1, 1, 1, 0, 0, 0, 0, 0, 0, 1, 1, 4, 4, 1, 3, 1, 1, 4, 0, 2, 5, 4, 2, 5, 1, 6, 2, 1, 347, 0, 0, 0, 0, 0, 0]",0,0.18396318949742474,-1,0
1699,"[1, 2, 0, 3, 6, 2, 3, 2, 0, 0, 0, 0, 0, 0, 2, 0, 2, 0, 1, 0, 0, 2, 0, 0, 1, 0, 1, 0, 0, 2, 0, 0, 0, 0, 0, 0, 0, 0, 2, 2, 2, 2, 0, 1, 0, 2, 2, 1, 2, 0, 2, 1, 1, 1, 1, 0, 0, 0, 0, 0, 0, 1, 1, 4, 4, 1, 3, 1, 1, 4, 0, 2, 5, 4, 2, 5, 1, 6, 2, 1, 347, 0, 0, 0, 0, 0, 0]",-1,-0.0015558515330530431,-1,0
1700,"[1, 2, 0, 3, 8, 2, 3, 2, 0, 0, 0, 0, 0, 0, 2, 0, 2, 0, 1, 0, 0, 2, 0, 0, 1, 0, 1, 0, 0, 2, 0, 0, 0, 0, 0, 0, 0, 0, 2, 2, 2, 2, 0, 1, 0, 2, 2, 1, 2, 0, 2, 1, 1, 1, 1, 0, 0, 0, 0, 0, 0, 1, 1, 4, 4, 1, 3, 1, 1, 4, 0, 2, 5, 4, 2, 5, 1, 6, 2, 1, 348, 0, 0, 0, 0, 0, 0]",4,16.525901773517862,-1,0
1701,"[1, 2, 0, 3, 8, 2, 3, 2, 0, 0, 0, 0, 0, 0, 2, 0, 2, 0, 1, 0, 0, 2, 0, 0, 1, 0, 1, 0, 0, 2, 0, 0, 0, 0, 0, 0, 0, 0, 2, 2, 2, 2, 0, 1, 0, 2, 2, 1, 2, 0, 2, 1, 1, 1, 1, 0, 0, 0, 0, 0, 0, 1, 1, 4, 4, 1, 3, 1, 1, 4, 0, 2, 5, 4, 2, 5, 1, 6, 2, 1, 348, 0, 0, 0, 0, 0, 0]",1,0.21933946835473583,-1,1
1702,"[1, 2, 0, 3, 7, 1, 2, 1, 0, 0, 0, 0, 2, 0, 2, 0, 2, 0, 1, 0, 0, 2, 0, 0, 1, 0, 1, 0, 0, 2, 0, 0, 0, 0, 0, 0, 0, 0, 2, 2, 2, 2, 0, 1, 0, 2, 2, 1, 2, 0, 2, 1, 1, 1, 1, 0, 0, 0, 0, 0, 0, 1, 1, 4, 5, 1, 3, 1, 1, 4, 0, 2, 5, 4, 2, 5, 1, 6, 2, 1, 348, 0, 0, 0, 0, 0, 0]",4,199.80053560183725,-1,1
1703,"[1, 2, 0, 3, 7, 1, 2, 1, 0, 0, 0, 0, 2, 0, 2, 0, 2, 0, 1, 0, 0, 2, 0, 0, 1, 0, 1, 0, 0, 2, 0, 0, 0, 0, 0, 0, 0, 0, 2, 2, 2, 2, 0, 1, 0, 2, 2, 1, 2, 0, 2, 1, 1, 1, 1, 0, 0, 0, 0, 0, 0, 1, 1, 4, 5, 1, 3, 1, 1, 4, 0, 2, 5, 4, 2, 5, 1, 6, 2, 1, 348, 0, 0, 0, 0, 0, 0]",4,199.80053560183725,2,1
